-0.38800001E+01  0.31110E+04
-0.38300002E+01  0.16090E+04
-0.37800002E+01 -0.26700E+03
-0.37300000E+01 -0.24150E+04
-0.36800001E+01 -0.42090E+04
-0.36300001E+01 -0.48070E+04
-0.35800002E+01 -0.43290E+04
-0.35300002E+01 -0.31420E+04
-0.34800000E+01 -0.91800E+03
-0.34300001E+01  0.12830E+04
-0.33800001E+01  0.29100E+04
-0.33300002E+01  0.46320E+04
-0.32800002E+01  0.62360E+04
-0.32300000E+01  0.81630E+04
-0.31800001E+01  0.10903E+05
-0.31300001E+01  0.14151E+05
-0.30800002E+01  0.17402E+05
-0.30300002E+01  0.19960E+05
-0.29800000E+01  0.21685E+05
-0.29300001E+01  0.22936E+05
-0.28800001E+01  0.23852E+05
-0.28299999E+01  0.24420E+05
-0.27800002E+01  0.24283E+05
-0.27300000E+01  0.24205E+05
-0.26800001E+01  0.24171E+05
-0.26300001E+01  0.23007E+05
-0.25799999E+01  0.21521E+05
-0.25300002E+01  0.19801E+05
-0.24800000E+01  0.17447E+05
-0.24300001E+01  0.14826E+05
-0.23800001E+01  0.12523E+05
-0.23299999E+01  0.99600E+04
-0.22800002E+01  0.58710E+04
-0.22300000E+01  0.39800E+03
-0.21800001E+01 -0.54570E+04
-0.21300001E+01 -0.11124E+05
-0.20799999E+01 -0.16666E+05
-0.20300002E+01 -0.21805E+05
-0.19800001E+01 -0.27238E+05
-0.19300001E+01 -0.32980E+05
-0.18800001E+01 -0.38085E+05
-0.18300002E+01 -0.41735E+05
-0.17800000E+01 -0.43159E+05
-0.17300000E+01 -0.42803E+05
-0.16800001E+01 -0.41478E+05
-0.16300001E+01 -0.39523E+05
-0.15800002E+01 -0.36133E+05
-0.15300000E+01 -0.31118E+05
-0.14800000E+01 -0.25451E+05
-0.14300001E+01 -0.19335E+05
-0.13800001E+01 -0.13378E+05
-0.13300002E+01 -0.78480E+04
-0.12800000E+01 -0.23480E+04
-0.12300000E+01  0.22650E+04
-0.11800001E+01  0.57750E+04
-0.11300001E+01  0.83870E+04
-0.10800002E+01  0.10358E+05
-0.10300000E+01  0.12937E+05
-0.98000002E+00  0.15712E+05
-0.93000007E+00  0.18350E+05
-0.88000011E+00  0.21477E+05
-0.83000016E+00  0.25012E+05
-0.77999997E+00  0.29109E+05
-0.73000002E+00  0.33170E+05
-0.68000007E+00  0.37646E+05
-0.63000011E+00  0.43694E+05
-0.58000016E+00  0.50077E+05
-0.52999997E+00  0.55778E+05
-0.48000002E+00  0.60933E+05
-0.43000007E+00  0.65344E+05
-0.38000011E+00  0.68671E+05
-0.33000016E+00  0.70964E+05
-0.27999997E+00  0.72693E+05
-0.23000002E+00  0.73320E+05
-0.18000007E+00  0.72007E+05
-0.13000011E+00  0.69149E+05
-0.80000162E-01  0.65295E+05
-0.29999971E-01  0.60397E+05
 0.19999981E-01  0.54923E+05
 0.69999933E-01  0.49488E+05
 0.11999989E+00  0.43939E+05
 0.17000008E+00  0.38269E+05
 0.21999979E+00  0.32871E+05
 0.26999998E+00  0.28115E+05
 0.32000017E+00  0.23765E+05
 0.36999989E+00  0.19750E+05
 0.42000008E+00  0.15964E+05
 0.46999979E+00  0.12341E+05
 0.51999998E+00  0.87070E+04
 0.57000017E+00  0.44260E+04
 0.61999989E+00 -0.28200E+03
 0.67000008E+00 -0.58430E+04
 0.71999979E+00 -0.12648E+05
 0.76999998E+00 -0.20421E+05
 0.82000017E+00 -0.28834E+05
 0.86999989E+00 -0.37302E+05
 0.92000008E+00 -0.45496E+05
 0.96999979E+00 -0.52708E+05
 0.10200000E+01 -0.58614E+05
 0.10700002E+01 -0.63125E+05
 0.11199999E+01 -0.66010E+05
 0.11700001E+01 -0.67693E+05
 0.12199998E+01 -0.68199E+05
 0.12700000E+01 -0.66954E+05
 0.13200002E+01 -0.64077E+05
 0.13699999E+01 -0.60756E+05
 0.14200001E+01 -0.57591E+05
 0.14699998E+01 -0.54157E+05
 0.15200000E+01 -0.51145E+05
 0.15700002E+01 -0.49162E+05
 0.16199999E+01 -0.47098E+05
 0.16700001E+01 -0.44087E+05
 0.17199998E+01 -0.40323E+05
 0.17700000E+01 -0.35718E+05
 0.18200002E+01 -0.30240E+05
 0.18699999E+01 -0.24104E+05
 0.19200001E+01 -0.17518E+05
 0.19699998E+01 -0.10273E+05
 0.20200000E+01 -0.18120E+04
 0.20700002E+01  0.68520E+04
 0.21199999E+01  0.15035E+05
 0.21700001E+01  0.23099E+05
 0.22199998E+01  0.30980E+05
 0.22700000E+01  0.38125E+05
 0.23200002E+01  0.43991E+05
 0.23699999E+01  0.48396E+05
 0.24200001E+01  0.51386E+05
 0.24699998E+01  0.53152E+05
 0.25200000E+01  0.53138E+05
 0.25700002E+01  0.51455E+05
 0.26199999E+01  0.48362E+05
 0.26700001E+01  0.43537E+05
 0.27199998E+01  0.37402E+05
 0.27700000E+01  0.30431E+05
 0.28200002E+01  0.22543E+05
 0.28699999E+01  0.13461E+05
 0.29200001E+01  0.35230E+04
 0.29699998E+01 -0.71870E+04
 0.30200000E+01 -0.18340E+05
 0.30700002E+01 -0.28527E+05
 0.31199999E+01 -0.37397E+05
 0.31700001E+01 -0.44762E+05
 0.32199998E+01 -0.49884E+05
 0.32700000E+01 -0.53365E+05
 0.33200002E+01 -0.55558E+05
 0.33699999E+01 -0.55971E+05
 0.34200001E+01 -0.54347E+05
 0.34699998E+01 -0.50552E+05
 0.35200000E+01 -0.44655E+05
 0.35700002E+01 -0.37258E+05
 0.36199999E+01 -0.29823E+05
 0.36700001E+01 -0.22833E+05
 0.37199998E+01 -0.16051E+05
 0.37700000E+01 -0.10154E+05
 0.38200002E+01 -0.56320E+04
 0.38699999E+01 -0.24830E+04
 0.39200001E+01 -0.13040E+04
 0.39699998E+01 -0.16600E+04
 0.40200000E+01 -0.20860E+04
 0.40700002E+01 -0.28940E+04
 0.41199999E+01 -0.50330E+04
 0.41700001E+01 -0.84530E+04
 0.42200003E+01 -0.12098E+05
 0.42700005E+01 -0.15963E+05
 0.43199997E+01 -0.19815E+05
 0.43699999E+01 -0.23185E+05
 0.44200001E+01 -0.27308E+05
 0.44700003E+01 -0.32224E+05
 0.45200005E+01 -0.37495E+05
 0.45699997E+01 -0.42534E+05
 0.46199999E+01 -0.46517E+05
 0.46700001E+01 -0.48800E+05
 0.47200003E+01 -0.49466E+05
 0.47700005E+01 -0.49178E+05
 0.48199997E+01 -0.47888E+05
 0.48699999E+01 -0.45500E+05
 0.49200001E+01 -0.42216E+05
 0.49700003E+01 -0.39037E+05
 0.50200005E+01 -0.35993E+05
 0.50699997E+01 -0.33459E+05
 0.51199999E+01 -0.31614E+05
 0.51700001E+01 -0.29569E+05
 0.52200003E+01 -0.27507E+05
 0.52700005E+01 -0.24991E+05
 0.53199997E+01 -0.22278E+05
 0.53699999E+01 -0.19712E+05
 0.54200001E+01 -0.16805E+05
 0.54700003E+01 -0.13618E+05
 0.55200005E+01 -0.10182E+05
 0.55699997E+01 -0.70530E+04
 0.56199999E+01 -0.43020E+04
 0.56700001E+01 -0.12730E+04
 0.57200003E+01  0.15730E+04
 0.57700005E+01  0.42280E+04
 0.58199997E+01  0.66950E+04
 0.58699999E+01  0.84330E+04
 0.59200001E+01  0.92200E+04
 0.59700003E+01  0.89450E+04
 0.60200005E+01  0.85370E+04
 0.60699997E+01  0.82140E+04
 0.61199999E+01  0.82150E+04
 0.61700001E+01  0.85380E+04
 0.62200003E+01  0.89830E+04
 0.62700005E+01  0.98750E+04
 0.63199997E+01  0.10061E+05
 0.63699999E+01  0.99120E+04
 0.64200001E+01  0.99670E+04
 0.64700003E+01  0.95650E+04
 0.65200005E+01  0.83480E+04
 0.65699997E+01  0.66110E+04
 0.66199999E+01  0.57190E+04
 0.66700001E+01  0.54230E+04
 0.67200003E+01  0.59410E+04
 0.67700005E+01  0.77200E+04
 0.68199997E+01  0.10555E+05
 0.68699999E+01  0.14381E+05
 0.69200001E+01  0.18087E+05
 0.69700003E+01  0.21270E+05
 0.70200005E+01  0.23428E+05
 0.70699997E+01  0.25073E+05
 0.71199999E+01  0.26521E+05
 0.71700001E+01  0.27518E+05
 0.72200003E+01  0.28983E+05
 0.72700005E+01  0.30614E+05
 0.73199997E+01  0.32313E+05
 0.73699999E+01  0.33584E+05
 0.74200001E+01  0.34304E+05
 0.74700003E+01  0.35100E+05
 0.75200005E+01  0.35052E+05
 0.75699997E+01  0.34332E+05
 0.76199999E+01  0.33193E+05
 0.76700001E+01  0.31314E+05
 0.77200003E+01  0.29045E+05
 0.77700005E+01  0.26119E+05
 0.78199997E+01  0.22604E+05
 0.78699999E+01  0.19145E+05
 0.79200001E+01  0.16237E+05
 0.79700003E+01  0.14181E+05
 0.80200005E+01  0.12843E+05
 0.80699997E+01  0.11481E+05
 0.81199999E+01  0.99890E+04
 0.81700001E+01  0.89180E+04
 0.82200003E+01  0.83190E+04
 0.82700005E+01  0.76780E+04
 0.83199997E+01  0.66450E+04
 0.83699999E+01  0.59580E+04
 0.84200001E+01  0.56230E+04
 0.84700003E+01  0.52640E+04
 0.85200005E+01  0.51810E+04
 0.85699997E+01  0.57490E+04
 0.86199999E+01  0.69690E+04
 0.86700001E+01  0.78820E+04
 0.87200003E+01  0.85800E+04
 0.87700005E+01  0.88480E+04
 0.88199997E+01  0.82290E+04
 0.88699999E+01  0.81880E+04
 0.89200001E+01  0.85520E+04
 0.89700003E+01  0.86320E+04
 0.90200005E+01  0.87730E+04
 0.90699997E+01  0.84250E+04
 0.91199999E+01  0.78920E+04
 0.91700001E+01  0.74150E+04
 0.92200003E+01  0.69050E+04
 0.92700005E+01  0.67250E+04
 0.93199997E+01  0.63600E+04
 0.93699999E+01  0.60490E+04
 0.94200001E+01  0.64160E+04
 0.94700003E+01  0.69300E+04
 0.95200005E+01  0.71590E+04
 0.95699997E+01  0.75620E+04
 0.96199999E+01  0.82740E+04
 0.96700001E+01  0.90230E+04
 0.97200003E+01  0.96610E+04
 0.97700005E+01  0.10112E+05
 0.98199997E+01  0.10186E+05
 0.98699999E+01  0.94690E+04
 0.99200001E+01  0.85120E+04
 0.99700003E+01  0.71070E+04
 0.10020000E+02  0.52170E+04
 0.10070000E+02  0.36070E+04
 0.10120000E+02  0.22300E+04
 0.10170000E+02  0.16080E+04
 0.10220000E+02  0.10930E+04
 0.10270000E+02  0.55700E+03
 0.10320000E+02  0.78000E+03
 0.10370000E+02  0.12040E+04
 0.10420000E+02  0.16770E+04
 0.10470000E+02  0.20080E+04
 0.10520000E+02  0.19720E+04
 0.10570000E+02  0.10560E+04
 0.10620000E+02 -0.60500E+03
 0.10670000E+02 -0.21920E+04
 0.10720000E+02 -0.34280E+04
 0.10770000E+02 -0.37000E+04
 0.10820000E+02 -0.48770E+04
 0.10870000E+02 -0.63310E+04
 0.10920000E+02 -0.78580E+04
 0.10970000E+02 -0.10830E+05
 0.11020000E+02 -0.11684E+05
 0.11070000E+02 -0.15255E+05
 0.11120000E+02 -0.14258E+05
 0.11170000E+02 -0.16439E+05
 0.11220000E+02 -0.13842E+05
 0.11270000E+02 -0.96890E+04
 0.11320000E+02 -0.10057E+05
 0.11370000E+02 -0.65960E+04
 0.11420000E+02 -0.19193E+05
 0.11470000E+02 -0.88710E+04
 0.11520000E+02 -0.11656E+06
 0.11570000E+02 -0.36673E+06
 0.11620000E+02 -0.61748E+06
 0.11670000E+02 -0.73176E+06
 0.11720000E+02 -0.54960E+06
 0.11770000E+02 -0.14178E+06
 0.11820000E+02  0.36518E+06
 0.11870000E+02  0.71498E+06
 0.11920000E+02  0.47238E+06
 0.11970000E+02 -0.31267E+06
 0.12020000E+02 -0.59257E+06
 0.12070000E+02 -0.24571E+06
 0.12120000E+02 -0.57636E+06
 0.12170001E+02 -0.11111E+07
 0.12220000E+02 -0.53902E+06
 0.12270000E+02 -0.15764E+06
 0.12320001E+02 -0.60852E+06
 0.12370000E+02 -0.19137E+07
 0.12420001E+02 -0.41956E+07
 0.12470000E+02 -0.36582E+07
 0.12520000E+02  0.79664E+06
 0.12570001E+02  0.30450E+07
 0.12620000E+02 -0.54590E+05
 0.12670001E+02 -0.19213E+07
 0.12720000E+02 -0.15180E+06
 0.12770000E+02  0.32501E+06
 0.12820001E+02  0.16920E+07
 0.12870000E+02  0.29184E+07
 0.12920001E+02  0.20479E+06
 0.12970000E+02 -0.12829E+07
 0.13020000E+02 -0.20125E+05
 0.13070001E+02  0.83771E+06
 0.13120000E+02 -0.31017E+06
 0.13170001E+02 -0.45790E+06
 0.13220000E+02  0.22218E+07
 0.13270000E+02  0.22820E+07
 0.13320001E+02 -0.74474E+05
 0.13370000E+02  0.62266E+06
 0.13420001E+02  0.27196E+07
 0.13470000E+02  0.77482E+06
 0.13520000E+02 -0.15099E+07
 0.13570001E+02 -0.35621E+06
 0.13620000E+02  0.89138E+06
 0.13670001E+02  0.80095E+06
 0.13720000E+02 -0.10052E+07
 0.13770000E+02 -0.15666E+07
 0.13820001E+02 -0.28366E+06
 0.13870000E+02 -0.29566E+06
 0.13920001E+02 -0.13125E+07
 0.13970000E+02 -0.96268E+06
 0.14020000E+02  0.82695E+06
 0.14070001E+02 -0.18792E+06
 0.14120000E+02 -0.14064E+07
 0.14170001E+02 -0.70006E+06
 0.14220000E+02 -0.40734E+06
 0.14270000E+02 -0.38904E+06
 0.14320001E+02 -0.11723E+07
 0.14370000E+02 -0.50766E+06
 0.14420001E+02  0.36496E+06
 0.14470000E+02  0.13338E+07
 0.14520000E+02  0.24575E+07
 0.14570001E+02  0.64088E+06
 0.14620000E+02 -0.46190E+06
 0.14670001E+02 -0.72220E+06
 0.14720000E+02 -0.88607E+06
 0.14770000E+02  0.23762E+06
 0.14820001E+02  0.77489E+06
 0.14870000E+02 -0.62523E+06
 0.14920001E+02 -0.17113E+07
 0.14970000E+02  0.69480E+04
 0.15020000E+02  0.11808E+07
 0.15070001E+02  0.21933E+07
 0.15120000E+02  0.21117E+07
 0.15170001E+02  0.57724E+06
 0.15220000E+02  0.36146E+06
 0.15270000E+02  0.74968E+06
 0.15320001E+02  0.28299E+07
 0.15370000E+02  0.32462E+07
 0.15420001E+02  0.66994E+06
 0.15470000E+02 -0.33066E+06
 0.15520000E+02  0.38058E+06
 0.15570001E+02  0.13275E+06
 0.15620000E+02  0.32469E+06
 0.15670001E+02  0.23876E+06
 0.15720000E+02 -0.13172E+07
 0.15770000E+02 -0.18222E+07
 0.15820001E+02 -0.21232E+07
 0.15870000E+02 -0.99938E+06
 0.15920001E+02  0.25917E+06
 0.15970000E+02 -0.65550E+04
 0.16020000E+02  0.42921E+05
 0.16070000E+02  0.73330E+05
 0.16119999E+02  0.11264E+07
 0.16170002E+02  0.99730E+06
 0.16220001E+02 -0.21628E+06
 0.16270000E+02  0.65004E+06
 0.16320000E+02 -0.66671E+05
 0.16369999E+02 -0.10625E+07
 0.16420002E+02  0.21394E+06
 0.16470001E+02  0.32341E+06
 0.16520000E+02  0.26792E+06
 0.16570000E+02  0.49019E+06
 0.16619999E+02  0.72432E+06
 0.16670002E+02  0.85983E+06
 0.16720001E+02  0.48615E+06
 0.16770000E+02  0.61520E+06
 0.16820000E+02  0.15489E+06
 0.16869999E+02  0.28557E+06
 0.16920002E+02  0.53768E+06
 0.16970001E+02 -0.48910E+06
 0.17020000E+02 -0.50645E+06
 0.17070000E+02 -0.60168E+06
 0.17119999E+02 -0.61153E+06
 0.17170002E+02 -0.16374E+06
 0.17220001E+02 -0.10862E+07
 0.17270000E+02 -0.86453E+06
 0.17320000E+02  0.46061E+06
 0.17369999E+02  0.13347E+07
 0.17420002E+02  0.78906E+06
 0.17470001E+02  0.28115E+06
 0.17520000E+02  0.16961E+07
 0.17570000E+02  0.11299E+07
 0.17619999E+02  0.36909E+06
 0.17670002E+02  0.15215E+07
 0.17720001E+02  0.22556E+07
 0.17770000E+02  0.21446E+07
 0.17820000E+02  0.11753E+07
 0.17869999E+02  0.70603E+06
 0.17920002E+02  0.51824E+06
 0.17970001E+02  0.97130E+04
 0.18020000E+02  0.10411E+06
 0.18070000E+02  0.69748E+06
 0.18119999E+02  0.14284E+06
 0.18170002E+02 -0.17957E+07
 0.18220001E+02 -0.19024E+07
 0.18270000E+02  0.26585E+05
 0.18320000E+02  0.68000E+06
 0.18369999E+02  0.86456E+06
 0.18420002E+02  0.13263E+07
 0.18470001E+02  0.88236E+06
 0.18520000E+02  0.77652E+06
 0.18570000E+02  0.83917E+06
 0.18619999E+02  0.17266E+07
 0.18670002E+02  0.28694E+07
 0.18720001E+02  0.18964E+07
 0.18770000E+02  0.14825E+07
 0.18820000E+02  0.19219E+07
 0.18869999E+02  0.16964E+07
 0.18920002E+02  0.12494E+07
 0.18970001E+02  0.23849E+06
 0.19020000E+02  0.33705E+06
 0.19070000E+02  0.11101E+05
 0.19119999E+02 -0.11425E+07
 0.19170002E+02 -0.10258E+07
 0.19220001E+02 -0.10989E+07
 0.19270000E+02  0.31092E+06
 0.19320000E+02  0.98900E+06
 0.19369999E+02  0.21433E+07
 0.19420002E+02  0.44321E+07
 0.19470001E+02  0.18105E+07
 0.19520000E+02 -0.72655E+06
 0.19570000E+02 -0.42163E+07
 0.19619999E+02 -0.72735E+07
 0.19670002E+02 -0.41054E+07
 0.19720001E+02 -0.31875E+07
 0.19770000E+02 -0.43284E+07
 0.19820000E+02 -0.41625E+07
 0.19869999E+02 -0.65964E+07
 0.19920002E+02 -0.90375E+07
 0.19970001E+02 -0.11205E+08
 0.20020000E+02 -0.99465E+07
 0.20070000E+02  0.66862E+06
 0.20119999E+02  0.81638E+07
 0.20170002E+02  0.89368E+07
 0.20220001E+02  0.51599E+07
 0.20270000E+02  0.93998E+06
 0.20320000E+02  0.27416E+07
 0.20369999E+02  0.11470E+07
 0.20420002E+02  0.37017E+07
 0.20470001E+02  0.90631E+07
 0.20520000E+02  0.10943E+08
 0.20570000E+02  0.75813E+07
 0.20619999E+02 -0.13310E+07
 0.20670002E+02 -0.10432E+07
 0.20720001E+02 -0.49237E+07
 0.20770000E+02 -0.11418E+08
 0.20820000E+02 -0.70532E+07
 0.20869999E+02 -0.73979E+07
 0.20920002E+02 -0.10568E+08
 0.20970001E+02 -0.10398E+08
 0.21020000E+02 -0.93421E+07
 0.21070000E+02 -0.70699E+07
 0.21119999E+02 -0.24383E+07
 0.21170002E+02  0.54788E+07
 0.21220001E+02  0.37138E+07
 0.21270000E+02 -0.10458E+07
 0.21320000E+02  0.84750E+06
 0.21369999E+02  0.15114E+07
 0.21420002E+02  0.17968E+07
 0.21470001E+02  0.86290E+06
 0.21520000E+02 -0.52386E+06
 0.21570000E+02 -0.19267E+07
 0.21619999E+02 -0.11007E+07
 0.21670002E+02 -0.99257E+06
 0.21720001E+02 -0.10121E+07
 0.21770000E+02  0.21409E+07
 0.21820000E+02  0.26596E+07
 0.21869999E+02 -0.54865E+06
 0.21920002E+02 -0.43384E+07
 0.21970001E+02 -0.53664E+07
 0.22020000E+02 -0.63685E+07
 0.22070000E+02 -0.67790E+07
 0.22119999E+02 -0.49192E+07
 0.22170002E+02  0.16725E+07
 0.22220001E+02  0.52282E+07
 0.22270000E+02  0.20032E+07
 0.22320000E+02  0.54962E+06
 0.22369999E+02 -0.25101E+07
 0.22420002E+02 -0.48608E+07
 0.22470001E+02 -0.48271E+07
 0.22520000E+02 -0.40282E+07
 0.22570000E+02 -0.27518E+07
 0.22619999E+02 -0.24795E+07
 0.22670002E+02 -0.14972E+07
 0.22720001E+02  0.30927E+06
 0.22770000E+02  0.15745E+07
 0.22820000E+02  0.23704E+07
 0.22869999E+02  0.32339E+07
 0.22920002E+02  0.35045E+07
 0.22970001E+02  0.40812E+07
 0.23020000E+02  0.24492E+07
 0.23070000E+02 -0.12948E+07
 0.23119999E+02 -0.31154E+07
 0.23170002E+02 -0.18124E+07
 0.23220001E+02 -0.32960E+06
 0.23270000E+02 -0.13910E+07
 0.23320000E+02 -0.88274E+06
 0.23369999E+02 -0.19346E+06
 0.23420002E+02 -0.70382E+06
 0.23470001E+02 -0.15188E+07
 0.23520000E+02 -0.29158E+07
 0.23570000E+02 -0.20376E+07
 0.23619999E+02 -0.16179E+07
 0.23670002E+02 -0.16408E+07
 0.23720001E+02 -0.17438E+06
 0.23770000E+02  0.54098E+06
 0.23820000E+02  0.20486E+07
 0.23869999E+02  0.50085E+07
 0.23920002E+02  0.66244E+07
 0.23970001E+02  0.67871E+07
 0.24020000E+02  0.71484E+07
 0.24070000E+02  0.61743E+07
 0.24119999E+02  0.24980E+07
 0.24170002E+02 -0.42647E+06
 0.24220001E+02 -0.16152E+07
 0.24270000E+02 -0.19878E+07
 0.24320000E+02 -0.13005E+07
 0.24369999E+02 -0.96985E+05
 0.24420002E+02  0.88311E+06
 0.24470001E+02  0.96334E+05
 0.24520000E+02  0.12604E+06
 0.24570000E+02  0.66251E+06
 0.24619999E+02 -0.27144E+06
 0.24670002E+02 -0.30176E+06
 0.24720001E+02 -0.80094E+05
 0.24770000E+02  0.17206E+06
 0.24820000E+02  0.17124E+07
 0.24869999E+02  0.30412E+07
 0.24920002E+02  0.23940E+07
 0.24970001E+02  0.22578E+07
 0.25020000E+02  0.26047E+07
 0.25070000E+02  0.23936E+07
 0.25119999E+02  0.25494E+07
 0.25170002E+02  0.17167E+07
 0.25220001E+02  0.18700E+07
 0.25270000E+02  0.24608E+07
 0.25320000E+02  0.27960E+07
 0.25369999E+02  0.49093E+07
 0.25420002E+02  0.61852E+07
 0.25470001E+02  0.53832E+07
 0.25520000E+02  0.46305E+07
 0.25570000E+02  0.47440E+07
 0.25619999E+02  0.37636E+07
 0.25670002E+02  0.18408E+07
 0.25720001E+02  0.40993E+06
 0.25770000E+02 -0.22454E+06
 0.25820000E+02  0.30278E+05
 0.25869999E+02 -0.45126E+06
 0.25920002E+02 -0.17633E+07
 0.25970001E+02 -0.17825E+07
 0.26020000E+02  0.44696E+06
 0.26070000E+02  0.16578E+07
 0.26119999E+02  0.11307E+07
 0.26170002E+02  0.68173E+05
 0.26220001E+02 -0.87222E+06
 0.26270000E+02  0.15558E+06
 0.26320000E+02  0.63014E+06
 0.26369999E+02  0.13459E+07
 0.26420002E+02  0.23195E+07
 0.26470001E+02  0.18559E+07
 0.26520000E+02  0.21283E+07
 0.26570000E+02  0.27201E+07
 0.26619999E+02  0.33392E+07
 0.26670002E+02  0.29550E+07
 0.26720001E+02  0.17646E+07
 0.26770000E+02  0.12157E+07
 0.26820000E+02  0.15490E+07
 0.26869999E+02  0.18583E+07
 0.26920002E+02  0.17264E+07
 0.26970001E+02  0.29224E+07
 0.27020000E+02  0.37060E+07
 0.27070000E+02  0.38170E+07
 0.27119999E+02  0.37606E+07
 0.27170002E+02  0.30895E+07
 0.27220001E+02  0.27594E+07
 0.27270000E+02  0.24917E+07
 0.27320000E+02  0.23073E+07
 0.27369999E+02  0.24343E+07
 0.27420002E+02  0.37344E+07
 0.27470001E+02  0.41368E+07
 0.27520000E+02  0.33799E+07
 0.27570000E+02  0.28661E+07
 0.27619999E+02  0.23598E+07
 0.27670002E+02  0.24482E+07
 0.27720001E+02  0.14313E+07
 0.27770000E+02  0.48271E+06
 0.27820000E+02 -0.19488E+06
 0.27869999E+02 -0.10993E+07
 0.27920002E+02 -0.14063E+07
 0.27970001E+02 -0.16281E+07
 0.28020000E+02 -0.18003E+07
 0.28070000E+02 -0.26728E+07
 0.28119999E+02 -0.31850E+07
 0.28169998E+02 -0.33665E+07
 0.28220001E+02 -0.30029E+07
 0.28270000E+02 -0.34005E+07
 0.28320000E+02 -0.43754E+07
 0.28369999E+02 -0.37342E+07
 0.28419998E+02 -0.34923E+07
 0.28470001E+02 -0.31243E+07
 0.28520000E+02 -0.30476E+07
 0.28570000E+02 -0.31320E+07
 0.28619999E+02 -0.25130E+07
 0.28669998E+02 -0.23261E+07
 0.28720001E+02 -0.21932E+07
 0.28770000E+02 -0.26204E+07
 0.28820000E+02 -0.22161E+07
 0.28869999E+02 -0.94811E+06
 0.28919998E+02 -0.46212E+06
 0.28970001E+02  0.87140E+05
 0.29020000E+02 -0.18739E+06
 0.29070000E+02 -0.11242E+07
 0.29119999E+02 -0.81275E+06
 0.29169998E+02 -0.38531E+06
 0.29220001E+02 -0.78486E+06
 0.29270000E+02 -0.11459E+07
 0.29320000E+02 -0.10978E+07
 0.29369999E+02 -0.68063E+06
 0.29419998E+02 -0.29144E+06
 0.29470001E+02  0.63170E+04
 0.29520000E+02  0.63124E+05
 0.29570000E+02 -0.21243E+06
 0.29619999E+02 -0.48282E+06
 0.29669998E+02 -0.46900E+06
 0.29720001E+02 -0.28664E+06
 0.29770000E+02 -0.80508E+06
 0.29820000E+02 -0.12590E+07
 0.29869999E+02 -0.11713E+07
 0.29919998E+02 -0.13675E+07
 0.29970001E+02 -0.16442E+07
 0.30020000E+02 -0.17450E+07
 0.30070000E+02 -0.16923E+07
 0.30119999E+02 -0.16623E+07
 0.30169998E+02 -0.13421E+07
 0.30220001E+02 -0.78959E+06
 0.30270000E+02 -0.45578E+06
 0.30320000E+02  0.23839E+05
 0.30369999E+02  0.67916E+06
 0.30419998E+02  0.11472E+07
 0.30470001E+02  0.11726E+07
 0.30520000E+02  0.11216E+07
 0.30570000E+02  0.10848E+07
 0.30619999E+02  0.44890E+06
 0.30669998E+02 -0.11370E+06
 0.30720001E+02 -0.37280E+06
 0.30770000E+02 -0.71222E+06
 0.30820000E+02 -0.11301E+07
 0.30869999E+02 -0.20278E+07
 0.30919998E+02 -0.30167E+07
 0.30970001E+02 -0.33909E+07
 0.31020000E+02 -0.35227E+07
 0.31070000E+02 -0.36248E+07
 0.31119999E+02 -0.32391E+07
 0.31169998E+02 -0.28657E+07
 0.31220001E+02 -0.27088E+07
 0.31270000E+02 -0.27121E+07
 0.31320000E+02 -0.28438E+07
 0.31369999E+02 -0.25629E+07
 0.31419998E+02 -0.25840E+07
 0.31470001E+02 -0.25395E+07
 0.31520000E+02 -0.17779E+07
 0.31570000E+02 -0.13887E+07
 0.31619999E+02 -0.11284E+07
 0.31669998E+02 -0.98184E+06
 0.31720001E+02 -0.86268E+06
 0.31770000E+02 -0.51912E+06
 0.31820000E+02 -0.53169E+06
 0.31869999E+02 -0.68412E+06
 0.31919998E+02 -0.11989E+07
 0.31970001E+02 -0.11620E+07
 0.32020000E+02 -0.93530E+06
 0.32070000E+02 -0.14027E+07
 0.32119999E+02 -0.10678E+07
 0.32169998E+02 -0.70245E+06
 0.32220001E+02 -0.38133E+06
 0.32270000E+02  0.56426E+06
 0.32320000E+02  0.10694E+07
 0.32369999E+02  0.16884E+07
 0.32419998E+02  0.23801E+07
 0.32470001E+02  0.26532E+07
 0.32520000E+02  0.33823E+07
 0.32570000E+02  0.44876E+07
 0.32619999E+02  0.52057E+07
 0.32669998E+02  0.52098E+07
 0.32720001E+02  0.44434E+07
 0.32770000E+02  0.35140E+07
 0.32820000E+02  0.30482E+07
 0.32869999E+02  0.24623E+07
 0.32919998E+02  0.20627E+07
 0.32970001E+02  0.21549E+07
 0.33020000E+02  0.18762E+07
 0.33070000E+02  0.13051E+07
 0.33119999E+02  0.38079E+06
 0.33169998E+02 -0.84115E+06
 0.33220001E+02 -0.14487E+07
 0.33270000E+02 -0.18572E+07
 0.33320000E+02 -0.29517E+07
 0.33369999E+02 -0.37640E+07
 0.33419998E+02 -0.42311E+07
 0.33470001E+02 -0.47894E+07
 0.33520000E+02 -0.50066E+07
 0.33570000E+02 -0.47987E+07
 0.33619999E+02 -0.40029E+07
 0.33669998E+02 -0.33996E+07
 0.33720001E+02 -0.31800E+07
 0.33770000E+02 -0.29971E+07
 0.33820000E+02 -0.28983E+07
 0.33869999E+02 -0.25092E+07
 0.33919998E+02 -0.19797E+07
 0.33970001E+02 -0.98093E+06
 0.34020000E+02  0.26427E+05
 0.34070000E+02  0.29529E+06
 0.34119999E+02  0.88582E+06
 0.34169998E+02  0.15471E+07
 0.34220001E+02  0.18437E+07
 0.34270000E+02  0.18247E+07
 0.34320000E+02  0.14713E+07
 0.34369999E+02  0.13534E+07
 0.34419998E+02  0.12841E+07
 0.34470001E+02  0.11402E+07
 0.34520000E+02  0.71701E+06
 0.34570000E+02  0.11971E+06
 0.34619999E+02 -0.29951E+06
 0.34669998E+02 -0.38263E+06
 0.34720001E+02 -0.28357E+06
 0.34770000E+02 -0.28340E+06
 0.34820000E+02  0.26165E+05
 0.34869999E+02  0.46332E+06
 0.34919998E+02  0.75015E+06
 0.34970001E+02  0.94644E+06
 0.35020000E+02  0.11469E+07
 0.35070000E+02  0.16098E+07
 0.35119999E+02  0.20952E+07
 0.35169998E+02  0.24174E+07
 0.35220001E+02  0.26618E+07
 0.35270000E+02  0.28196E+07
 0.35320000E+02  0.29348E+07
 0.35369999E+02  0.28760E+07
 0.35419998E+02  0.27136E+07
 0.35470001E+02  0.23158E+07
 0.35520000E+02  0.15133E+07
 0.35570000E+02  0.86903E+06
 0.35619999E+02  0.18495E+06
 0.35669998E+02 -0.40154E+06
 0.35720001E+02 -0.55380E+06
 0.35770000E+02 -0.76660E+06
 0.35820000E+02 -0.70920E+06
 0.35869999E+02 -0.78644E+06
 0.35919998E+02 -0.10264E+07
 0.35970001E+02 -0.84192E+06
 0.36020000E+02 -0.45824E+06
 0.36070000E+02  0.11463E+06
 0.36119999E+02  0.25792E+06
 0.36169998E+02 -0.13084E+05
 0.36220001E+02 -0.40317E+06
 0.36270000E+02 -0.63238E+06
 0.36320000E+02 -0.53094E+06
 0.36369999E+02 -0.60803E+06
 0.36419998E+02 -0.50424E+06
 0.36470001E+02 -0.47868E+06
 0.36520000E+02 -0.65754E+06
 0.36570000E+02 -0.76391E+06
 0.36619999E+02 -0.10264E+07
 0.36669998E+02 -0.11943E+07
 0.36720001E+02 -0.13015E+07
 0.36770000E+02 -0.13133E+07
 0.36820000E+02 -0.11307E+07
 0.36869999E+02 -0.10467E+07
 0.36919998E+02 -0.12351E+07
 0.36970001E+02 -0.13665E+07
 0.37020000E+02 -0.11673E+07
 0.37070000E+02 -0.81490E+06
 0.37119999E+02 -0.43227E+06
 0.37169998E+02  0.38586E+05
 0.37220001E+02  0.69026E+06
 0.37270000E+02  0.99132E+06
 0.37320000E+02  0.74060E+06
 0.37369999E+02  0.62745E+06
 0.37419998E+02  0.52607E+06
 0.37470001E+02  0.45109E+06
 0.37520000E+02  0.63398E+06
 0.37570000E+02  0.64862E+06
 0.37619999E+02  0.70239E+06
 0.37669998E+02  0.11591E+07
 0.37720001E+02  0.18224E+07
 0.37770000E+02  0.22113E+07
 0.37820000E+02  0.24985E+07
 0.37869999E+02  0.27069E+07
 0.37919998E+02  0.24185E+07
 0.37970001E+02  0.18219E+07
 0.38020000E+02  0.12701E+07
 0.38070000E+02  0.78134E+06
 0.38119999E+02  0.42508E+05
 0.38169998E+02 -0.54342E+06
 0.38220001E+02 -0.78534E+06
 0.38270000E+02 -0.93341E+06
 0.38320000E+02 -0.99450E+06
 0.38369999E+02 -0.11073E+07
 0.38419998E+02 -0.10538E+07
 0.38470001E+02 -0.10165E+07
 0.38520000E+02 -0.11117E+07
 0.38570000E+02 -0.93703E+06
 0.38619999E+02 -0.64104E+06
 0.38669998E+02 -0.35472E+06
 0.38720001E+02  0.85231E+05
 0.38770000E+02  0.72911E+06
 0.38820000E+02  0.11254E+07
 0.38869999E+02  0.12837E+07
 0.38919998E+02  0.14642E+07
 0.38970001E+02  0.13073E+07
 0.39020000E+02  0.12158E+07
 0.39070000E+02  0.11508E+07
 0.39119999E+02  0.95529E+06
 0.39169998E+02  0.11394E+07
 0.39220001E+02  0.12694E+07
 0.39270000E+02  0.11829E+07
 0.39320000E+02  0.10433E+07
 0.39369999E+02  0.66890E+06
 0.39419998E+02  0.27943E+06
 0.39470001E+02  0.39170E+05
 0.39520000E+02 -0.38023E+06
 0.39570000E+02 -0.94502E+06
 0.39619999E+02 -0.13474E+07
 0.39669998E+02 -0.16482E+07
 0.39720001E+02 -0.18413E+07
 0.39770000E+02 -0.20989E+07
 0.39820000E+02 -0.23587E+07
 0.39869999E+02 -0.24074E+07
 0.39919998E+02 -0.24761E+07
 0.39970001E+02 -0.24332E+07
 0.40020000E+02 -0.20564E+07
 0.40070000E+02 -0.15992E+07
 0.40119999E+02 -0.13762E+07
 0.40169998E+02 -0.12382E+07
 0.40220001E+02 -0.80034E+06
 0.40270000E+02 -0.33684E+06
 0.40320000E+02  0.46745E+05
 0.40369999E+02  0.63194E+06
 0.40419998E+02  0.11185E+07
 0.40470001E+02  0.13688E+07
 0.40520000E+02  0.16017E+07
 0.40570000E+02  0.20896E+07
 0.40619999E+02  0.25836E+07
 0.40669998E+02  0.27305E+07
 0.40720001E+02  0.27018E+07
 0.40770000E+02  0.27118E+07
 0.40820000E+02  0.26703E+07
 0.40869999E+02  0.22670E+07
 0.40919998E+02  0.17943E+07
 0.40970001E+02  0.13938E+07
 0.41020000E+02  0.10746E+07
 0.41070000E+02  0.91571E+06
 0.41119999E+02  0.59197E+06
 0.41169998E+02  0.36293E+06
 0.41220001E+02  0.42926E+06
 0.41270000E+02  0.39108E+06
 0.41320000E+02  0.26153E+06
 0.41369999E+02  0.10508E+06
 0.41419998E+02 -0.84937E+05
 0.41470001E+02 -0.45923E+05
 0.41520000E+02  0.59300E+03
 0.41570000E+02 -0.28097E+06
 0.41619999E+02 -0.53974E+06
 0.41669998E+02 -0.53107E+06
 0.41720001E+02 -0.62813E+06
 0.41770000E+02 -0.81243E+06
 0.41820000E+02 -0.81039E+06
 0.41869999E+02 -0.88933E+06
 0.41919998E+02 -0.11141E+07
 0.41970001E+02 -0.13642E+07
 0.42020000E+02 -0.15084E+07
 0.42070000E+02 -0.14423E+07
 0.42119999E+02 -0.13162E+07
 0.42169998E+02 -0.11865E+07
 0.42220001E+02 -0.11242E+07
 0.42270000E+02 -0.10811E+07
 0.42320000E+02 -0.11086E+07
 0.42369999E+02 -0.13299E+07
 0.42419998E+02 -0.16137E+07
 0.42470001E+02 -0.18705E+07
 0.42520000E+02 -0.19310E+07
 0.42570000E+02 -0.15778E+07
 0.42619999E+02 -0.90356E+06
 0.42669998E+02 -0.50670E+06
 0.42720001E+02 -0.51408E+06
 0.42770000E+02 -0.52103E+06
 0.42820000E+02 -0.36355E+06
 0.42869999E+02  0.48800E+05
 0.42919998E+02  0.44924E+06
 0.42970001E+02  0.58325E+06
 0.43020000E+02  0.70228E+06
 0.43070000E+02  0.10121E+07
 0.43119999E+02  0.12486E+07
 0.43169998E+02  0.13662E+07
 0.43220001E+02  0.15159E+07
 0.43270000E+02  0.16854E+07
 0.43320000E+02  0.18491E+07
 0.43369999E+02  0.17782E+07
 0.43419998E+02  0.16147E+07
 0.43470001E+02  0.13979E+07
 0.43520000E+02  0.93314E+06
 0.43570000E+02  0.45012E+06
 0.43619999E+02 -0.91950E+04
 0.43669998E+02 -0.39608E+06
 0.43720001E+02 -0.66005E+06
 0.43770000E+02 -0.81516E+06
 0.43820000E+02 -0.80301E+06
 0.43869999E+02 -0.78367E+06
 0.43919998E+02 -0.75472E+06
 0.43970001E+02 -0.70284E+06
 0.44020000E+02 -0.68680E+06
 0.44070000E+02 -0.64847E+06
 0.44119999E+02 -0.52166E+06
 0.44169998E+02 -0.40103E+06
 0.44220001E+02 -0.39244E+06
 0.44270000E+02 -0.28248E+06
 0.44320000E+02 -0.19216E+05
 0.44369999E+02  0.25851E+06
 0.44419998E+02  0.54031E+06
 0.44470001E+02  0.78843E+06
 0.44520000E+02  0.97662E+06
 0.44570000E+02  0.10186E+07
 0.44619999E+02  0.87219E+06
 0.44669998E+02  0.79253E+06
 0.44720001E+02  0.78864E+06
 0.44770000E+02  0.73731E+06
 0.44820000E+02  0.76370E+06
 0.44869999E+02  0.79416E+06
 0.44919998E+02  0.79136E+06
 0.44970001E+02  0.88121E+06
 0.45020000E+02  0.10001E+07
 0.45070000E+02  0.10099E+07
 0.45119999E+02  0.96766E+06
 0.45169998E+02  0.90953E+06
 0.45220001E+02  0.70153E+06
 0.45270000E+02  0.46947E+06
 0.45320000E+02  0.34826E+06
 0.45369999E+02  0.20070E+06
 0.45419998E+02 -0.10212E+06
 0.45470001E+02 -0.39814E+06
 0.45520000E+02 -0.42047E+06
 0.45570000E+02 -0.30279E+06
 0.45619999E+02 -0.25868E+06
 0.45669998E+02 -0.35650E+06
 0.45720001E+02 -0.43752E+06
 0.45770000E+02 -0.44226E+06
 0.45820000E+02 -0.63210E+06
 0.45869999E+02 -0.83310E+06
 0.45919998E+02 -0.92444E+06
 0.45970001E+02 -0.10681E+07
 0.46020000E+02 -0.12190E+07
 0.46070000E+02 -0.13854E+07
 0.46119999E+02 -0.14082E+07
 0.46169998E+02 -0.12615E+07
 0.46220001E+02 -0.11673E+07
 0.46270000E+02 -0.11614E+07
 0.46320000E+02 -0.12330E+07
 0.46369999E+02 -0.12564E+07
 0.46419998E+02 -0.12609E+07
 0.46470001E+02 -0.13925E+07
 0.46520000E+02 -0.15441E+07
 0.46570000E+02 -0.15260E+07
 0.46619999E+02 -0.12842E+07
 0.46669998E+02 -0.92288E+06
 0.46720001E+02 -0.58792E+06
 0.46770000E+02 -0.33016E+06
 0.46820000E+02 -0.79744E+05
 0.46869999E+02  0.12598E+06
 0.46919998E+02  0.47780E+06
 0.46970001E+02  0.10278E+07
 0.47020000E+02  0.13716E+07
 0.47070000E+02  0.16469E+07
 0.47119999E+02  0.19016E+07
 0.47169998E+02  0.19259E+07
 0.47220001E+02  0.19773E+07
 0.47270000E+02  0.21026E+07
 0.47320000E+02  0.21826E+07
 0.47369999E+02  0.22376E+07
 0.47419998E+02  0.22412E+07
 0.47470001E+02  0.21669E+07
 0.47520000E+02  0.19687E+07
 0.47570000E+02  0.16831E+07
 0.47619999E+02  0.14984E+07
 0.47669998E+02  0.14452E+07
 0.47720001E+02  0.13308E+07
 0.47770000E+02  0.11879E+07
 0.47820000E+02  0.10875E+07
 0.47869999E+02  0.91440E+06
 0.47919998E+02  0.68432E+06
 0.47970001E+02  0.45299E+06
 0.48020000E+02  0.25104E+06
 0.48070000E+02  0.62460E+04
 0.48119999E+02 -0.31319E+06
 0.48169998E+02 -0.57374E+06
 0.48220001E+02 -0.74838E+06
 0.48270000E+02 -0.89066E+06
 0.48320000E+02 -0.10640E+07
 0.48369999E+02 -0.12193E+07
 0.48419998E+02 -0.12509E+07
 0.48470001E+02 -0.12215E+07
 0.48520000E+02 -0.11615E+07
 0.48570000E+02 -0.99300E+06
 0.48619999E+02 -0.93864E+06
 0.48669998E+02 -0.10306E+07
 0.48720001E+02 -0.98063E+06
 0.48770000E+02 -0.92515E+06
 0.48820000E+02 -0.91482E+06
 0.48869999E+02 -0.88865E+06
 0.48919998E+02 -0.88332E+06
 0.48970001E+02 -0.81525E+06
 0.49020000E+02 -0.76150E+06
 0.49070000E+02 -0.68643E+06
 0.49119999E+02 -0.57751E+06
 0.49169998E+02 -0.59912E+06
 0.49220001E+02 -0.57730E+06
 0.49270000E+02 -0.42122E+06
 0.49320000E+02 -0.28019E+06
 0.49369999E+02 -0.13264E+06
 0.49419998E+02  0.23847E+05
 0.49470001E+02  0.13560E+06
 0.49520000E+02  0.18038E+06
 0.49570000E+02  0.24300E+06
 0.49619999E+02  0.37790E+06
 0.49669998E+02  0.40414E+06
 0.49720001E+02  0.29082E+06
 0.49770000E+02  0.21297E+06
 0.49820000E+02  0.10356E+06
 0.49869999E+02  0.63590E+04
 0.49919998E+02  0.98505E+05
 0.49970001E+02  0.20179E+06
 0.50020000E+02  0.27372E+06
 0.50070000E+02  0.33992E+06
 0.50119999E+02  0.33517E+06
 0.50169998E+02  0.37703E+06
 0.50220001E+02  0.42658E+06
 0.50270000E+02  0.48020E+06
 0.50320000E+02  0.51862E+06
 0.50369999E+02  0.48916E+06
 0.50419998E+02  0.49690E+06
 0.50470001E+02  0.43793E+06
 0.50520000E+02  0.40865E+06
 0.50570000E+02  0.37509E+06
 0.50619999E+02  0.11785E+06
 0.50669998E+02 -0.15696E+06
 0.50720001E+02 -0.37580E+06
 0.50770000E+02 -0.51008E+06
 0.50820000E+02 -0.55454E+06
 0.50869999E+02 -0.61114E+06
 0.50919998E+02 -0.60609E+06
 0.50970001E+02 -0.49589E+06
 0.51020000E+02 -0.38326E+06
 0.51070000E+02 -0.28063E+06
 0.51119999E+02 -0.10682E+06
 0.51169998E+02 -0.42944E+05
 0.51220001E+02 -0.83244E+05
 0.51270000E+02 -0.64658E+05
 0.51320000E+02 -0.12687E+06
 0.51369999E+02 -0.28554E+06
 0.51419998E+02 -0.41986E+06
 0.51470001E+02 -0.46194E+06
 0.51520000E+02 -0.47568E+06
 0.51570000E+02 -0.54161E+06
 0.51619999E+02 -0.57353E+06
 0.51669998E+02 -0.48188E+06
 0.51720001E+02 -0.37911E+06
 0.51770000E+02 -0.38856E+06
 0.51820000E+02 -0.34992E+06
 0.51869999E+02 -0.30286E+06
 0.51919998E+02 -0.27860E+06
 0.51970001E+02 -0.15765E+06
 0.52020000E+02 -0.36188E+05
 0.52070000E+02  0.11192E+06
 0.52119999E+02  0.32741E+06
 0.52169998E+02  0.57788E+06
 0.52220001E+02  0.73456E+06
 0.52270000E+02  0.85056E+06
 0.52320000E+02  0.10139E+07
 0.52369999E+02  0.10375E+07
 0.52419998E+02  0.10134E+07
 0.52470001E+02  0.96097E+06
 0.52520000E+02  0.82490E+06
 0.52570000E+02  0.68154E+06
 0.52619999E+02  0.59514E+06
 0.52669998E+02  0.55897E+06
 0.52720001E+02  0.39829E+06
 0.52770000E+02  0.24185E+06
 0.52820000E+02  0.18536E+06
 0.52869999E+02  0.19163E+06
 0.52919998E+02  0.20414E+06
 0.52970001E+02  0.37387E+05
 0.53020000E+02 -0.19115E+06
 0.53070000E+02 -0.40732E+06
 0.53119999E+02 -0.61529E+06
 0.53169998E+02 -0.72743E+06
 0.53220001E+02 -0.78555E+06
 0.53270000E+02 -0.75654E+06
 0.53320000E+02 -0.65398E+06
 0.53369999E+02 -0.60909E+06
 0.53419998E+02 -0.58214E+06
 0.53470001E+02 -0.48476E+06
 0.53520000E+02 -0.32516E+06
 0.53570000E+02 -0.18126E+06
 0.53619999E+02 -0.29906E+05
 0.53669998E+02  0.18212E+06
 0.53720001E+02  0.31003E+06
 0.53770000E+02  0.32101E+06
 0.53820000E+02  0.30841E+06
 0.53869999E+02  0.27440E+06
 0.53919998E+02  0.22436E+06
 0.53970001E+02  0.16268E+06
 0.54020000E+02  0.85074E+05
 0.54070000E+02  0.30080E+05
 0.54119999E+02 -0.68260E+05
 0.54169998E+02 -0.24786E+06
 0.54220001E+02 -0.41665E+06
 0.54270000E+02 -0.49164E+06
 0.54320000E+02 -0.43433E+06
 0.54369999E+02 -0.38951E+06
 0.54419998E+02 -0.38138E+06
 0.54470001E+02 -0.24840E+06
 0.54520000E+02 -0.62447E+05
 0.54570000E+02  0.26371E+05
 0.54619999E+02  0.17964E+05
 0.54669998E+02 -0.80271E+05
 0.54720001E+02 -0.26325E+06
 0.54770000E+02 -0.51810E+06
 0.54820000E+02 -0.75102E+06
 0.54869999E+02 -0.78501E+06
 0.54919998E+02 -0.65214E+06
 0.54970001E+02 -0.41464E+06
 0.55020000E+02 -0.12483E+06
 0.55070000E+02  0.70006E+05
 0.55119999E+02  0.18842E+06
 0.55169998E+02  0.29020E+06
 0.55220001E+02  0.37808E+06
 0.55270000E+02  0.46932E+06
 0.55320000E+02  0.51736E+06
 0.55369999E+02  0.57568E+06
 0.55419998E+02  0.69097E+06
 0.55470001E+02  0.74618E+06
 0.55520000E+02  0.74131E+06
 0.55570000E+02  0.67207E+06
 0.55619999E+02  0.51296E+06
 0.55669998E+02  0.32351E+06
 0.55720001E+02  0.15679E+06
 0.55770000E+02  0.46618E+05
 0.55820000E+02 -0.55120E+04
 0.55869999E+02 -0.16341E+05
 0.55919998E+02 -0.24218E+05
 0.55970001E+02 -0.10479E+05
 0.56020000E+02  0.62881E+05
 0.56070000E+02  0.14460E+06
 0.56119999E+02  0.19135E+06
 0.56169998E+02  0.35367E+06
 0.56220001E+02  0.63062E+06
 0.56270000E+02  0.83358E+06
 0.56320000E+02  0.92976E+06
 0.56369999E+02  0.91360E+06
 0.56419998E+02  0.85581E+06
 0.56470001E+02  0.82614E+06
 0.56520000E+02  0.77996E+06
 0.56570000E+02  0.66274E+06
 0.56619999E+02  0.48078E+06
 0.56669998E+02  0.27752E+06
 0.56720001E+02  0.33866E+05
 0.56770000E+02 -0.21797E+06
 0.56820000E+02 -0.39415E+06
 0.56869999E+02 -0.50518E+06
 0.56919998E+02 -0.53799E+06
 0.56970001E+02 -0.50727E+06
 0.57020000E+02 -0.43931E+06
 0.57070000E+02 -0.28991E+06
 0.57119999E+02 -0.12573E+06
 0.57169998E+02  0.23159E+05
 0.57220001E+02  0.11413E+06
 0.57270000E+02  0.12832E+06
 0.57320000E+02  0.12912E+06
 0.57369999E+02  0.11218E+06
 0.57419998E+02  0.12518E+06
 0.57470001E+02  0.15446E+06
 0.57520000E+02  0.13513E+06
 0.57570000E+02  0.89431E+05
 0.57619999E+02  0.56896E+05
 0.57669998E+02  0.91160E+04
 0.57720001E+02 -0.14979E+05
 0.57770000E+02  0.32683E+05
 0.57820000E+02  0.52623E+05
 0.57869999E+02  0.45443E+05
 0.57919998E+02  0.43807E+05
 0.57970001E+02  0.21380E+05
 0.58020000E+02 -0.24955E+05
 0.58070000E+02 -0.13769E+06
 0.58119999E+02 -0.30158E+06
 0.58169998E+02 -0.47496E+06
 0.58220001E+02 -0.62020E+06
 0.58270000E+02 -0.72252E+06
 0.58320000E+02 -0.83768E+06
 0.58369999E+02 -0.92172E+06
 0.58419998E+02 -0.92047E+06
 0.58470001E+02 -0.86922E+06
 0.58520000E+02 -0.78932E+06
 0.58570000E+02 -0.71121E+06
 0.58619999E+02 -0.66220E+06
 0.58669998E+02 -0.64600E+06
 0.58720001E+02 -0.65957E+06
 0.58770000E+02 -0.68703E+06
 0.58820000E+02 -0.74288E+06
 0.58869999E+02 -0.79604E+06
 0.58919998E+02 -0.74372E+06
 0.58970001E+02 -0.61085E+06
 0.59020000E+02 -0.45642E+06
 0.59070000E+02 -0.30548E+06
 0.59119999E+02 -0.21051E+06
 0.59169998E+02 -0.10507E+06
 0.59220001E+02  0.62382E+05
 0.59270000E+02  0.24415E+06
 0.59320000E+02  0.38363E+06
 0.59369999E+02  0.45694E+06
 0.59419998E+02  0.52020E+06
 0.59470001E+02  0.57031E+06
 0.59520000E+02  0.60673E+06
 0.59570000E+02  0.65696E+06
 0.59619999E+02  0.69664E+06
 0.59669998E+02  0.77481E+06
 0.59720001E+02  0.87875E+06
 0.59770000E+02  0.98997E+06
 0.59820000E+02  0.11391E+07
 0.59869999E+02  0.12249E+07
 0.59919998E+02  0.12110E+07
 0.59970001E+02  0.11540E+07
 0.60020000E+02  0.10628E+07
 0.60070000E+02  0.88140E+06
 0.60119999E+02  0.58255E+06
 0.60170002E+02  0.26517E+06
 0.60219997E+02 -0.67181E+05
 0.60270000E+02 -0.43032E+06
 0.60320004E+02 -0.71449E+06
 0.60369999E+02 -0.88002E+06
 0.60420002E+02 -0.91618E+06
 0.60469997E+02 -0.86908E+06
 0.60520000E+02 -0.77020E+06
 0.60570004E+02 -0.59915E+06
 0.60619999E+02 -0.41731E+06
 0.60670002E+02 -0.25798E+06
 0.60719997E+02 -0.13499E+06
 0.60770000E+02 -0.43892E+05
 0.60820004E+02  0.24795E+05
 0.60869999E+02  0.43556E+05
 0.60920002E+02  0.29806E+05
 0.60969997E+02  0.16285E+05
 0.61020000E+02 -0.30569E+05
 0.61070004E+02 -0.12721E+06
 0.61119999E+02 -0.22796E+06
 0.61170002E+02 -0.28294E+06
 0.61219997E+02 -0.33762E+06
 0.61270000E+02 -0.43822E+06
 0.61320004E+02 -0.53892E+06
 0.61369999E+02 -0.61983E+06
 0.61420002E+02 -0.61260E+06
 0.61469997E+02 -0.50210E+06
 0.61520000E+02 -0.34519E+06
 0.61570004E+02 -0.16051E+06
 0.61619999E+02 -0.19540E+04
 0.61670002E+02  0.77036E+05
 0.61719997E+02  0.63155E+05
 0.61770000E+02 -0.19290E+05
 0.61820004E+02 -0.99117E+05
 0.61869999E+02 -0.13507E+06
 0.61920002E+02 -0.20156E+06
 0.61969997E+02 -0.31793E+06
 0.62020000E+02 -0.42528E+06
 0.62070004E+02 -0.49805E+06
 0.62119999E+02 -0.53735E+06
 0.62170002E+02 -0.56373E+06
 0.62219997E+02 -0.53512E+06
 0.62270000E+02 -0.44316E+06
 0.62320004E+02 -0.32623E+06
 0.62369999E+02 -0.18560E+06
 0.62420002E+02 -0.80316E+05
 0.62469997E+02 -0.71072E+05
 0.62520000E+02 -0.83839E+05
 0.62570004E+02 -0.43978E+05
 0.62619999E+02 -0.16006E+05
 0.62670002E+02 -0.33009E+05
 0.62719997E+02 -0.60772E+05
 0.62770000E+02 -0.61857E+05
 0.62820004E+02 -0.19618E+05
 0.62869999E+02  0.27235E+05
 0.62920002E+02  0.63567E+05
 0.62969997E+02  0.10205E+06
 0.63020000E+02  0.15211E+06
 0.63070004E+02  0.19536E+06
 0.63119999E+02  0.23507E+06
 0.63170002E+02  0.30494E+06
 0.63219997E+02  0.38363E+06
 0.63270000E+02  0.47507E+06
 0.63320004E+02  0.54869E+06
 0.63369999E+02  0.53738E+06
 0.63420002E+02  0.48364E+06
 0.63469997E+02  0.43098E+06
 0.63520000E+02  0.42678E+06
 0.63570004E+02  0.44162E+06
 0.63619999E+02  0.39454E+06
 0.63670002E+02  0.31743E+06
 0.63719997E+02  0.24320E+06
 0.63770000E+02  0.19813E+06
 0.63820004E+02  0.15599E+06
 0.63869999E+02  0.68809E+05
 0.63920002E+02 -0.47378E+05
 0.63969997E+02 -0.13156E+06
 0.64020004E+02 -0.17736E+06
 0.64070007E+02 -0.22743E+06
 0.64120003E+02 -0.26304E+06
 0.64170006E+02 -0.24707E+06
 0.64220001E+02 -0.14290E+06
 0.64270004E+02 -0.59910E+04
 0.64320007E+02  0.98425E+05
 0.64370003E+02  0.17289E+06
 0.64420006E+02  0.20633E+06
 0.64470001E+02  0.20668E+06
 0.64520004E+02  0.21982E+06
 0.64570007E+02  0.26500E+06
 0.64620003E+02  0.32316E+06
 0.64670006E+02  0.40294E+06
 0.64720001E+02  0.46021E+06
 0.64770004E+02  0.50977E+06
 0.64820007E+02  0.62443E+06
 0.64870003E+02  0.73267E+06
 0.64920006E+02  0.76605E+06
 0.64970001E+02  0.74069E+06
 0.65020004E+02  0.69215E+06
 0.65070007E+02  0.64625E+06
 0.65120003E+02  0.60064E+06
 0.65170006E+02  0.53486E+06
 0.65220001E+02  0.42865E+06
 0.65270004E+02  0.31664E+06
 0.65320007E+02  0.25580E+06
 0.65370003E+02  0.24650E+06
 0.65420006E+02  0.27171E+06
 0.65470001E+02  0.29499E+06
 0.65520004E+02  0.25949E+06
 0.65570007E+02  0.16744E+06
 0.65620003E+02  0.30621E+05
 0.65670006E+02 -0.12173E+06
 0.65720001E+02 -0.24276E+06
 0.65770004E+02 -0.36017E+06
 0.65820007E+02 -0.47147E+06
 0.65870003E+02 -0.55645E+06
 0.65920006E+02 -0.61587E+06
 0.65970001E+02 -0.61385E+06
 0.66020004E+02 -0.56023E+06
 0.66070007E+02 -0.48291E+06
 0.66120003E+02 -0.37635E+06
 0.66170006E+02 -0.25108E+06
 0.66220001E+02 -0.13802E+06
 0.66270004E+02 -0.29724E+05
 0.66320007E+02  0.84637E+05
 0.66370003E+02  0.17618E+06
 0.66420006E+02  0.22301E+06
 0.66470001E+02  0.19446E+06
 0.66520004E+02  0.14003E+06
 0.66570007E+02  0.12305E+06
 0.66620003E+02  0.94629E+05
 0.66670006E+02  0.48609E+05
 0.66720001E+02 -0.48318E+05
 0.66770004E+02 -0.23076E+06
 0.66820007E+02 -0.38984E+06
 0.66870003E+02 -0.47526E+06
 0.66920006E+02 -0.51821E+06
 0.66970001E+02 -0.54172E+06
 0.67020004E+02 -0.56802E+06
 0.67070007E+02 -0.57342E+06
 0.67120003E+02 -0.53796E+06
 0.67170006E+02 -0.44679E+06
 0.67220001E+02 -0.30796E+06
 0.67270004E+02 -0.16458E+06
 0.67320007E+02 -0.30980E+05
 0.67370003E+02  0.70515E+05
 0.67420006E+02  0.12481E+06
 0.67470001E+02  0.14533E+06
 0.67520004E+02  0.15191E+06
 0.67570007E+02  0.15713E+06
 0.67620003E+02  0.19502E+06
 0.67670006E+02  0.25465E+06
 0.67720001E+02  0.27342E+06
 0.67770004E+02  0.23964E+06
 0.67820007E+02  0.16175E+06
 0.67870003E+02  0.98611E+05
 0.67920006E+02  0.74373E+05
 0.67970001E+02  0.33867E+05
 0.68020004E+02 -0.48981E+05
 0.68070007E+02 -0.14586E+06
 0.68120003E+02 -0.20700E+06
 0.68170006E+02 -0.24804E+06
 0.68220001E+02 -0.28288E+06
 0.68270004E+02 -0.29943E+06
 0.68320007E+02 -0.32000E+06
 0.68370003E+02 -0.34372E+06
 0.68420006E+02 -0.35095E+06
 0.68470001E+02 -0.29756E+06
 0.68520004E+02 -0.18239E+06
 0.68570007E+02 -0.79159E+05
 0.68620003E+02  0.65870E+04
 0.68670006E+02  0.11243E+06
 0.68720001E+02  0.23427E+06
 0.68770004E+02  0.37500E+06
 0.68820007E+02  0.54849E+06
 0.68870003E+02  0.71975E+06
 0.68920006E+02  0.84716E+06
 0.68970001E+02  0.89993E+06
 0.69020004E+02  0.88054E+06
 0.69070007E+02  0.82349E+06
 0.69120003E+02  0.73222E+06
 0.69170006E+02  0.62459E+06
 0.69220001E+02  0.55998E+06
 0.69270004E+02  0.57289E+06
 0.69320007E+02  0.61133E+06
 0.69370003E+02  0.63962E+06
 0.69420006E+02  0.65020E+06
 0.69470001E+02  0.60110E+06
 0.69520004E+02  0.50290E+06
 0.69570007E+02  0.39463E+06
 0.69620003E+02  0.27578E+06
 0.69670006E+02  0.16785E+06
 0.69720001E+02  0.92067E+05
 0.69770004E+02  0.36260E+04
 0.69820007E+02 -0.10294E+06
 0.69870003E+02 -0.19262E+06
 0.69920006E+02 -0.27622E+06
 0.69970001E+02 -0.37291E+06
 0.70020004E+02 -0.48256E+06
 0.70070007E+02 -0.58129E+06
 0.70120003E+02 -0.66329E+06
 0.70170006E+02 -0.76227E+06
 0.70220001E+02 -0.85512E+06
 0.70270004E+02 -0.90618E+06
 0.70320007E+02 -0.93122E+06
 0.70370003E+02 -0.94637E+06
 0.70420006E+02 -0.96599E+06
 0.70470001E+02 -0.98111E+06
 0.70520004E+02 -0.97302E+06
 0.70570007E+02 -0.90983E+06
 0.70620003E+02 -0.80715E+06
 0.70670006E+02 -0.69588E+06
 0.70720001E+02 -0.56047E+06
 0.70770004E+02 -0.45496E+06
 0.70820007E+02 -0.40182E+06
 0.70870003E+02 -0.35156E+06
 0.70920006E+02 -0.29766E+06
 0.70970001E+02 -0.22359E+06
 0.71020004E+02 -0.97383E+05
 0.71070007E+02  0.38951E+05
 0.71120003E+02  0.15960E+06
 0.71170006E+02  0.29392E+06
 0.71220001E+02  0.41806E+06
 0.71270004E+02  0.51537E+06
 0.71320007E+02  0.59091E+06
 0.71370003E+02  0.64334E+06
 0.71420006E+02  0.67873E+06
 0.71470001E+02  0.68325E+06
 0.71520004E+02  0.66600E+06
 0.71570007E+02  0.63328E+06
 0.71620003E+02  0.55884E+06
 0.71670006E+02  0.44770E+06
 0.71720001E+02  0.33072E+06
 0.71770004E+02  0.21297E+06
 0.71820007E+02  0.97924E+05
 0.71870003E+02  0.77710E+04
 0.71920006E+02 -0.74183E+05
 0.71970001E+02 -0.17029E+06
 0.72020004E+02 -0.26348E+06
 0.72070007E+02 -0.32957E+06
 0.72120003E+02 -0.37154E+06
 0.72170006E+02 -0.42297E+06
 0.72220001E+02 -0.46562E+06
 0.72270004E+02 -0.45946E+06
 0.72320007E+02 -0.45155E+06
 0.72370003E+02 -0.47783E+06
 0.72420006E+02 -0.50687E+06
 0.72470001E+02 -0.53361E+06
 0.72520004E+02 -0.54880E+06
 0.72570007E+02 -0.53517E+06
 0.72620003E+02 -0.50848E+06
 0.72670006E+02 -0.46292E+06
 0.72720001E+02 -0.40321E+06
 0.72770004E+02 -0.34924E+06
 0.72820007E+02 -0.28884E+06
 0.72870003E+02 -0.21862E+06
 0.72920006E+02 -0.14406E+06
 0.72970001E+02 -0.85852E+05
 0.73020004E+02 -0.29903E+05
 0.73070007E+02  0.52217E+05
 0.73120003E+02  0.10376E+06
 0.73170006E+02  0.10764E+06
 0.73220001E+02  0.10145E+06
 0.73270004E+02  0.96566E+05
 0.73320007E+02  0.10618E+06
 0.73370003E+02  0.12656E+06
 0.73420006E+02  0.14723E+06
 0.73470001E+02  0.16875E+06
 0.73520004E+02  0.19176E+06
 0.73570007E+02  0.20774E+06
 0.73620003E+02  0.19297E+06
 0.73670006E+02  0.14467E+06
 0.73720001E+02  0.82499E+05
 0.73770004E+02  0.25868E+05
 0.73820007E+02  0.22030E+04
 0.73870003E+02 -0.22200E+04
 0.73920006E+02 -0.21455E+05
 0.73970001E+02 -0.43070E+05
 0.74020004E+02 -0.79537E+05
 0.74070007E+02 -0.14849E+06
 0.74120003E+02 -0.22382E+06
 0.74170006E+02 -0.28397E+06
 0.74220001E+02 -0.31407E+06
 0.74270004E+02 -0.30814E+06
 0.74320007E+02 -0.26331E+06
 0.74370003E+02 -0.19108E+06
 0.74420006E+02 -0.12146E+06
 0.74470001E+02 -0.66908E+05
 0.74520004E+02 -0.12086E+05
 0.74570007E+02  0.45862E+05
 0.74620003E+02  0.99062E+05
 0.74670006E+02  0.16631E+06
 0.74720001E+02  0.25256E+06
 0.74770004E+02  0.34054E+06
 0.74820007E+02  0.41807E+06
 0.74870003E+02  0.49062E+06
 0.74920006E+02  0.55924E+06
 0.74970001E+02  0.60267E+06
 0.75020004E+02  0.61771E+06
 0.75070007E+02  0.62795E+06
 0.75120003E+02  0.63921E+06
 0.75170006E+02  0.63434E+06
 0.75220001E+02  0.61183E+06
 0.75270004E+02  0.56193E+06
 0.75320007E+02  0.48488E+06
 0.75370003E+02  0.40406E+06
 0.75420006E+02  0.33041E+06
 0.75470001E+02  0.27598E+06
 0.75520004E+02  0.23921E+06
 0.75570007E+02  0.20136E+06
 0.75620003E+02  0.15222E+06
 0.75670006E+02  0.96628E+05
 0.75720001E+02  0.41464E+05
 0.75770004E+02  0.75110E+04
 0.75820007E+02  0.16230E+04
 0.75870003E+02  0.37330E+04
 0.75920006E+02  0.58720E+04
 0.75970001E+02 -0.19390E+04
 0.76020004E+02 -0.18047E+05
 0.76070007E+02 -0.40907E+05
 0.76120003E+02 -0.62059E+05
 0.76170006E+02 -0.48637E+05
 0.76220001E+02  0.23500E+03
 0.76270004E+02  0.65446E+05
 0.76320007E+02  0.13377E+06
 0.76370003E+02  0.19414E+06
 0.76420006E+02  0.23884E+06
 0.76470001E+02  0.26288E+06
 0.76520004E+02  0.29089E+06
 0.76570007E+02  0.34628E+06
 0.76620003E+02  0.39018E+06
 0.76670006E+02  0.38368E+06
 0.76720001E+02  0.35245E+06
 0.76770004E+02  0.31793E+06
 0.76820007E+02  0.29073E+06
 0.76870003E+02  0.28323E+06
 0.76920006E+02  0.25664E+06
 0.76970001E+02  0.19032E+06
 0.77020004E+02  0.12382E+06
 0.77070007E+02  0.78153E+05
 0.77120003E+02  0.33513E+05
 0.77170006E+02 -0.33464E+05
 0.77220001E+02 -0.11521E+06
 0.77270004E+02 -0.18356E+06
 0.77320007E+02 -0.24120E+06
 0.77370003E+02 -0.28665E+06
 0.77420006E+02 -0.28837E+06
 0.77470001E+02 -0.27212E+06
 0.77520004E+02 -0.26442E+06
 0.77570007E+02 -0.23340E+06
 0.77620003E+02 -0.18158E+06
 0.77670006E+02 -0.14126E+06
 0.77720001E+02 -0.12937E+06
 0.77770004E+02 -0.13348E+06
 0.77820007E+02 -0.13253E+06
 0.77870003E+02 -0.13313E+06
 0.77920006E+02 -0.13696E+06
 0.77970001E+02 -0.12477E+06
 0.78020004E+02 -0.93072E+05
 0.78070007E+02 -0.61112E+05
 0.78120003E+02 -0.18721E+05
 0.78170006E+02  0.53151E+05
 0.78220001E+02  0.12630E+06
 0.78270004E+02  0.18922E+06
 0.78320007E+02  0.26321E+06
 0.78370003E+02  0.33680E+06
 0.78420006E+02  0.37199E+06
 0.78470001E+02  0.35911E+06
 0.78520004E+02  0.34175E+06
 0.78570007E+02  0.34705E+06
 0.78620003E+02  0.34348E+06
 0.78670006E+02  0.31368E+06
 0.78720001E+02  0.27399E+06
 0.78770004E+02  0.24276E+06
 0.78820007E+02  0.21293E+06
 0.78870003E+02  0.14653E+06
 0.78920006E+02  0.32649E+05
 0.78970001E+02 -0.10493E+06
 0.79020004E+02 -0.23690E+06
 0.79070007E+02 -0.35607E+06
 0.79120003E+02 -0.46866E+06
 0.79170006E+02 -0.56082E+06
 0.79220001E+02 -0.63235E+06
 0.79270004E+02 -0.70150E+06
 0.79320007E+02 -0.76691E+06
 0.79370003E+02 -0.81032E+06
 0.79420006E+02 -0.83281E+06
 0.79470001E+02 -0.84608E+06
 0.79520004E+02 -0.85325E+06
 0.79570007E+02 -0.85477E+06
 0.79620003E+02 -0.84892E+06
 0.79670006E+02 -0.83588E+06
 0.79720001E+02 -0.81048E+06
 0.79770004E+02 -0.75824E+06
 0.79820007E+02 -0.66659E+06
 0.79870003E+02 -0.55683E+06
 0.79920006E+02 -0.46686E+06
 0.79970001E+02 -0.40726E+06
 0.80020004E+02 -0.35927E+06
 0.80070007E+02 -0.29456E+06
 0.80120003E+02 -0.21760E+06
 0.80170006E+02 -0.15721E+06
 0.80220001E+02 -0.11234E+06
 0.80270004E+02 -0.61258E+05
 0.80320007E+02  0.11110E+04
 0.80370003E+02  0.75945E+05
 0.80420006E+02  0.17206E+06
 0.80470001E+02  0.27768E+06
 0.80520004E+02  0.35289E+06
 0.80570007E+02  0.38904E+06
 0.80620003E+02  0.41718E+06
 0.80670006E+02  0.42874E+06
 0.80720001E+02  0.39364E+06
 0.80770004E+02  0.33389E+06
 0.80820007E+02  0.28076E+06
 0.80870003E+02  0.22060E+06
 0.80920006E+02  0.14807E+06
 0.80970001E+02  0.88136E+05
 0.81020004E+02  0.48778E+05
 0.81070007E+02  0.31536E+05
 0.81120003E+02  0.48869E+05
 0.81170006E+02  0.94833E+05
 0.81220001E+02  0.15244E+06
 0.81270004E+02  0.20273E+06
 0.81320007E+02  0.23957E+06
 0.81370003E+02  0.26600E+06
 0.81420006E+02  0.25876E+06
 0.81470001E+02  0.22912E+06
 0.81520004E+02  0.20072E+06
 0.81570007E+02  0.16713E+06
 0.81620003E+02  0.14511E+06
 0.81670006E+02  0.14642E+06
 0.81720001E+02  0.16474E+06
 0.81770004E+02  0.18296E+06
 0.81820007E+02  0.19649E+06
 0.81870003E+02  0.22345E+06
 0.81920006E+02  0.25300E+06
 0.81970001E+02  0.26138E+06
 0.82020004E+02  0.23730E+06
 0.82070007E+02  0.19134E+06
 0.82120003E+02  0.14135E+06
 0.82170006E+02  0.89570E+05
 0.82220001E+02  0.53138E+05
 0.82270004E+02  0.31137E+05
 0.82320007E+02  0.23801E+05
 0.82370003E+02  0.45720E+05
 0.82420006E+02  0.61976E+05
 0.82470001E+02  0.53067E+05
 0.82520004E+02  0.37867E+05
 0.82570007E+02  0.28995E+05
 0.82620003E+02  0.16470E+05
 0.82670006E+02 -0.56930E+04
 0.82720001E+02 -0.19905E+05
 0.82770004E+02 -0.22037E+05
 0.82820007E+02 -0.10553E+05
 0.82870003E+02  0.94200E+03
 0.82920006E+02  0.80760E+04
 0.82970001E+02  0.27541E+05
 0.83020004E+02  0.55009E+05
 0.83070007E+02  0.88381E+05
 0.83120003E+02  0.11307E+06
 0.83170006E+02  0.11337E+06
 0.83220001E+02  0.93755E+05
 0.83270004E+02  0.42052E+05
 0.83320007E+02 -0.35208E+05
 0.83370003E+02 -0.10680E+06
 0.83420006E+02 -0.15411E+06
 0.83470001E+02 -0.16517E+06
 0.83520004E+02 -0.14136E+06
 0.83570007E+02 -0.82329E+05
 0.83620003E+02  0.27380E+04
 0.83670006E+02  0.88751E+05
 0.83720001E+02  0.15189E+06
 0.83770004E+02  0.18011E+06
 0.83820007E+02  0.19019E+06
 0.83870003E+02  0.18525E+06
 0.83920006E+02  0.16342E+06
 0.83970001E+02  0.13442E+06
 0.84020004E+02  0.95382E+05
 0.84070007E+02  0.54551E+05
 0.84120003E+02  0.37157E+05
 0.84170006E+02  0.52405E+05
 0.84220001E+02  0.81034E+05
 0.84270004E+02  0.10132E+06
 0.84320007E+02  0.10985E+06
 0.84370003E+02  0.10949E+06
 0.84420006E+02  0.76699E+05
 0.84470001E+02  0.12603E+05
 0.84520004E+02 -0.33955E+05
 0.84570007E+02 -0.54406E+05
 0.84620003E+02 -0.59889E+05
 0.84670006E+02 -0.42139E+05
 0.84720001E+02 -0.18000E+03
 0.84770004E+02  0.62233E+05
 0.84820007E+02  0.14590E+06
 0.84870003E+02  0.24817E+06
 0.84920006E+02  0.35435E+06
 0.84970001E+02  0.44634E+06
 0.85020004E+02  0.50722E+06
 0.85070007E+02  0.53757E+06
 0.85120003E+02  0.53937E+06
 0.85170006E+02  0.51713E+06
 0.85220001E+02  0.49239E+06
 0.85270004E+02  0.47918E+06
 0.85320007E+02  0.46990E+06
 0.85370003E+02  0.43285E+06
 0.85420006E+02  0.36583E+06
 0.85470001E+02  0.29449E+06
 0.85520004E+02  0.23189E+06
 0.85570007E+02  0.17744E+06
 0.85620003E+02  0.13561E+06
 0.85670006E+02  0.12791E+06
 0.85720001E+02  0.13934E+06
 0.85770004E+02  0.14522E+06
 0.85820007E+02  0.14660E+06
 0.85870003E+02  0.13784E+06
 0.85920006E+02  0.11038E+06
 0.85970001E+02  0.65950E+05
 0.86020004E+02  0.29216E+05
 0.86070007E+02  0.31350E+04
 0.86120003E+02 -0.24649E+05
 0.86170006E+02 -0.42138E+05
 0.86220001E+02 -0.45340E+05
 0.86270004E+02 -0.29432E+05
 0.86320007E+02  0.15800E+03
 0.86370003E+02  0.30866E+05
 0.86420006E+02  0.55417E+05
 0.86470001E+02  0.62441E+05
 0.86520004E+02  0.51219E+05
 0.86570007E+02  0.19352E+05
 0.86620003E+02 -0.20759E+05
 0.86670006E+02 -0.59486E+05
 0.86720001E+02 -0.10899E+06
 0.86770004E+02 -0.16558E+06
 0.86820007E+02 -0.20926E+06
 0.86870003E+02 -0.22509E+06
 0.86920006E+02 -0.22007E+06
 0.86970001E+02 -0.20225E+06
 0.87020004E+02 -0.18093E+06
 0.87070007E+02 -0.17798E+06
 0.87120003E+02 -0.19662E+06
 0.87170006E+02 -0.22152E+06
 0.87220001E+02 -0.23081E+06
 0.87270004E+02 -0.22574E+06
 0.87320007E+02 -0.22132E+06
 0.87370003E+02 -0.20709E+06
 0.87420006E+02 -0.18974E+06
 0.87470001E+02 -0.18773E+06
 0.87520004E+02 -0.19875E+06
 0.87570007E+02 -0.21587E+06
 0.87620003E+02 -0.24479E+06
 0.87670006E+02 -0.29294E+06
 0.87720001E+02 -0.33874E+06
 0.87770004E+02 -0.36452E+06
 0.87820007E+02 -0.37640E+06
 0.87870003E+02 -0.39674E+06
 0.87920006E+02 -0.43713E+06
 0.87970001E+02 -0.47881E+06
 0.88020004E+02 -0.51922E+06
 0.88070007E+02 -0.55000E+06
 0.88120003E+02 -0.54845E+06
 0.88170006E+02 -0.52003E+06
 0.88220001E+02 -0.48450E+06
 0.88270004E+02 -0.45073E+06
 0.88320007E+02 -0.41510E+06
 0.88370003E+02 -0.37386E+06
 0.88420006E+02 -0.32510E+06
 0.88470001E+02 -0.28235E+06
 0.88520004E+02 -0.26279E+06
 0.88570007E+02 -0.25775E+06
 0.88620003E+02 -0.25752E+06
 0.88670006E+02 -0.26275E+06
 0.88720001E+02 -0.26308E+06
 0.88770004E+02 -0.25143E+06
 0.88820007E+02 -0.24296E+06
 0.88870003E+02 -0.24615E+06
 0.88920006E+02 -0.24503E+06
 0.88970001E+02 -0.24061E+06
 0.89020004E+02 -0.24464E+06
 0.89070007E+02 -0.24294E+06
 0.89120003E+02 -0.22742E+06
 0.89170006E+02 -0.20659E+06
 0.89220001E+02 -0.18553E+06
 0.89270004E+02 -0.17089E+06
 0.89320007E+02 -0.18338E+06
 0.89370003E+02 -0.22880E+06
 0.89420006E+02 -0.28302E+06
 0.89470001E+02 -0.34067E+06
 0.89520004E+02 -0.40492E+06
 0.89570007E+02 -0.46239E+06
 0.89620003E+02 -0.50765E+06
 0.89670006E+02 -0.54639E+06
 0.89720001E+02 -0.56979E+06
 0.89770004E+02 -0.56080E+06
 0.89820007E+02 -0.53392E+06
 0.89870003E+02 -0.50882E+06
 0.89920006E+02 -0.48148E+06
 0.89970001E+02 -0.44399E+06
 0.90020004E+02 -0.40218E+06
 0.90070007E+02 -0.36871E+06
 0.90120003E+02 -0.33687E+06
 0.90170006E+02 -0.30222E+06
 0.90220001E+02 -0.26823E+06
 0.90270004E+02 -0.23796E+06
 0.90320007E+02 -0.21318E+06
 0.90370003E+02 -0.18093E+06
 0.90420006E+02 -0.13337E+06
 0.90470001E+02 -0.72298E+05
 0.90520004E+02  0.29210E+04
 0.90570007E+02  0.96098E+05
 0.90620003E+02  0.19287E+06
 0.90670006E+02  0.26642E+06
 0.90720001E+02  0.31177E+06
 0.90770004E+02  0.33434E+06
 0.90820007E+02  0.34132E+06
 0.90870003E+02  0.34860E+06
 0.90920006E+02  0.36357E+06
 0.90970001E+02  0.38016E+06
 0.91020004E+02  0.39860E+06
 0.91070007E+02  0.42178E+06
 0.91120003E+02  0.45058E+06
 0.91170006E+02  0.49433E+06
 0.91220001E+02  0.55189E+06
 0.91270004E+02  0.60260E+06
 0.91320007E+02  0.64120E+06
 0.91370003E+02  0.68274E+06
 0.91420006E+02  0.73905E+06
 0.91470001E+02  0.79281E+06
 0.91520004E+02  0.82089E+06
 0.91570007E+02  0.83741E+06
 0.91620003E+02  0.84581E+06
 0.91670006E+02  0.83951E+06
 0.91720001E+02  0.83389E+06
 0.91770004E+02  0.82534E+06
 0.91820007E+02  0.80638E+06
 0.91870003E+02  0.78989E+06
 0.91920006E+02  0.76784E+06
 0.91970001E+02  0.72865E+06
 0.92020004E+02  0.68169E+06
 0.92070007E+02  0.62585E+06
 0.92120003E+02  0.55399E+06
 0.92170006E+02  0.46908E+06
 0.92220001E+02  0.37516E+06
 0.92270004E+02  0.27117E+06
 0.92320007E+02  0.17042E+06
 0.92370003E+02  0.78411E+05
 0.92420006E+02 -0.25720E+04
 0.92470001E+02 -0.53979E+05
 0.92520004E+02 -0.85791E+05
 0.92570007E+02 -0.10646E+06
 0.92620003E+02 -0.11428E+06
 0.92670006E+02 -0.11372E+06
 0.92720001E+02 -0.11096E+06
 0.92770004E+02 -0.11238E+06
 0.92820007E+02 -0.10821E+06
 0.92870003E+02 -0.10023E+06
 0.92920006E+02 -0.93189E+05
 0.92970001E+02 -0.82048E+05
 0.93020004E+02 -0.64650E+05
 0.93070007E+02 -0.34813E+05
 0.93120003E+02  0.65000E+04
 0.93170006E+02  0.51085E+05
 0.93220001E+02  0.10087E+06
 0.93270004E+02  0.15074E+06
 0.93320007E+02  0.19318E+06
 0.93370003E+02  0.22847E+06
 0.93420006E+02  0.25085E+06
 0.93470001E+02  0.26973E+06
 0.93520004E+02  0.29854E+06
 0.93570007E+02  0.33145E+06
 0.93620003E+02  0.35090E+06
 0.93670006E+02  0.34734E+06
 0.93720001E+02  0.33163E+06
 0.93770004E+02  0.31311E+06
 0.93820007E+02  0.29514E+06
 0.93870003E+02  0.27448E+06
 0.93920006E+02  0.24218E+06
 0.93970001E+02  0.20176E+06
 0.94020004E+02  0.16325E+06
 0.94070007E+02  0.12868E+06
 0.94120003E+02  0.87050E+05
 0.94170006E+02  0.31227E+05
 0.94220001E+02 -0.27940E+05
 0.94270004E+02 -0.82918E+05
 0.94320007E+02 -0.14028E+06
 0.94370003E+02 -0.20210E+06
 0.94420006E+02 -0.25730E+06
 0.94470001E+02 -0.29242E+06
 0.94520004E+02 -0.30870E+06
 0.94570007E+02 -0.32083E+06
 0.94620003E+02 -0.33461E+06
 0.94670006E+02 -0.34582E+06
 0.94720001E+02 -0.34999E+06
 0.94770004E+02 -0.35752E+06
 0.94820007E+02 -0.37710E+06
 0.94870003E+02 -0.40072E+06
 0.94920006E+02 -0.43030E+06
 0.94970001E+02 -0.47290E+06
 0.95020004E+02 -0.52271E+06
 0.95070007E+02 -0.55162E+06
 0.95120003E+02 -0.54234E+06
 0.95170006E+02 -0.50838E+06
 0.95220001E+02 -0.45878E+06
 0.95270004E+02 -0.40409E+06
 0.95320007E+02 -0.36607E+06
 0.95370003E+02 -0.34789E+06
 0.95420006E+02 -0.33180E+06
 0.95470001E+02 -0.31897E+06
 0.95520004E+02 -0.31940E+06
 0.95570007E+02 -0.32036E+06
 0.95620003E+02 -0.31525E+06
 0.95670006E+02 -0.30993E+06
 0.95720001E+02 -0.30345E+06
 0.95770004E+02 -0.29629E+06
 0.95820007E+02 -0.29163E+06
 0.95870003E+02 -0.28088E+06
 0.95920006E+02 -0.25124E+06
 0.95970001E+02 -0.20468E+06
 0.96020004E+02 -0.14542E+06
 0.96070007E+02 -0.77334E+05
 0.96120003E+02 -0.11348E+05
 0.96170006E+02  0.43743E+05
 0.96220001E+02  0.89173E+05
 0.96270004E+02  0.13582E+06
 0.96320007E+02  0.18479E+06
 0.96370003E+02  0.23216E+06
 0.96420006E+02  0.27934E+06
 0.96470001E+02  0.32333E+06
 0.96520004E+02  0.36208E+06
 0.96570007E+02  0.39590E+06
 0.96620003E+02  0.41725E+06
 0.96670006E+02  0.42101E+06
 0.96720001E+02  0.42301E+06
 0.96770004E+02  0.42124E+06
 0.96820007E+02  0.40906E+06
 0.96870003E+02  0.40212E+06
 0.96920006E+02  0.39407E+06
 0.96970001E+02  0.37605E+06
 0.97020004E+02  0.34263E+06
 0.97070007E+02  0.29152E+06
 0.97120003E+02  0.23313E+06
 0.97170006E+02  0.17259E+06
 0.97220001E+02  0.11419E+06
 0.97270004E+02  0.55924E+05
 0.97320007E+02 -0.42010E+04
 0.97370003E+02 -0.71724E+05
 0.97420006E+02 -0.14994E+06
 0.97470001E+02 -0.22984E+06
 0.97520004E+02 -0.30617E+06
 0.97570007E+02 -0.37787E+06
 0.97620003E+02 -0.44391E+06
 0.97670006E+02 -0.49373E+06
 0.97720001E+02 -0.52171E+06
 0.97770004E+02 -0.53626E+06
 0.97820007E+02 -0.54416E+06
 0.97870003E+02 -0.55044E+06
 0.97920006E+02 -0.54320E+06
 0.97970001E+02 -0.50530E+06
 0.98020004E+02 -0.44352E+06
 0.98070007E+02 -0.36972E+06
 0.98120003E+02 -0.28929E+06
 0.98170006E+02 -0.20778E+06
 0.98220001E+02 -0.12970E+06
 0.98270004E+02 -0.59885E+05
 0.98320007E+02 -0.68560E+04
 0.98370003E+02  0.29356E+05
 0.98420006E+02  0.57206E+05
 0.98470001E+02  0.79951E+05
 0.98520004E+02  0.10310E+06
 0.98570007E+02  0.12610E+06
 0.98620003E+02  0.14290E+06
 0.98670006E+02  0.14958E+06
 0.98720001E+02  0.14817E+06
 0.98770004E+02  0.15118E+06
 0.98820007E+02  0.15957E+06
 0.98870003E+02  0.17016E+06
 0.98920006E+02  0.18017E+06
 0.98970001E+02  0.18446E+06
 0.99020004E+02  0.19188E+06
 0.99070007E+02  0.20040E+06
 0.99120003E+02  0.19481E+06
 0.99170006E+02  0.17927E+06
 0.99220001E+02  0.17110E+06
 0.99270004E+02  0.17605E+06
 0.99320007E+02  0.18413E+06
 0.99370003E+02  0.18938E+06
 0.99420006E+02  0.19740E+06
 0.99470001E+02  0.21160E+06
 0.99520004E+02  0.22584E+06
 0.99570007E+02  0.23506E+06
 0.99620003E+02  0.23540E+06
 0.99670006E+02  0.21567E+06
 0.99720001E+02  0.17923E+06
 0.99770004E+02  0.13944E+06
 0.99820007E+02  0.99541E+05
 0.99870003E+02  0.62527E+05
 0.99920006E+02  0.25302E+05
 0.99970001E+02 -0.15673E+05
 0.10002000E+03 -0.59293E+05
 0.10007001E+03 -0.11046E+06
 0.10012000E+03 -0.16606E+06
 0.10017001E+03 -0.21436E+06
 0.10022000E+03 -0.24666E+06
 0.10027000E+03 -0.25525E+06
 0.10032001E+03 -0.23862E+06
 0.10037000E+03 -0.20949E+06
 0.10042001E+03 -0.17740E+06
 0.10047000E+03 -0.13560E+06
 0.10052000E+03 -0.87052E+05
 0.10057001E+03 -0.42446E+05
 0.10062000E+03 -0.62470E+04
 0.10067001E+03  0.12145E+05
 0.10072000E+03  0.11829E+05
 0.10077000E+03  0.26920E+04
 0.10082001E+03 -0.89500E+04
 0.10087000E+03 -0.22161E+05
 0.10092001E+03 -0.42231E+05
 0.10097000E+03 -0.60645E+05
 0.10102000E+03 -0.63713E+05
 0.10107001E+03 -0.59990E+05
 0.10112000E+03 -0.50935E+05
 0.10117001E+03 -0.25238E+05
 0.10122000E+03  0.94300E+04
 0.10127000E+03  0.42975E+05
 0.10132001E+03  0.78849E+05
 0.10137000E+03  0.10801E+06
 0.10142001E+03  0.11454E+06
 0.10147000E+03  0.10484E+06
 0.10152000E+03  0.93636E+05
 0.10157001E+03  0.84552E+05
 0.10162000E+03  0.82696E+05
 0.10167001E+03  0.98180E+05
 0.10172000E+03  0.13264E+06
 0.10177000E+03  0.17672E+06
 0.10182001E+03  0.21998E+06
 0.10187000E+03  0.26158E+06
 0.10192001E+03  0.29826E+06
 0.10197000E+03  0.31518E+06
 0.10202000E+03  0.31094E+06
 0.10207001E+03  0.29910E+06
 0.10212000E+03  0.28528E+06
 0.10217001E+03  0.27054E+06
 0.10222000E+03  0.25953E+06
 0.10227000E+03  0.24920E+06
 0.10232001E+03  0.22844E+06
 0.10237000E+03  0.20514E+06
 0.10242001E+03  0.18666E+06
 0.10247000E+03  0.16959E+06
 0.10252000E+03  0.15462E+06
 0.10257001E+03  0.12909E+06
 0.10262000E+03  0.95189E+05
 0.10267001E+03  0.67890E+05
 0.10272000E+03  0.51943E+05
 0.10277000E+03  0.39011E+05
 0.10282001E+03  0.17705E+05
 0.10287000E+03 -0.12413E+05
 0.10292001E+03 -0.50488E+05
 0.10297000E+03 -0.83019E+05
 0.10302000E+03 -0.10660E+06
 0.10307001E+03 -0.12014E+06
 0.10312000E+03 -0.11857E+06
 0.10317001E+03 -0.10430E+06
 0.10322000E+03 -0.77122E+05
 0.10327000E+03 -0.41019E+05
 0.10332001E+03  0.66510E+04
 0.10337000E+03  0.60343E+05
 0.10342001E+03  0.11677E+06
 0.10347000E+03  0.17724E+06
 0.10352000E+03  0.22852E+06
 0.10357001E+03  0.26232E+06
 0.10362000E+03  0.27729E+06
 0.10367001E+03  0.27710E+06
 0.10372000E+03  0.26560E+06
 0.10377000E+03  0.24741E+06
 0.10382001E+03  0.22486E+06
 0.10387000E+03  0.19340E+06
 0.10392001E+03  0.15352E+06
 0.10397000E+03  0.10487E+06
 0.10402000E+03  0.49970E+05
 0.10407001E+03 -0.13390E+04
 0.10412000E+03 -0.40265E+05
 0.10417001E+03 -0.67248E+05
 0.10422000E+03 -0.92740E+05
 0.10427000E+03 -0.11882E+06
 0.10432001E+03 -0.13162E+06
 0.10437000E+03 -0.12658E+06
 0.10442001E+03 -0.11204E+06
 0.10447000E+03 -0.83836E+05
 0.10452000E+03 -0.45636E+05
 0.10457001E+03 -0.12592E+05
 0.10462000E+03  0.70570E+04
 0.10467001E+03  0.10649E+05
 0.10472000E+03  0.56060E+04
 0.10477000E+03 -0.32970E+04
 0.10482001E+03 -0.16220E+05
 0.10487000E+03 -0.30116E+05
 0.10492001E+03 -0.41923E+05
 0.10497000E+03 -0.54952E+05
 0.10502000E+03 -0.70948E+05
 0.10507001E+03 -0.92373E+05
 0.10512000E+03 -0.12486E+06
 0.10517001E+03 -0.15367E+06
 0.10522000E+03 -0.16470E+06
 0.10527000E+03 -0.16182E+06
 0.10532001E+03 -0.15125E+06
 0.10537000E+03 -0.13624E+06
 0.10542001E+03 -0.12130E+06
 0.10547000E+03 -0.11132E+06
 0.10552000E+03 -0.10032E+06
 0.10557001E+03 -0.83388E+05
 0.10562000E+03 -0.62650E+05
 0.10567001E+03 -0.41728E+05
 0.10572000E+03 -0.23575E+05
 0.10577000E+03 -0.18130E+04
 0.10582001E+03  0.24947E+05
 0.10587000E+03  0.43517E+05
 0.10592001E+03  0.50102E+05
 0.10597000E+03  0.47679E+05
 0.10602000E+03  0.41019E+05
 0.10607001E+03  0.30864E+05
 0.10612000E+03  0.10010E+05
 0.10617001E+03 -0.15507E+05
 0.10622000E+03 -0.41247E+05
 0.10627000E+03 -0.67915E+05
 0.10632001E+03 -0.95769E+05
 0.10637000E+03 -0.12532E+06
 0.10642001E+03 -0.15562E+06
 0.10647000E+03 -0.18907E+06
 0.10652000E+03 -0.22208E+06
 0.10657001E+03 -0.24929E+06
 0.10662000E+03 -0.26642E+06
 0.10667001E+03 -0.27376E+06
 0.10672000E+03 -0.27719E+06
 0.10677000E+03 -0.27407E+06
 0.10682001E+03 -0.26186E+06
 0.10687000E+03 -0.24725E+06
 0.10692001E+03 -0.23898E+06
 0.10697000E+03 -0.24264E+06
 0.10702000E+03 -0.25158E+06
 0.10707001E+03 -0.25869E+06
 0.10712000E+03 -0.26809E+06
 0.10717001E+03 -0.28018E+06
 0.10722000E+03 -0.29106E+06
 0.10727000E+03 -0.30008E+06
 0.10732001E+03 -0.31288E+06
 0.10737000E+03 -0.33233E+06
 0.10742001E+03 -0.35119E+06
 0.10747000E+03 -0.36647E+06
 0.10752000E+03 -0.38016E+06
 0.10757001E+03 -0.39608E+06
 0.10762000E+03 -0.41974E+06
 0.10767001E+03 -0.44974E+06
 0.10772000E+03 -0.47848E+06
 0.10777000E+03 -0.49715E+06
 0.10782001E+03 -0.49919E+06
 0.10787000E+03 -0.48668E+06
 0.10792001E+03 -0.47121E+06
 0.10797000E+03 -0.45656E+06
 0.10802000E+03 -0.43708E+06
 0.10807001E+03 -0.41045E+06
 0.10812000E+03 -0.36914E+06
 0.10817001E+03 -0.31125E+06
 0.10822000E+03 -0.24704E+06
 0.10827000E+03 -0.17955E+06
 0.10832001E+03 -0.11089E+06
 0.10837000E+03 -0.49687E+05
 0.10842001E+03  0.37960E+04
 0.10847000E+03  0.58528E+05
 0.10852000E+03  0.11888E+06
 0.10857001E+03  0.18081E+06
 0.10862000E+03  0.24163E+06
 0.10867001E+03  0.29941E+06
 0.10872000E+03  0.34668E+06
 0.10877000E+03  0.38041E+06
 0.10882001E+03  0.40443E+06
 0.10887000E+03  0.42507E+06
 0.10892001E+03  0.44028E+06
 0.10897000E+03  0.44380E+06
 0.10902000E+03  0.43388E+06
 0.10907001E+03  0.40776E+06
 0.10912000E+03  0.37499E+06
 0.10917001E+03  0.34723E+06
 0.10922000E+03  0.32574E+06
 0.10927000E+03  0.30660E+06
 0.10932001E+03  0.28378E+06
 0.10937000E+03  0.26304E+06
 0.10942001E+03  0.24495E+06
 0.10947000E+03  0.22367E+06
 0.10952000E+03  0.20522E+06
 0.10957001E+03  0.19514E+06
 0.10962000E+03  0.19819E+06
 0.10967001E+03  0.21866E+06
 0.10972000E+03  0.24867E+06
 0.10977000E+03  0.27478E+06
 0.10982001E+03  0.29678E+06
 0.10987000E+03  0.31487E+06
 0.10992001E+03  0.32396E+06
 0.10997000E+03  0.32625E+06
 0.11002000E+03  0.32268E+06
 0.11007001E+03  0.31802E+06
 0.11012000E+03  0.31174E+06
 0.11017001E+03  0.29880E+06
 0.11022000E+03  0.28356E+06
 0.11027000E+03  0.26588E+06
 0.11032001E+03  0.24132E+06
 0.11037000E+03  0.20543E+06
 0.11042001E+03  0.16005E+06
 0.11047000E+03  0.10990E+06
 0.11052000E+03  0.56785E+05
 0.11057001E+03  0.71350E+04
 0.11062000E+03 -0.40827E+05
 0.11067001E+03 -0.95824E+05
 0.11072000E+03 -0.15552E+06
 0.11077000E+03 -0.20969E+06
 0.11082001E+03 -0.25009E+06
 0.11087000E+03 -0.27677E+06
 0.11092001E+03 -0.29553E+06
 0.11097000E+03 -0.30758E+06
 0.11102000E+03 -0.31234E+06
 0.11107001E+03 -0.31182E+06
 0.11112000E+03 -0.30306E+06
 0.11117001E+03 -0.27435E+06
 0.11122000E+03 -0.22531E+06
 0.11127000E+03 -0.16769E+06
 0.11132001E+03 -0.10653E+06
 0.11137000E+03 -0.54987E+05
 0.11142001E+03 -0.13648E+05
 0.11147000E+03  0.28660E+05
 0.11152000E+03  0.68667E+05
 0.11157001E+03  0.10994E+06
 0.11162000E+03  0.15212E+06
 0.11167001E+03  0.18882E+06
 0.11172000E+03  0.22367E+06
 0.11177000E+03  0.25800E+06
 0.11182001E+03  0.28258E+06
 0.11187000E+03  0.29198E+06
 0.11192001E+03  0.28579E+06
 0.11197000E+03  0.26171E+06
 0.11202000E+03  0.23017E+06
 0.11207001E+03  0.20182E+06
 0.11212000E+03  0.17526E+06
 0.11217001E+03  0.15458E+06
 0.11222000E+03  0.14598E+06
 0.11227000E+03  0.14088E+06
 0.11232001E+03  0.13101E+06
 0.11237000E+03  0.12172E+06
 0.11242001E+03  0.11791E+06
 0.11247000E+03  0.12264E+06
 0.11252000E+03  0.13641E+06
 0.11257001E+03  0.15531E+06
 0.11262000E+03  0.17025E+06
 0.11267001E+03  0.16859E+06
 0.11272000E+03  0.15041E+06
 0.11277000E+03  0.12578E+06
 0.11282001E+03  0.10143E+06
 0.11287000E+03  0.81588E+05
 0.11292001E+03  0.66581E+05
 0.11297000E+03  0.51524E+05
 0.11302000E+03  0.33447E+05
 0.11307001E+03  0.67590E+04
 0.11312000E+03 -0.27440E+05
 0.11317001E+03 -0.60888E+05
 0.11322000E+03 -0.95021E+05
 0.11327000E+03 -0.12354E+06
 0.11332001E+03 -0.14027E+06
 0.11337000E+03 -0.14748E+06
 0.11342001E+03 -0.14751E+06
 0.11347000E+03 -0.13849E+06
 0.11352000E+03 -0.11306E+06
 0.11357001E+03 -0.75791E+05
 0.11362000E+03 -0.36538E+05
 0.11367001E+03  0.21490E+04
 0.11372000E+03  0.37650E+05
 0.11377000E+03  0.60887E+05
 0.11382001E+03  0.76613E+05
 0.11387000E+03  0.93485E+05
 0.11392001E+03  0.10648E+06
 0.11397000E+03  0.11395E+06
 0.11402000E+03  0.11750E+06
 0.11407001E+03  0.11881E+06
 0.11412000E+03  0.11548E+06
 0.11417001E+03  0.10745E+06
 0.11422000E+03  0.95728E+05
 0.11427000E+03  0.78808E+05
 0.11432001E+03  0.58770E+05
 0.11437000E+03  0.35247E+05
 0.11442001E+03  0.41770E+04
 0.11447000E+03 -0.38846E+05
 0.11452000E+03 -0.91321E+05
 0.11457001E+03 -0.14900E+06
 0.11462000E+03 -0.21124E+06
 0.11467001E+03 -0.27524E+06
 0.11472000E+03 -0.33475E+06
 0.11477000E+03 -0.38433E+06
 0.11482001E+03 -0.42512E+06
 0.11487000E+03 -0.46016E+06
 0.11492001E+03 -0.49035E+06
 0.11497000E+03 -0.51247E+06
 0.11502000E+03 -0.52651E+06
 0.11507001E+03 -0.53756E+06
 0.11512000E+03 -0.54147E+06
 0.11517001E+03 -0.53243E+06
 0.11522000E+03 -0.51079E+06
 0.11527000E+03 -0.47608E+06
 0.11532001E+03 -0.42819E+06
 0.11537000E+03 -0.37440E+06
 0.11542001E+03 -0.32522E+06
 0.11547000E+03 -0.28199E+06
 0.11552000E+03 -0.24030E+06
 0.11557001E+03 -0.20052E+06
 0.11562000E+03 -0.16649E+06
 0.11567001E+03 -0.13722E+06
 0.11572000E+03 -0.10937E+06
 0.11577000E+03 -0.85166E+05
 0.11582001E+03 -0.68461E+05
 0.11587000E+03 -0.59311E+05
 0.11592001E+03 -0.54105E+05
 0.11597000E+03 -0.48698E+05
 0.11602000E+03 -0.40968E+05
 0.11607001E+03 -0.28937E+05
 0.11612000E+03 -0.10147E+05
 0.11617001E+03  0.15507E+05
 0.11622000E+03  0.46020E+05
 0.11627000E+03  0.76878E+05
 0.11632001E+03  0.10231E+06
 0.11637000E+03  0.12174E+06
 0.11642001E+03  0.13473E+06
 0.11647000E+03  0.14224E+06
 0.11652000E+03  0.14533E+06
 0.11657001E+03  0.13844E+06
 0.11662000E+03  0.12297E+06
 0.11667001E+03  0.10354E+06
 0.11672000E+03  0.83194E+05
 0.11677000E+03  0.67129E+05
 0.11682001E+03  0.57475E+05
 0.11687000E+03  0.53583E+05
 0.11692001E+03  0.49803E+05
 0.11697000E+03  0.43145E+05
 0.11702000E+03  0.39550E+05
 0.11707001E+03  0.43735E+05
 0.11712000E+03  0.55265E+05
 0.11717001E+03  0.70984E+05
 0.11722000E+03  0.90543E+05
 0.11727000E+03  0.11912E+06
 0.11732001E+03  0.15550E+06
 0.11737000E+03  0.19415E+06
 0.11742001E+03  0.23548E+06
 0.11747000E+03  0.27618E+06
 0.11752000E+03  0.30966E+06
 0.11757001E+03  0.33259E+06
 0.11762000E+03  0.34089E+06
 0.11767001E+03  0.33654E+06
 0.11772000E+03  0.33085E+06
 0.11777000E+03  0.32998E+06
 0.11782001E+03  0.33090E+06
 0.11787000E+03  0.32781E+06
 0.11792001E+03  0.32078E+06
 0.11797000E+03  0.31486E+06
 0.11802000E+03  0.31070E+06
 0.11807001E+03  0.31049E+06
 0.11812000E+03  0.31470E+06
 0.11817001E+03  0.31624E+06
 0.11822000E+03  0.31120E+06
 0.11827000E+03  0.29845E+06
 0.11832001E+03  0.27463E+06
 0.11837000E+03  0.24040E+06
 0.11842001E+03  0.20374E+06
 0.11847000E+03  0.17012E+06
 0.11852000E+03  0.13537E+06
 0.11857001E+03  0.10060E+06
 0.11862000E+03  0.74838E+05
 0.11867001E+03  0.57274E+05
 0.11872000E+03  0.45268E+05
 0.11877000E+03  0.39667E+05
 0.11882001E+03  0.35938E+05
 0.11887000E+03  0.32772E+05
 0.11892001E+03  0.37358E+05
 0.11897000E+03  0.51482E+05
 0.11902000E+03  0.68013E+05
 0.11907001E+03  0.83993E+05
 0.11912000E+03  0.10054E+06
 0.11917001E+03  0.11779E+06
 0.11922000E+03  0.13277E+06
 0.11927000E+03  0.14213E+06
 0.11932001E+03  0.14837E+06
 0.11937000E+03  0.15351E+06
 0.11942001E+03  0.15619E+06
 0.11947000E+03  0.15632E+06
 0.11952000E+03  0.15762E+06
 0.11957001E+03  0.16306E+06
 0.11962000E+03  0.16857E+06
 0.11967001E+03  0.16668E+06
 0.11972000E+03  0.15862E+06
 0.11977000E+03  0.14942E+06
 0.11982001E+03  0.13265E+06
 0.11987000E+03  0.10777E+06
 0.11992001E+03  0.82278E+05
 0.11997000E+03  0.56160E+05
 0.12002000E+03  0.26335E+05
 0.12007001E+03 -0.10357E+05
 0.12012000E+03 -0.50768E+05
 0.12017001E+03 -0.91567E+05
 0.12022000E+03 -0.13345E+06
 0.12027000E+03 -0.17164E+06
 0.12032001E+03 -0.20297E+06
 0.12037000E+03 -0.22956E+06
 0.12042001E+03 -0.25447E+06
 0.12047000E+03 -0.28101E+06
 0.12052000E+03 -0.30727E+06
 0.12057001E+03 -0.32735E+06
 0.12062000E+03 -0.34194E+06
 0.12067001E+03 -0.35232E+06
 0.12072000E+03 -0.35497E+06
 0.12077000E+03 -0.35211E+06
 0.12082001E+03 -0.34992E+06
 0.12087000E+03 -0.35246E+06
 0.12092001E+03 -0.35975E+06
 0.12097000E+03 -0.37191E+06
 0.12102000E+03 -0.38659E+06
 0.12107001E+03 -0.39655E+06
 0.12112000E+03 -0.40119E+06
 0.12117001E+03 -0.40114E+06
 0.12122000E+03 -0.39784E+06
 0.12127000E+03 -0.39705E+06
 0.12132001E+03 -0.40140E+06
 0.12137000E+03 -0.40842E+06
 0.12142001E+03 -0.41221E+06
 0.12147000E+03 -0.41011E+06
 0.12152000E+03 -0.40338E+06
 0.12157001E+03 -0.39371E+06
 0.12162000E+03 -0.38171E+06
 0.12167001E+03 -0.36436E+06
 0.12172000E+03 -0.33993E+06
 0.12177000E+03 -0.31223E+06
 0.12182001E+03 -0.28148E+06
 0.12187000E+03 -0.24591E+06
 0.12192001E+03 -0.20605E+06
 0.12197000E+03 -0.16349E+06
 0.12202000E+03 -0.12308E+06
 0.12207001E+03 -0.86702E+05
 0.12212000E+03 -0.58134E+05
 0.12217001E+03 -0.39897E+05
 0.12222000E+03 -0.27835E+05
 0.12227000E+03 -0.19809E+05
 0.12232001E+03 -0.18157E+05
 0.12237000E+03 -0.22331E+05
 0.12242001E+03 -0.23594E+05
 0.12247000E+03 -0.19946E+05
 0.12252000E+03 -0.13150E+05
 0.12257001E+03  0.23000E+03
 0.12262000E+03  0.20373E+05
 0.12267001E+03  0.45874E+05
 0.12272000E+03  0.77681E+05
 0.12277000E+03  0.11419E+06
 0.12282001E+03  0.14934E+06
 0.12287000E+03  0.18366E+06
 0.12292001E+03  0.21757E+06
 0.12297000E+03  0.24965E+06
 0.12302000E+03  0.28222E+06
 0.12307001E+03  0.31227E+06
 0.12312000E+03  0.33956E+06
 0.12317001E+03  0.36467E+06
 0.12322000E+03  0.38280E+06
 0.12327000E+03  0.38861E+06
 0.12332001E+03  0.38106E+06
 0.12337000E+03  0.36396E+06
 0.12342001E+03  0.34060E+06
 0.12347000E+03  0.31478E+06
 0.12352000E+03  0.29144E+06
 0.12357001E+03  0.27533E+06
 0.12362000E+03  0.26576E+06
 0.12367001E+03  0.25931E+06
 0.12372000E+03  0.25321E+06
 0.12377000E+03  0.23967E+06
 0.12382001E+03  0.21708E+06
 0.12387000E+03  0.19113E+06
 0.12392001E+03  0.16552E+06
 0.12397000E+03  0.14303E+06
 0.12402000E+03  0.11857E+06
 0.12407001E+03  0.87987E+05
 0.12412000E+03  0.53015E+05
 0.12417001E+03  0.14197E+05
 0.12422001E+03 -0.23231E+05
 0.12427001E+03 -0.50329E+05
 0.12432000E+03 -0.61763E+05
 0.12437000E+03 -0.61481E+05
 0.12442001E+03 -0.56864E+05
 0.12447001E+03 -0.50198E+05
 0.12452001E+03 -0.38787E+05
 0.12457000E+03 -0.19195E+05
 0.12462000E+03  0.43480E+04
 0.12467001E+03  0.25415E+05
 0.12472001E+03  0.41949E+05
 0.12477001E+03  0.51512E+05
 0.12482000E+03  0.54819E+05
 0.12487000E+03  0.53092E+05
 0.12492001E+03  0.44340E+05
 0.12497001E+03  0.27005E+05
 0.12502001E+03  0.53400E+03
 0.12507000E+03 -0.29949E+05
 0.12512000E+03 -0.59025E+05
 0.12517001E+03 -0.84396E+05
 0.12522001E+03 -0.10230E+06
 0.12527001E+03 -0.11193E+06
 0.12532000E+03 -0.11646E+06
 0.12537000E+03 -0.11738E+06
 0.12542001E+03 -0.11452E+06
 0.12547001E+03 -0.11071E+06
 0.12552001E+03 -0.10878E+06
 0.12557000E+03 -0.10643E+06
 0.12562000E+03 -0.98113E+05
 0.12567001E+03 -0.82319E+05
 0.12572001E+03 -0.59528E+05
 0.12577001E+03 -0.26706E+05
 0.12582000E+03  0.14895E+05
 0.12587000E+03  0.59202E+05
 0.12592001E+03  0.10230E+06
 0.12597001E+03  0.14492E+06
 0.12602001E+03  0.18911E+06
 0.12607000E+03  0.23631E+06
 0.12612000E+03  0.28917E+06
 0.12617001E+03  0.34532E+06
 0.12622001E+03  0.39927E+06
 0.12627001E+03  0.44844E+06
 0.12632000E+03  0.48997E+06
 0.12637000E+03  0.52132E+06
 0.12642001E+03  0.54028E+06
 0.12647001E+03  0.54564E+06
 0.12652001E+03  0.54037E+06
 0.12657000E+03  0.52442E+06
 0.12662000E+03  0.49699E+06
 0.12667001E+03  0.46225E+06
 0.12672001E+03  0.42404E+06
 0.12677001E+03  0.38699E+06
 0.12682000E+03  0.35119E+06
 0.12687000E+03  0.31047E+06
 0.12692001E+03  0.26153E+06
 0.12697001E+03  0.20780E+06
 0.12702001E+03  0.15464E+06
 0.12707000E+03  0.10381E+06
 0.12712000E+03  0.54165E+05
 0.12717001E+03  0.21040E+04
 0.12722001E+03 -0.51714E+05
 0.12727001E+03 -0.10195E+06
 0.12732000E+03 -0.14836E+06
 0.12737000E+03 -0.19440E+06
 0.12742001E+03 -0.24016E+06
 0.12747001E+03 -0.28188E+06
 0.12752001E+03 -0.31652E+06
 0.12757000E+03 -0.34456E+06
 0.12762000E+03 -0.36774E+06
 0.12767001E+03 -0.38824E+06
 0.12772001E+03 -0.40727E+06
 0.12777001E+03 -0.42485E+06
 0.12782000E+03 -0.44161E+06
 0.12787000E+03 -0.45872E+06
 0.12792001E+03 -0.47677E+06
 0.12797001E+03 -0.49135E+06
 0.12802000E+03 -0.49945E+06
 0.12806999E+03 -0.50082E+06
 0.12812000E+03 -0.49067E+06
 0.12817000E+03 -0.46765E+06
 0.12822000E+03 -0.43883E+06
 0.12827000E+03 -0.41002E+06
 0.12831999E+03 -0.38006E+06
 0.12837000E+03 -0.34988E+06
 0.12842000E+03 -0.32423E+06
 0.12847000E+03 -0.30234E+06
 0.12852000E+03 -0.28287E+06
 0.12856999E+03 -0.26675E+06
 0.12862000E+03 -0.25164E+06
 0.12867000E+03 -0.24043E+06
 0.12872000E+03 -0.23776E+06
 0.12877000E+03 -0.24131E+06
 0.12881999E+03 -0.24894E+06
 0.12887000E+03 -0.25714E+06
 0.12892000E+03 -0.26066E+06
 0.12897000E+03 -0.25581E+06
 0.12902000E+03 -0.24330E+06
 0.12906999E+03 -0.23044E+06
 0.12912000E+03 -0.21947E+06
 0.12917000E+03 -0.20577E+06
 0.12922000E+03 -0.18874E+06
 0.12927000E+03 -0.17097E+06
 0.12931999E+03 -0.15214E+06
 0.12937000E+03 -0.12739E+06
 0.12942000E+03 -0.98869E+05
 0.12947000E+03 -0.71421E+05
 0.12952000E+03 -0.47284E+05
 0.12956999E+03 -0.30777E+05
 0.12962000E+03 -0.16427E+05
 0.12967000E+03 -0.16430E+04
 0.12972000E+03  0.11835E+05
 0.12977000E+03  0.26040E+05
 0.12981999E+03  0.37500E+05
 0.12987000E+03  0.45497E+05
 0.12992000E+03  0.53584E+05
 0.12997000E+03  0.63554E+05
 0.13002000E+03  0.75874E+05
 0.13006999E+03  0.90311E+05
 0.13012000E+03  0.10484E+06
 0.13017000E+03  0.11808E+06
 0.13022000E+03  0.13024E+06
 0.13027000E+03  0.14479E+06
 0.13031999E+03  0.16656E+06
 0.13037000E+03  0.19019E+06
 0.13042000E+03  0.20708E+06
 0.13047000E+03  0.21478E+06
 0.13052000E+03  0.21448E+06
 0.13056999E+03  0.20855E+06
 0.13062000E+03  0.19890E+06
 0.13067000E+03  0.19001E+06
 0.13072000E+03  0.18648E+06
 0.13077000E+03  0.18852E+06
 0.13081999E+03  0.19502E+06
 0.13087000E+03  0.20408E+06
 0.13092000E+03  0.21456E+06
 0.13097000E+03  0.22522E+06
 0.13102000E+03  0.23167E+06
 0.13106999E+03  0.22919E+06
 0.13112000E+03  0.21315E+06
 0.13117000E+03  0.18701E+06
 0.13122000E+03  0.15924E+06
 0.13127000E+03  0.13367E+06
 0.13131999E+03  0.11383E+06
 0.13137000E+03  0.99806E+05
 0.13142000E+03  0.84673E+05
 0.13147000E+03  0.61502E+05
 0.13152000E+03  0.33188E+05
 0.13156999E+03  0.57780E+04
 0.13162000E+03 -0.21546E+05
 0.13167000E+03 -0.49952E+05
 0.13172000E+03 -0.78796E+05
 0.13177000E+03 -0.10616E+06
 0.13181999E+03 -0.12711E+06
 0.13187000E+03 -0.13568E+06
 0.13192000E+03 -0.13134E+06
 0.13197000E+03 -0.12188E+06
 0.13202000E+03 -0.11381E+06
 0.13206999E+03 -0.11086E+06
 0.13212000E+03 -0.11378E+06
 0.13217000E+03 -0.11820E+06
 0.13222000E+03 -0.12215E+06
 0.13227000E+03 -0.12312E+06
 0.13231999E+03 -0.11929E+06
 0.13237000E+03 -0.11194E+06
 0.13242000E+03 -0.99499E+05
 0.13247000E+03 -0.83678E+05
 0.13252000E+03 -0.68122E+05
 0.13256999E+03 -0.53574E+05
 0.13262000E+03 -0.39958E+05
 0.13267000E+03 -0.28725E+05
 0.13272000E+03 -0.19271E+05
 0.13277000E+03 -0.64760E+04
 0.13281999E+03  0.84710E+04
 0.13287000E+03  0.23293E+05
 0.13292000E+03  0.40484E+05
 0.13297000E+03  0.58568E+05
 0.13302000E+03  0.75562E+05
 0.13306999E+03  0.93464E+05
 0.13312000E+03  0.11385E+06
 0.13317000E+03  0.13490E+06
 0.13322000E+03  0.15352E+06
 0.13327000E+03  0.16812E+06
 0.13331999E+03  0.17788E+06
 0.13337000E+03  0.18162E+06
 0.13342000E+03  0.18050E+06
 0.13347000E+03  0.17817E+06
 0.13352000E+03  0.17593E+06
 0.13356999E+03  0.17100E+06
 0.13362000E+03  0.16040E+06
 0.13367000E+03  0.14438E+06
 0.13372000E+03  0.12343E+06
 0.13377000E+03  0.98694E+05
 0.13381999E+03  0.74737E+05
 0.13387000E+03  0.53576E+05
 0.13392000E+03  0.35121E+05
 0.13397000E+03  0.19305E+05
 0.13402000E+03  0.46080E+04
 0.13406999E+03 -0.75850E+04
 0.13412000E+03 -0.16358E+05
 0.13417000E+03 -0.22629E+05
 0.13422000E+03 -0.27826E+05
 0.13427000E+03 -0.34516E+05
 0.13431999E+03 -0.39182E+05
 0.13437000E+03 -0.37833E+05
 0.13442000E+03 -0.32758E+05
 0.13447000E+03 -0.25673E+05
 0.13452000E+03 -0.14675E+05
 0.13456999E+03  0.40400E+03
 0.13462000E+03  0.17066E+05
 0.13467000E+03  0.38174E+05
 0.13472000E+03  0.64671E+05
 0.13477000E+03  0.93202E+05
 0.13481999E+03  0.12294E+06
 0.13487000E+03  0.15101E+06
 0.13492000E+03  0.17362E+06
 0.13497000E+03  0.18904E+06
 0.13502000E+03  0.19887E+06
 0.13506999E+03  0.20410E+06
 0.13512000E+03  0.20332E+06
 0.13517000E+03  0.19586E+06
 0.13522000E+03  0.18273E+06
 0.13527000E+03  0.16702E+06
 0.13531999E+03  0.14998E+06
 0.13537000E+03  0.13307E+06
 0.13542000E+03  0.11601E+06
 0.13547000E+03  0.96620E+05
 0.13552000E+03  0.75462E+05
 0.13556999E+03  0.54352E+05
 0.13562000E+03  0.39527E+05
 0.13567000E+03  0.33502E+05
 0.13572000E+03  0.31888E+05
 0.13577000E+03  0.33046E+05
 0.13581999E+03  0.36850E+05
 0.13587000E+03  0.42776E+05
 0.13592000E+03  0.46766E+05
 0.13597000E+03  0.47027E+05
 0.13602000E+03  0.44853E+05
 0.13606999E+03  0.39882E+05
 0.13612000E+03  0.35472E+05
 0.13617000E+03  0.32535E+05
 0.13622000E+03  0.29298E+05
 0.13627000E+03  0.23280E+05
 0.13631999E+03  0.12318E+05
 0.13637000E+03 -0.18950E+04
 0.13642000E+03 -0.20055E+05
 0.13647000E+03 -0.43626E+05
 0.13652000E+03 -0.69126E+05
 0.13656999E+03 -0.92711E+05
 0.13662000E+03 -0.11608E+06
 0.13667000E+03 -0.14216E+06
 0.13672000E+03 -0.16941E+06
 0.13677000E+03 -0.19474E+06
 0.13681999E+03 -0.21726E+06
 0.13687000E+03 -0.23579E+06
 0.13692000E+03 -0.25188E+06
 0.13697000E+03 -0.26537E+06
 0.13702000E+03 -0.27212E+06
 0.13706999E+03 -0.27422E+06
 0.13712000E+03 -0.27338E+06
 0.13717000E+03 -0.26946E+06
 0.13722000E+03 -0.26299E+06
 0.13727000E+03 -0.25273E+06
 0.13731999E+03 -0.23682E+06
 0.13737000E+03 -0.21368E+06
 0.13742000E+03 -0.18498E+06
 0.13747000E+03 -0.15145E+06
 0.13752000E+03 -0.11440E+06
 0.13756999E+03 -0.77097E+05
 0.13762000E+03 -0.41332E+05
 0.13767000E+03 -0.10465E+05
 0.13772000E+03  0.15078E+05
 0.13777000E+03  0.40713E+05
 0.13781999E+03  0.69838E+05
 0.13787000E+03  0.10044E+06
 0.13792000E+03  0.12708E+06
 0.13797000E+03  0.14478E+06
 0.13802000E+03  0.15351E+06
 0.13806999E+03  0.15664E+06
 0.13812000E+03  0.15734E+06
 0.13817000E+03  0.15624E+06
 0.13822000E+03  0.15287E+06
 0.13827000E+03  0.14738E+06
 0.13831999E+03  0.13795E+06
 0.13837000E+03  0.12454E+06
 0.13842000E+03  0.10928E+06
 0.13847000E+03  0.93008E+05
 0.13852000E+03  0.77133E+05
 0.13856999E+03  0.63340E+05
 0.13862000E+03  0.52142E+05
 0.13867000E+03  0.43414E+05
 0.13872000E+03  0.36568E+05
 0.13877000E+03  0.29408E+05
 0.13881999E+03  0.19845E+05
 0.13887000E+03  0.69960E+04
 0.13892000E+03 -0.84860E+04
 0.13897000E+03 -0.24644E+05
 0.13902000E+03 -0.38833E+05
 0.13906999E+03 -0.49569E+05
 0.13912000E+03 -0.60035E+05
 0.13917000E+03 -0.71251E+05
 0.13922000E+03 -0.81017E+05
 0.13927000E+03 -0.90133E+05
 0.13931999E+03 -0.10086E+06
 0.13937000E+03 -0.11296E+06
 0.13942000E+03 -0.12312E+06
 0.13947000E+03 -0.12875E+06
 0.13952000E+03 -0.12914E+06
 0.13956999E+03 -0.12434E+06
 0.13962000E+03 -0.11438E+06
 0.13967000E+03 -0.10079E+06
 0.13972000E+03 -0.85025E+05
 0.13977000E+03 -0.67877E+05
 0.13981999E+03 -0.49506E+05
 0.13987000E+03 -0.29930E+05
 0.13992000E+03 -0.12673E+05
 0.13997000E+03  0.12360E+04
 0.14002000E+03  0.11969E+05
 0.14006999E+03  0.16801E+05
 0.14012000E+03  0.15457E+05
 0.14017000E+03  0.10097E+05
 0.14022000E+03  0.32800E+04
 0.14027000E+03 -0.29300E+04
 0.14031999E+03 -0.80030E+04
 0.14037000E+03 -0.12911E+05
 0.14042000E+03 -0.18625E+05
 0.14047000E+03 -0.26217E+05
 0.14052000E+03 -0.35553E+05
 0.14056999E+03 -0.45329E+05
 0.14062000E+03 -0.55493E+05
 0.14067000E+03 -0.65060E+05
 0.14072000E+03 -0.73201E+05
 0.14077000E+03 -0.80641E+05
 0.14081999E+03 -0.86368E+05
 0.14087000E+03 -0.87822E+05
 0.14092000E+03 -0.83509E+05
 0.14097000E+03 -0.76285E+05
 0.14102000E+03 -0.72084E+05
 0.14106999E+03 -0.73159E+05
 0.14112000E+03 -0.79921E+05
 0.14117000E+03 -0.92314E+05
 0.14122000E+03 -0.10708E+06
 0.14127000E+03 -0.11946E+06
 0.14131999E+03 -0.12693E+06
 0.14137000E+03 -0.13078E+06
 0.14142000E+03 -0.13016E+06
 0.14147000E+03 -0.12326E+06
 0.14152000E+03 -0.10976E+06
 0.14156999E+03 -0.88029E+05
 0.14162000E+03 -0.59436E+05
 0.14167000E+03 -0.29734E+05
 0.14172000E+03 -0.34090E+04
 0.14177000E+03  0.18520E+05
 0.14181999E+03  0.34497E+05
 0.14187000E+03  0.46249E+05
 0.14192000E+03  0.58060E+05
 0.14197000E+03  0.70968E+05
 0.14202000E+03  0.85190E+05
 0.14206999E+03  0.99667E+05
 0.14212000E+03  0.11240E+06
 0.14217000E+03  0.11872E+06
 0.14222000E+03  0.11734E+06
 0.14227000E+03  0.11214E+06
 0.14231999E+03  0.10461E+06
 0.14237000E+03  0.99232E+05
 0.14242000E+03  0.97872E+05
 0.14247000E+03  0.97657E+05
 0.14252000E+03  0.98927E+05
 0.14256999E+03  0.10378E+06
 0.14262000E+03  0.11312E+06
 0.14267000E+03  0.12298E+06
 0.14272000E+03  0.12900E+06
 0.14277000E+03  0.13105E+06
 0.14281999E+03  0.13088E+06
 0.14287000E+03  0.12857E+06
 0.14292000E+03  0.12411E+06
 0.14297000E+03  0.11851E+06
 0.14302000E+03  0.11046E+06
 0.14306999E+03  0.99632E+05
 0.14312000E+03  0.85642E+05
 0.14317000E+03  0.66273E+05
 0.14322000E+03  0.43427E+05
 0.14327000E+03  0.20483E+05
 0.14331999E+03 -0.10190E+04
 0.14337000E+03 -0.18415E+05
 0.14342000E+03 -0.30378E+05
 0.14347000E+03 -0.36868E+05
 0.14352000E+03 -0.37565E+05
 0.14356999E+03 -0.33086E+05
 0.14362000E+03 -0.25692E+05
 0.14367000E+03 -0.19039E+05
 0.14372000E+03 -0.13455E+05
 0.14377000E+03 -0.97800E+04
 0.14381999E+03 -0.11035E+05
 0.14387000E+03 -0.15539E+05
 0.14392000E+03 -0.21192E+05
 0.14397000E+03 -0.27431E+05
 0.14402000E+03 -0.31775E+05
 0.14406999E+03 -0.32741E+05
 0.14412000E+03 -0.31339E+05
 0.14417000E+03 -0.29288E+05
 0.14422000E+03 -0.28012E+05
 0.14427000E+03 -0.26328E+05
 0.14431999E+03 -0.21403E+05
 0.14437000E+03 -0.15134E+05
 0.14442000E+03 -0.11424E+05
 0.14447000E+03 -0.10073E+05
 0.14452000E+03 -0.10393E+05
 0.14456999E+03 -0.12758E+05
 0.14462000E+03 -0.17796E+05
 0.14467000E+03 -0.26515E+05
 0.14472000E+03 -0.37825E+05
 0.14477000E+03 -0.51372E+05
 0.14481999E+03 -0.67552E+05
 0.14487000E+03 -0.84517E+05
 0.14492000E+03 -0.10202E+06
 0.14497000E+03 -0.11988E+06
 0.14502000E+03 -0.13666E+06
 0.14506999E+03 -0.15204E+06
 0.14512000E+03 -0.16488E+06
 0.14517000E+03 -0.17357E+06
 0.14522000E+03 -0.17658E+06
 0.14527000E+03 -0.17354E+06
 0.14531999E+03 -0.16635E+06
 0.14537000E+03 -0.15667E+06
 0.14542000E+03 -0.14500E+06
 0.14547000E+03 -0.13112E+06
 0.14552000E+03 -0.11573E+06
 0.14556999E+03 -0.99135E+05
 0.14562000E+03 -0.79972E+05
 0.14567000E+03 -0.56696E+05
 0.14572000E+03 -0.29120E+05
 0.14577000E+03  0.29400E+03
 0.14581999E+03  0.29770E+05
 0.14587000E+03  0.58219E+05
 0.14592000E+03  0.82583E+05
 0.14597000E+03  0.10070E+06
 0.14602000E+03  0.11406E+06
 0.14606999E+03  0.12322E+06
 0.14612000E+03  0.12802E+06
 0.14617000E+03  0.13140E+06
 0.14622000E+03  0.13541E+06
 0.14627000E+03  0.14032E+06
 0.14631999E+03  0.14436E+06
 0.14637000E+03  0.14583E+06
 0.14642000E+03  0.14452E+06
 0.14647000E+03  0.14001E+06
 0.14652000E+03  0.13346E+06
 0.14656999E+03  0.12661E+06
 0.14662000E+03  0.11969E+06
 0.14667000E+03  0.11237E+06
 0.14672000E+03  0.10598E+06
 0.14677000E+03  0.10023E+06
 0.14681999E+03  0.91301E+05
 0.14687000E+03  0.77441E+05
 0.14692000E+03  0.60220E+05
 0.14697000E+03  0.41993E+05
 0.14702000E+03  0.25153E+05
 0.14706999E+03  0.10609E+05
 0.14712000E+03 -0.25160E+04
 0.14717000E+03 -0.16037E+05
 0.14722000E+03 -0.29800E+05
 0.14727000E+03 -0.42673E+05
 0.14731999E+03 -0.54288E+05
 0.14737000E+03 -0.63588E+05
 0.14742000E+03 -0.71490E+05
 0.14747000E+03 -0.79489E+05
 0.14752000E+03 -0.86224E+05
 0.14756999E+03 -0.89912E+05
 0.14762000E+03 -0.92402E+05
 0.14767000E+03 -0.95446E+05
 0.14772000E+03 -0.98059E+05
 0.14777000E+03 -0.98587E+05
 0.14781999E+03 -0.94627E+05
 0.14787000E+03 -0.86904E+05
 0.14792000E+03 -0.76958E+05
 0.14797000E+03 -0.65595E+05
 0.14802000E+03 -0.55210E+05
 0.14806999E+03 -0.47073E+05
 0.14812000E+03 -0.40869E+05
 0.14817000E+03 -0.34106E+05
 0.14822000E+03 -0.25484E+05
 0.14827000E+03 -0.13837E+05
 0.14831999E+03  0.25360E+04
 0.14837000E+03  0.21928E+05
 0.14842000E+03  0.42782E+05
 0.14847000E+03  0.63640E+05
 0.14852000E+03  0.83012E+05
 0.14856999E+03  0.10120E+06
 0.14862000E+03  0.11837E+06
 0.14867000E+03  0.13424E+06
 0.14872000E+03  0.14896E+06
 0.14877000E+03  0.16108E+06
 0.14881999E+03  0.16733E+06
 0.14887000E+03  0.16409E+06
 0.14892000E+03  0.15159E+06
 0.14897000E+03  0.13461E+06
 0.14902000E+03  0.11498E+06
 0.14906999E+03  0.92265E+05
