-0.38800001E+01 -0.13467E+06
-0.38300002E+01 -0.13460E+06
-0.37800002E+01 -0.13377E+06
-0.37300000E+01 -0.13172E+06
-0.36800001E+01 -0.12852E+06
-0.36300001E+01 -0.12362E+06
-0.35800002E+01 -0.11693E+06
-0.35300002E+01 -0.10858E+06
-0.34800000E+01 -0.99610E+05
-0.34300001E+01 -0.91290E+05
-0.33800001E+01 -0.81449E+05
-0.33300002E+01 -0.69757E+05
-0.32800002E+01 -0.58249E+05
-0.32300000E+01 -0.47181E+05
-0.31800001E+01 -0.37634E+05
-0.31300001E+01 -0.29925E+05
-0.30800002E+01 -0.23438E+05
-0.30300002E+01 -0.18299E+05
-0.29800000E+01 -0.13277E+05
-0.29300001E+01 -0.85740E+04
-0.28800001E+01 -0.51330E+04
-0.28299999E+01 -0.27680E+04
-0.27800002E+01 -0.16530E+04
-0.27300000E+01 -0.16220E+04
-0.26800001E+01 -0.18330E+04
-0.26300001E+01 -0.19900E+04
-0.25799999E+01 -0.26440E+04
-0.25300002E+01 -0.41270E+04
-0.24800000E+01 -0.63070E+04
-0.24300001E+01 -0.87410E+04
-0.23800001E+01 -0.11106E+05
-0.23299999E+01 -0.14666E+05
-0.22800002E+01 -0.20157E+05
-0.22300000E+01 -0.26415E+05
-0.21800001E+01 -0.32929E+05
-0.21300001E+01 -0.39472E+05
-0.20799999E+01 -0.45843E+05
-0.20300002E+01 -0.51163E+05
-0.19800001E+01 -0.54394E+05
-0.19300001E+01 -0.56335E+05
-0.18800001E+01 -0.57522E+05
-0.18300002E+01 -0.57930E+05
-0.17800000E+01 -0.58705E+05
-0.17300000E+01 -0.60065E+05
-0.16800001E+01 -0.61568E+05
-0.16300001E+01 -0.62965E+05
-0.15800002E+01 -0.63884E+05
-0.15300000E+01 -0.63661E+05
-0.14800000E+01 -0.62636E+05
-0.14300001E+01 -0.62449E+05
-0.13800001E+01 -0.61949E+05
-0.13300002E+01 -0.61222E+05
-0.12800000E+01 -0.61434E+05
-0.12300000E+01 -0.62663E+05
-0.11800001E+01 -0.64550E+05
-0.11300001E+01 -0.66864E+05
-0.10800002E+01 -0.70799E+05
-0.10300000E+01 -0.74599E+05
-0.98000002E+00 -0.78361E+05
-0.93000007E+00 -0.82697E+05
-0.88000011E+00 -0.85864E+05
-0.83000016E+00 -0.87434E+05
-0.77999997E+00 -0.85739E+05
-0.73000002E+00 -0.80937E+05
-0.68000007E+00 -0.74298E+05
-0.63000011E+00 -0.65160E+05
-0.58000016E+00 -0.53751E+05
-0.52999997E+00 -0.41199E+05
-0.48000002E+00 -0.26923E+05
-0.43000007E+00 -0.10364E+05
-0.38000011E+00  0.76430E+04
-0.33000016E+00  0.27609E+05
-0.27999997E+00  0.49317E+05
-0.23000002E+00  0.71326E+05
-0.18000007E+00  0.92634E+05
-0.13000011E+00  0.11117E+06
-0.80000162E-01  0.12627E+06
-0.29999971E-01  0.13916E+06
 0.19999981E-01  0.14886E+06
 0.69999933E-01  0.15506E+06
 0.11999989E+00  0.15832E+06
 0.17000008E+00  0.15819E+06
 0.21999979E+00  0.15601E+06
 0.26999998E+00  0.15192E+06
 0.32000017E+00  0.14657E+06
 0.36999989E+00  0.14063E+06
 0.42000008E+00  0.13246E+06
 0.46999979E+00  0.12249E+06
 0.51999998E+00  0.11154E+06
 0.57000017E+00  0.10035E+06
 0.61999989E+00  0.89396E+05
 0.67000008E+00  0.77578E+05
 0.71999979E+00  0.64099E+05
 0.76999998E+00  0.50921E+05
 0.82000017E+00  0.38401E+05
 0.86999989E+00  0.25499E+05
 0.92000008E+00  0.15348E+05
 0.96999979E+00  0.68180E+04
 0.10200000E+01 -0.22980E+04
 0.10700002E+01 -0.97850E+04
 0.11199999E+01 -0.16442E+05
 0.11700001E+01 -0.23336E+05
 0.12199998E+01 -0.28560E+05
 0.12700000E+01 -0.32804E+05
 0.13200002E+01 -0.35633E+05
 0.13699999E+01 -0.35659E+05
 0.14200001E+01 -0.35567E+05
 0.14699998E+01 -0.33653E+05
 0.15200000E+01 -0.30083E+05
 0.15700002E+01 -0.26643E+05
 0.16199999E+01 -0.22047E+05
 0.16700001E+01 -0.18749E+05
 0.17199998E+01 -0.16147E+05
 0.17700000E+01 -0.13052E+05
 0.18200002E+01 -0.91590E+04
 0.18699999E+01 -0.34460E+04
 0.19200001E+01  0.33270E+04
 0.19699998E+01  0.12123E+05
 0.20200000E+01  0.21325E+05
 0.20700002E+01  0.30239E+05
 0.21199999E+01  0.39872E+05
 0.21700001E+01  0.48255E+05
 0.22199998E+01  0.57210E+05
 0.22700000E+01  0.66923E+05
 0.23200002E+01  0.75552E+05
 0.23699999E+01  0.82625E+05
 0.24200001E+01  0.86863E+05
 0.24699998E+01  0.88563E+05
 0.25200000E+01  0.87346E+05
 0.25700002E+01  0.85589E+05
 0.26199999E+01  0.84624E+05
 0.26700001E+01  0.84382E+05
 0.27199998E+01  0.85659E+05
 0.27700000E+01  0.85389E+05
 0.28200002E+01  0.84037E+05
 0.28699999E+01  0.83647E+05
 0.29200001E+01  0.82648E+05
 0.29699998E+01  0.79771E+05
 0.30200000E+01  0.76713E+05
 0.30700002E+01  0.74146E+05
 0.31199999E+01  0.70895E+05
 0.31700001E+01  0.68884E+05
 0.32199998E+01  0.66564E+05
 0.32700000E+01  0.62516E+05
 0.33200002E+01  0.58748E+05
 0.33699999E+01  0.54550E+05
 0.34200001E+01  0.49000E+05
 0.34699998E+01  0.41121E+05
 0.35200000E+01  0.31999E+05
 0.35700002E+01  0.21902E+05
 0.36199999E+01  0.11158E+05
 0.36700001E+01  0.14190E+04
 0.37199998E+01 -0.78890E+04
 0.37700000E+01 -0.16814E+05
 0.38200002E+01 -0.27216E+05
 0.38699999E+01 -0.38267E+05
 0.39200001E+01 -0.49557E+05
 0.39699998E+01 -0.61689E+05
 0.40200000E+01 -0.72697E+05
 0.40700002E+01 -0.85055E+05
 0.41199999E+01 -0.98483E+05
 0.41700001E+01 -0.11203E+06
 0.42200003E+01 -0.12612E+06
 0.42700005E+01 -0.13786E+06
 0.43199997E+01 -0.14680E+06
 0.43699999E+01 -0.15333E+06
 0.44200001E+01 -0.15738E+06
 0.44700003E+01 -0.15996E+06
 0.45200005E+01 -0.15967E+06
 0.45699997E+01 -0.15646E+06
 0.46199999E+01 -0.15249E+06
 0.46700001E+01 -0.14631E+06
 0.47200003E+01 -0.13838E+06
 0.47700005E+01 -0.12888E+06
 0.48199997E+01 -0.11792E+06
 0.48699999E+01 -0.10769E+06
 0.49200001E+01 -0.94927E+05
 0.49700003E+01 -0.80993E+05
 0.50200005E+01 -0.68327E+05
 0.50699997E+01 -0.54845E+05
 0.51199999E+01 -0.42863E+05
 0.51700001E+01 -0.31026E+05
 0.52200003E+01 -0.18375E+05
 0.52700005E+01 -0.76010E+04
 0.53199997E+01  0.32520E+04
 0.53699999E+01  0.13342E+05
 0.54200001E+01  0.20740E+05
 0.54700003E+01  0.27778E+05
 0.55200005E+01  0.32597E+05
 0.55699997E+01  0.36200E+05
 0.56199999E+01  0.40328E+05
 0.56700001E+01  0.42324E+05
 0.57200003E+01  0.46378E+05
 0.57700005E+01  0.50633E+05
 0.58199997E+01  0.54089E+05
 0.58699999E+01  0.60071E+05
 0.59200001E+01  0.64326E+05
 0.59700003E+01  0.69422E+05
 0.60200005E+01  0.74693E+05
 0.60699997E+01  0.78239E+05
 0.61199999E+01  0.84348E+05
 0.61700001E+01  0.89709E+05
 0.62200003E+01  0.94785E+05
 0.62700005E+01  0.10041E+06
 0.63199997E+01  0.10221E+06
 0.63699999E+01  0.10392E+06
 0.64200001E+01  0.10509E+06
 0.64700003E+01  0.10253E+06
 0.65200005E+01  0.10182E+06
 0.65699997E+01  0.10037E+06
 0.66199999E+01  0.95569E+05
 0.66700001E+01  0.91644E+05
 0.67200003E+01  0.85139E+05
 0.67700005E+01  0.77126E+05
 0.68199997E+01  0.70033E+05
 0.68699999E+01  0.61822E+05
 0.69200001E+01  0.54712E+05
 0.69700003E+01  0.46470E+05
 0.70200005E+01  0.35400E+05
 0.70699997E+01  0.23786E+05
 0.71199999E+01  0.12161E+05
 0.71700001E+01  0.18770E+04
 0.72200003E+01 -0.69200E+04
 0.72700005E+01 -0.13466E+05
 0.73199997E+01 -0.17938E+05
 0.73699999E+01 -0.22751E+05
 0.74200001E+01 -0.26709E+05
 0.74700003E+01 -0.29700E+05
 0.75200005E+01 -0.31899E+05
 0.75699997E+01 -0.33437E+05
 0.76199999E+01 -0.34026E+05
 0.76700001E+01 -0.31686E+05
 0.77200003E+01 -0.30224E+05
 0.77700005E+01 -0.27665E+05
 0.78199997E+01 -0.23788E+05
 0.78699999E+01 -0.21937E+05
 0.79200001E+01 -0.19252E+05
 0.79700003E+01 -0.19067E+05
 0.80200005E+01 -0.19407E+05
 0.80699997E+01 -0.18334E+05
 0.81199999E+01 -0.19231E+05
 0.81700001E+01 -0.19043E+05
 0.82200003E+01 -0.19978E+05
 0.82700005E+01 -0.23114E+05
 0.83199997E+01 -0.23943E+05
 0.83699999E+01 -0.27082E+05
 0.84200001E+01 -0.31146E+05
 0.84700003E+01 -0.32616E+05
 0.85200005E+01 -0.37605E+05
 0.85699997E+01 -0.40960E+05
 0.86199999E+01 -0.43113E+05
 0.86700001E+01 -0.47631E+05
 0.87200003E+01 -0.48277E+05
 0.87700005E+01 -0.48856E+05
 0.88199997E+01 -0.46651E+05
 0.88699999E+01 -0.40131E+05
 0.89200001E+01 -0.35861E+05
 0.89700003E+01 -0.29175E+05
 0.90200005E+01 -0.23460E+05
 0.90699997E+01 -0.21451E+05
 0.91199999E+01 -0.18247E+05
 0.91700001E+01 -0.17815E+05
 0.92200003E+01 -0.17383E+05
 0.92700005E+01 -0.16126E+05
 0.93199997E+01 -0.17770E+05
 0.93699999E+01 -0.16494E+05
 0.94200001E+01 -0.16905E+05
 0.94700003E+01 -0.18676E+05
 0.95200005E+01 -0.17471E+05
 0.95699997E+01 -0.20476E+05
 0.96199999E+01 -0.19432E+05
 0.96700001E+01 -0.18195E+05
 0.97200003E+01 -0.19880E+05
 0.97700005E+01 -0.14092E+05
 0.98199997E+01 -0.16318E+05
 0.98699999E+01 -0.69850E+04
 0.99200001E+01 -0.11376E+05
 0.99700003E+01 -0.69370E+04
 0.10020000E+02 -0.22684E+05
 0.10070000E+02 -0.14023E+05
 0.10120000E+02 -0.19670E+06
 0.10170000E+02 -0.75189E+06
 0.10220000E+02 -0.10768E+07
 0.10270000E+02 -0.14928E+07
 0.10320000E+02 -0.16599E+07
 0.10370000E+02 -0.95070E+06
 0.10420000E+02 -0.36897E+05
 0.10470000E+02 -0.89100E+03
 0.10520000E+02 -0.12061E+06
 0.10570000E+02  0.26697E+06
 0.10620000E+02 -0.12050E+07
 0.10670000E+02 -0.17435E+07
 0.10720000E+02 -0.13379E+07
 0.10770000E+02 -0.18569E+07
 0.10820000E+02 -0.16263E+07
 0.10870000E+02 -0.10899E+07
 0.10920000E+02 -0.23538E+07
 0.10970000E+02 -0.56283E+07
 0.11020000E+02 -0.55745E+07
 0.11070000E+02 -0.62233E+07
 0.11120000E+02 -0.28636E+07
 0.11170000E+02 -0.12045E+07
 0.11220000E+02 -0.60381E+07
 0.11270000E+02 -0.50758E+06
 0.11320000E+02 -0.63094E+06
 0.11370000E+02 -0.34756E+07
 0.11420000E+02 -0.48081E+06
 0.11470000E+02 -0.40721E+06
 0.11520000E+02  0.46989E+07
 0.11570000E+02  0.40216E+07
 0.11620000E+02  0.14440E+07
 0.11670000E+02  0.64774E+07
 0.11720000E+02  0.50611E+07
 0.11770000E+02  0.23825E+07
 0.11820000E+02  0.59031E+07
 0.11870000E+02  0.59865E+07
 0.11920000E+02  0.31241E+07
 0.11970000E+02  0.30219E+07
 0.12020000E+02  0.23783E+07
 0.12070000E+02 -0.20058E+06
 0.12120000E+02 -0.14588E+05
 0.12170001E+02  0.25131E+06
 0.12220000E+02 -0.35494E+07
 0.12270000E+02 -0.51341E+07
 0.12320001E+02 -0.23504E+07
 0.12370000E+02 -0.28414E+07
 0.12420001E+02 -0.61742E+07
 0.12470000E+02 -0.36651E+07
 0.12520000E+02 -0.93669E+06
 0.12570001E+02 -0.18624E+07
 0.12620000E+02 -0.13344E+07
 0.12670001E+02 -0.15572E+07
 0.12720000E+02 -0.98984E+06
 0.12770000E+02 -0.12272E+07
 0.12820001E+02 -0.16226E+07
 0.12870000E+02 -0.13706E+06
 0.12920001E+02 -0.27953E+07
 0.12970000E+02 -0.12212E+07
 0.13020000E+02  0.23311E+07
 0.13070001E+02 -0.22709E+05
 0.13120000E+02  0.35986E+07
 0.13170001E+02  0.66065E+07
 0.13220000E+02  0.32656E+07
 0.13270000E+02  0.47683E+07
 0.13320001E+02  0.51445E+07
 0.13370000E+02  0.30110E+07
 0.13420001E+02  0.37100E+06
 0.13470000E+02 -0.62949E+06
 0.13520000E+02  0.26971E+07
 0.13570001E+02 -0.71714E+06
 0.13620000E+02 -0.17764E+07
 0.13670001E+02  0.19793E+07
 0.13720000E+02  0.17712E+07
 0.13770000E+02  0.24719E+07
 0.13820001E+02  0.16028E+07
 0.13870000E+02  0.24061E+06
 0.13920001E+02  0.69822E+06
 0.13970000E+02  0.10957E+06
 0.14020000E+02  0.14153E+06
 0.14070001E+02  0.10033E+06
 0.14120000E+02  0.11282E+07
 0.14170001E+02  0.41560E+07
 0.14220000E+02  0.21706E+07
 0.14270000E+02  0.10595E+07
 0.14320001E+02  0.16565E+07
 0.14370000E+02  0.18631E+06
 0.14420001E+02  0.24509E+07
 0.14470000E+02  0.20605E+07
 0.14520000E+02  0.15819E+07
 0.14570001E+02  0.23902E+07
 0.14620000E+02 -0.15202E+07
 0.14670001E+02 -0.12633E+07
 0.14720000E+02  0.32308E+06
 0.14770000E+02 -0.12385E+07
 0.14820001E+02  0.28346E+06
 0.14870000E+02 -0.21126E+06
 0.14920001E+02 -0.16417E+07
 0.14970000E+02 -0.92022E+06
 0.15020000E+02 -0.29366E+07
 0.15070001E+02 -0.22354E+07
 0.15120000E+02 -0.12713E+07
 0.15170001E+02 -0.37770E+07
 0.15220000E+02 -0.22820E+07
 0.15270000E+02 -0.12610E+07
 0.15320001E+02 -0.20988E+07
 0.15370000E+02 -0.13496E+07
 0.15420001E+02 -0.12459E+07
 0.15470000E+02  0.15282E+06
 0.15520000E+02  0.18361E+07
 0.15570001E+02  0.35305E+07
 0.15620000E+02  0.54876E+07
 0.15670001E+02  0.36051E+07
 0.15720000E+02  0.42654E+07
 0.15770000E+02  0.75670E+07
 0.15820001E+02  0.45795E+07
 0.15870000E+02  0.34907E+07
 0.15920001E+02  0.32481E+07
 0.15970000E+02  0.14246E+06
 0.16020000E+02  0.69074E+06
 0.16070000E+02 -0.11446E+07
 0.16119999E+02 -0.36112E+07
 0.16170002E+02 -0.40538E+07
 0.16220001E+02 -0.56818E+07
 0.16270000E+02 -0.55338E+07
 0.16320000E+02 -0.54389E+07
 0.16369999E+02 -0.56243E+07
 0.16420002E+02 -0.57948E+07
 0.16470001E+02 -0.41963E+07
 0.16520000E+02 -0.20253E+07
 0.16570000E+02 -0.34233E+07
 0.16619999E+02 -0.23718E+07
 0.16670002E+02 -0.58876E+06
 0.16720001E+02 -0.26069E+07
 0.16770000E+02 -0.36393E+07
 0.16820000E+02 -0.60229E+07
 0.16869999E+02 -0.10736E+08
 0.16920002E+02 -0.19676E+07
 0.16970001E+02  0.12892E+08
 0.17020000E+02  0.72395E+07
 0.17070000E+02 -0.69175E+07
 0.17119999E+02 -0.26159E+07
 0.17170002E+02  0.11530E+08
 0.17220001E+02  0.80971E+07
 0.17270000E+02 -0.18822E+07
 0.17320000E+02  0.63844E+07
 0.17369999E+02  0.13991E+08
 0.17420002E+02  0.60626E+07
 0.17470001E+02  0.73028E+06
 0.17520000E+02  0.19749E+07
 0.17570000E+02 -0.23243E+06
 0.17619999E+02 -0.40784E+07
 0.17670002E+02  0.19300E+06
 0.17720001E+02  0.86564E+07
 0.17770000E+02  0.88205E+07
 0.17820000E+02  0.49133E+07
 0.17869999E+02  0.85367E+06
 0.17920002E+02 -0.19867E+07
 0.17970001E+02 -0.54876E+07
 0.18020000E+02 -0.78941E+07
 0.18070000E+02  0.38090E+04
 0.18119999E+02  0.27634E+07
 0.18170002E+02 -0.40175E+07
 0.18220001E+02 -0.70896E+07
 0.18270000E+02 -0.75591E+07
 0.18320000E+02 -0.43045E+07
 0.18369999E+02 -0.12350E+07
 0.18420002E+02 -0.39159E+07
 0.18470001E+02 -0.38669E+07
 0.18520000E+02 -0.33868E+07
 0.18570000E+02 -0.70512E+07
 0.18619999E+02 -0.69131E+07
 0.18670002E+02 -0.65625E+07
 0.18720001E+02 -0.54789E+07
 0.18770000E+02 -0.47709E+07
 0.18820000E+02 -0.91498E+07
 0.18869999E+02 -0.96261E+07
 0.18920002E+02 -0.84627E+07
 0.18970001E+02 -0.85344E+07
 0.19020000E+02 -0.94264E+07
 0.19070000E+02 -0.11333E+08
 0.19119999E+02 -0.93082E+07
 0.19170002E+02 -0.36532E+07
 0.19220001E+02 -0.25068E+07
 0.19270000E+02 -0.55247E+07
 0.19320000E+02 -0.32926E+07
 0.19369999E+02 -0.31796E+06
 0.19420002E+02  0.19060E+07
 0.19470001E+02  0.31868E+07
 0.19520000E+02  0.33370E+07
 0.19570000E+02  0.51028E+07
 0.19619999E+02  0.43996E+07
 0.19670002E+02  0.32712E+07
 0.19720001E+02  0.48604E+07
 0.19770000E+02  0.97985E+07
 0.19820000E+02  0.10855E+08
 0.19869999E+02  0.70958E+07
 0.19920002E+02  0.66863E+07
 0.19970001E+02  0.72914E+07
 0.20020000E+02  0.53823E+07
 0.20070000E+02  0.45225E+07
 0.20119999E+02  0.79097E+07
 0.20170002E+02  0.70920E+07
 0.20220001E+02  0.30294E+07
 0.20270000E+02  0.22319E+07
 0.20320000E+02  0.11509E+07
 0.20369999E+02  0.52810E+06
 0.20420002E+02 -0.39640E+06
 0.20470001E+02 -0.18602E+07
 0.20520000E+02 -0.29399E+07
 0.20570000E+02 -0.43973E+07
 0.20619999E+02 -0.52682E+07
 0.20670002E+02 -0.50692E+07
 0.20720001E+02 -0.49514E+07
 0.20770000E+02 -0.55134E+07
 0.20820000E+02 -0.57451E+07
 0.20869999E+02 -0.62515E+07
 0.20920002E+02 -0.72347E+07
 0.20970001E+02 -0.83028E+07
 0.21020000E+02 -0.91995E+07
 0.21070000E+02 -0.87890E+07
 0.21119999E+02 -0.54130E+07
 0.21170002E+02  0.94998E+05
 0.21220001E+02  0.47041E+07
 0.21270000E+02  0.67728E+07
 0.21320000E+02  0.65285E+07
 0.21369999E+02  0.56498E+07
 0.21420002E+02  0.52220E+07
 0.21470001E+02  0.39713E+07
 0.21520000E+02  0.35328E+07
 0.21570000E+02  0.47442E+07
 0.21619999E+02  0.23875E+07
 0.21670002E+02  0.56555E+06
 0.21720001E+02  0.16284E+07
 0.21770000E+02  0.23969E+07
 0.21820000E+02  0.38122E+07
 0.21869999E+02  0.20138E+07
 0.21920002E+02  0.27549E+06
 0.21970001E+02  0.10657E+07
 0.22020000E+02  0.75038E+06
 0.22070000E+02  0.84696E+06
 0.22119999E+02  0.24220E+07
 0.22170002E+02  0.49321E+07
 0.22220001E+02  0.79241E+07
 0.22270000E+02  0.10237E+08
 0.22320000E+02  0.11494E+08
 0.22369999E+02  0.14357E+08
 0.22420002E+02  0.16844E+08
 0.22470001E+02  0.16878E+08
 0.22520000E+02  0.15343E+08
 0.22570000E+02  0.13871E+08
 0.22619999E+02  0.14999E+08
 0.22670002E+02  0.13046E+08
 0.22720001E+02  0.10666E+08
 0.22770000E+02  0.12910E+08
 0.22820000E+02  0.11737E+08
 0.22869999E+02  0.10131E+08
 0.22920002E+02  0.10655E+08
 0.22970001E+02  0.89567E+07
 0.23020000E+02  0.83708E+07
 0.23070000E+02  0.72834E+07
 0.23119999E+02  0.58414E+07
 0.23170002E+02  0.54229E+07
 0.23220001E+02  0.37649E+07
 0.23270000E+02  0.22204E+07
 0.23320000E+02  0.86747E+06
 0.23369999E+02 -0.68316E+06
 0.23420002E+02 -0.21552E+07
 0.23470001E+02 -0.10170E+07
 0.23520000E+02  0.60230E+06
 0.23570000E+02 -0.12723E+07
 0.23619999E+02 -0.30888E+07
 0.23670002E+02 -0.37346E+07
 0.23720001E+02 -0.54258E+07
 0.23770000E+02 -0.63557E+07
 0.23820000E+02 -0.61485E+07
 0.23869999E+02 -0.53056E+07
 0.23920002E+02 -0.29619E+07
 0.23970001E+02 -0.93921E+06
 0.24020000E+02 -0.20061E+05
 0.24070000E+02 -0.10676E+07
 0.24119999E+02 -0.10938E+07
 0.24170002E+02  0.10069E+07
 0.24220001E+02  0.24795E+07
 0.24270000E+02  0.33706E+07
 0.24320000E+02  0.34696E+07
 0.24369999E+02  0.38646E+07
 0.24420002E+02  0.35241E+07
 0.24470001E+02  0.26149E+07
 0.24520000E+02  0.23577E+07
 0.24570000E+02  0.27586E+07
 0.24619999E+02  0.22373E+07
 0.24670002E+02 -0.20856E+06
 0.24720001E+02 -0.72470E+06
 0.24770000E+02 -0.22840E+07
 0.24820000E+02 -0.55388E+07
 0.24869999E+02 -0.58413E+07
 0.24920002E+02 -0.73194E+07
 0.24970001E+02 -0.83552E+07
 0.25020000E+02 -0.76068E+07
 0.25070000E+02 -0.74731E+07
 0.25119999E+02 -0.60191E+07
 0.25170002E+02 -0.53517E+07
 0.25220001E+02 -0.35648E+07
 0.25270000E+02 -0.12794E+07
 0.25320000E+02 -0.73101E+06
 0.25369999E+02  0.18685E+07
 0.25420002E+02  0.38451E+07
 0.25470001E+02  0.37839E+07
 0.25520000E+02  0.51887E+07
 0.25570000E+02  0.67110E+07
 0.25619999E+02  0.64309E+07
 0.25670002E+02  0.54813E+07
 0.25720001E+02  0.38577E+07
 0.25770000E+02  0.16362E+07
 0.25820000E+02  0.53041E+06
 0.25869999E+02 -0.10115E+07
 0.25920002E+02 -0.26208E+07
 0.25970001E+02 -0.39429E+07
 0.26020000E+02 -0.67450E+07
 0.26070000E+02 -0.76272E+07
 0.26119999E+02 -0.82803E+07
 0.26170002E+02 -0.94482E+07
 0.26220001E+02 -0.87946E+07
 0.26270000E+02 -0.79721E+07
 0.26320000E+02 -0.76937E+07
 0.26369999E+02 -0.90075E+07
 0.26420002E+02 -0.10875E+08
 0.26470001E+02 -0.12617E+08
 0.26520000E+02 -0.13862E+08
 0.26570000E+02 -0.14943E+08
 0.26619999E+02 -0.14680E+08
 0.26670002E+02 -0.13459E+08
 0.26720001E+02 -0.13213E+08
 0.26770000E+02 -0.11062E+08
 0.26820000E+02 -0.92313E+07
 0.26869999E+02 -0.76995E+07
 0.26920002E+02 -0.47023E+07
 0.26970001E+02 -0.30864E+07
 0.27020000E+02 -0.20655E+07
 0.27070000E+02 -0.11496E+07
 0.27119999E+02 -0.58524E+06
 0.27170002E+02  0.15743E+07
 0.27220001E+02  0.36289E+07
 0.27270000E+02  0.35100E+07
 0.27320000E+02  0.37331E+07
 0.27369999E+02  0.43646E+07
 0.27420002E+02  0.44298E+07
 0.27470001E+02  0.42827E+07
 0.27520000E+02  0.43058E+07
 0.27570000E+02  0.40748E+07
 0.27619999E+02  0.33898E+07
 0.27670002E+02  0.31343E+07
 0.27720001E+02  0.27298E+07
 0.27770000E+02  0.23212E+07
 0.27820000E+02  0.16645E+07
 0.27869999E+02  0.10340E+07
 0.27920002E+02  0.13456E+07
 0.27970001E+02  0.18167E+07
 0.28020000E+02  0.11361E+07
 0.28070000E+02 -0.60301E+06
 0.28119999E+02 -0.23582E+07
 0.28169998E+02 -0.37093E+07
 0.28220001E+02 -0.42360E+07
 0.28270000E+02 -0.38007E+07
 0.28320000E+02 -0.32258E+07
 0.28369999E+02 -0.36618E+07
 0.28419998E+02 -0.45155E+07
 0.28470001E+02 -0.48000E+07
 0.28520000E+02 -0.45870E+07
 0.28570000E+02 -0.41657E+07
 0.28619999E+02 -0.35636E+07
 0.28669998E+02 -0.21511E+07
 0.28720001E+02 -0.12210E+06
 0.28770000E+02  0.32302E+06
 0.28820000E+02 -0.27224E+06
 0.28869999E+02 -0.21524E+06
 0.28919998E+02 -0.34177E+06
 0.28970001E+02 -0.41795E+06
 0.29020000E+02 -0.96166E+05
 0.29070000E+02 -0.48675E+05
 0.29119999E+02 -0.73779E+06
 0.29169998E+02 -0.95426E+06
 0.29220001E+02 -0.28704E+06
 0.29270000E+02  0.64528E+06
 0.29320000E+02  0.18738E+07
 0.29369999E+02  0.23042E+07
 0.29419998E+02  0.24117E+07
 0.29470001E+02  0.32858E+07
 0.29520000E+02  0.40216E+07
 0.29570000E+02  0.51635E+07
 0.29619999E+02  0.65937E+07
 0.29669998E+02  0.71732E+07
 0.29720001E+02  0.74867E+07
 0.29770000E+02  0.72675E+07
 0.29820000E+02  0.70887E+07
 0.29869999E+02  0.74436E+07
 0.29919998E+02  0.78563E+07
 0.29970001E+02  0.75831E+07
 0.30020000E+02  0.61825E+07
 0.30070000E+02  0.44290E+07
 0.30119999E+02  0.20934E+07
 0.30169998E+02 -0.30426E+06
 0.30220001E+02 -0.19502E+07
 0.30270000E+02 -0.28838E+07
 0.30320000E+02 -0.38962E+07
 0.30369999E+02 -0.54733E+07
 0.30419998E+02 -0.68965E+07
 0.30470001E+02 -0.86672E+07
 0.30520000E+02 -0.10613E+08
 0.30570000E+02 -0.12352E+08
 0.30619999E+02 -0.14204E+08
 0.30669998E+02 -0.14340E+08
 0.30720001E+02 -0.13138E+08
 0.30770000E+02 -0.12336E+08
 0.30820000E+02 -0.11212E+08
 0.30869999E+02 -0.10345E+08
 0.30919998E+02 -0.96518E+07
 0.30970001E+02 -0.87286E+07
 0.31020000E+02 -0.76896E+07
 0.31070000E+02 -0.60579E+07
 0.31119999E+02 -0.49030E+07
 0.31169998E+02 -0.33519E+07
 0.31220001E+02 -0.99084E+06
 0.31270000E+02  0.21902E+06
 0.31320000E+02  0.17957E+07
 0.31369999E+02  0.35165E+07
 0.31419998E+02  0.37509E+07
 0.31470001E+02  0.39602E+07
 0.31520000E+02  0.36498E+07
 0.31570000E+02  0.29679E+07
 0.31619999E+02  0.23155E+07
 0.31669998E+02  0.20164E+07
 0.31720001E+02  0.23544E+07
 0.31770000E+02  0.21498E+07
 0.31820000E+02  0.20407E+07
 0.31869999E+02  0.13520E+07
 0.31919998E+02 -0.15649E+06
 0.31970001E+02 -0.15589E+07
 0.32020000E+02 -0.29010E+07
 0.32070000E+02 -0.37924E+07
 0.32119999E+02 -0.39787E+07
 0.32169998E+02 -0.37159E+07
 0.32220001E+02 -0.38827E+07
 0.32270000E+02 -0.37598E+07
 0.32320000E+02 -0.27740E+07
 0.32369999E+02 -0.10888E+07
 0.32419998E+02  0.10180E+07
 0.32470001E+02  0.22495E+07
 0.32520000E+02  0.30650E+07
 0.32570000E+02  0.36837E+07
 0.32619999E+02  0.44848E+07
 0.32669998E+02  0.61621E+07
 0.32720001E+02  0.78249E+07
 0.32770000E+02  0.91906E+07
 0.32820000E+02  0.98608E+07
 0.32869999E+02  0.93726E+07
 0.32919998E+02  0.77595E+07
 0.32970001E+02  0.57479E+07
 0.33020000E+02  0.37554E+07
 0.33070000E+02  0.16073E+07
 0.33119999E+02  0.83169E+06
 0.33169998E+02  0.80251E+06
 0.33220001E+02  0.26076E+06
 0.33270000E+02  0.22219E+06
 0.33320000E+02  0.35529E+06
 0.33369999E+02  0.89863E+06
 0.33419998E+02  0.13964E+07
 0.33470001E+02  0.18005E+07
 0.33520000E+02  0.20837E+07
 0.33570000E+02  0.93933E+06
 0.33619999E+02 -0.26392E+06
 0.33669998E+02 -0.13182E+07
 0.33720001E+02 -0.21301E+07
 0.33770000E+02 -0.21177E+07
 0.33820000E+02 -0.21378E+07
 0.33869999E+02 -0.23003E+07
 0.33919998E+02 -0.25281E+07
 0.33970001E+02 -0.27060E+07
 0.34020000E+02 -0.27756E+07
 0.34070000E+02 -0.24056E+07
 0.34119999E+02 -0.20661E+07
 0.34169998E+02 -0.13381E+07
 0.34220001E+02  0.52487E+06
 0.34270000E+02  0.21102E+07
 0.34320000E+02  0.33007E+07
 0.34369999E+02  0.42768E+07
 0.34419998E+02  0.46581E+07
 0.34470001E+02  0.43190E+07
 0.34520000E+02  0.38631E+07
 0.34570000E+02  0.37650E+07
 0.34619999E+02  0.33751E+07
 0.34669998E+02  0.33815E+07
 0.34720001E+02  0.34556E+07
 0.34770000E+02  0.32911E+07
 0.34820000E+02  0.33204E+07
 0.34869999E+02  0.27313E+07
 0.34919998E+02  0.21101E+07
 0.34970001E+02  0.21145E+07
 0.35020000E+02  0.18564E+07
 0.35070000E+02  0.10521E+07
 0.35119999E+02  0.54762E+06
 0.35169998E+02  0.28340E+06
 0.35220001E+02  0.81881E+05
 0.35270000E+02 -0.25350E+06
 0.35320000E+02 -0.69922E+06
 0.35369999E+02 -0.95836E+06
 0.35419998E+02 -0.15503E+07
 0.35470001E+02 -0.22098E+07
 0.35520000E+02 -0.26466E+07
 0.35570000E+02 -0.29451E+07
 0.35619999E+02 -0.33558E+07
 0.35669998E+02 -0.35550E+07
 0.35720001E+02 -0.32755E+07
 0.35770000E+02 -0.28339E+07
 0.35820000E+02 -0.18212E+07
 0.35869999E+02 -0.54397E+06
 0.35919998E+02  0.69477E+06
 0.35970001E+02  0.15637E+07
 0.36020000E+02  0.14739E+07
 0.36070000E+02  0.15673E+07
 0.36119999E+02  0.20410E+07
 0.36169998E+02  0.22111E+07
 0.36220001E+02  0.26688E+07
 0.36270000E+02  0.27913E+07
 0.36320000E+02  0.20072E+07
 0.36369999E+02  0.11202E+07
 0.36419998E+02  0.27020E+06
 0.36470001E+02 -0.37228E+06
 0.36520000E+02 -0.80710E+06
 0.36570000E+02 -0.13939E+07
 0.36619999E+02 -0.17431E+07
 0.36669998E+02 -0.22098E+07
 0.36720001E+02 -0.28766E+07
 0.36770000E+02 -0.30383E+07
 0.36820000E+02 -0.31056E+07
 0.36869999E+02 -0.31413E+07
 0.36919998E+02 -0.25432E+07
 0.36970001E+02 -0.12403E+07
 0.37020000E+02 -0.21456E+06
 0.37070000E+02  0.46631E+06
 0.37119999E+02  0.13262E+07
 0.37169998E+02  0.20025E+07
 0.37220001E+02  0.27271E+07
 0.37270000E+02  0.30078E+07
 0.37320000E+02  0.31346E+07
 0.37369999E+02  0.37759E+07
 0.37419998E+02  0.42781E+07
 0.37470001E+02  0.45948E+07
 0.37520000E+02  0.45444E+07
 0.37570000E+02  0.39106E+07
 0.37619999E+02  0.28244E+07
 0.37669998E+02  0.16180E+07
 0.37720001E+02  0.72750E+06
 0.37770000E+02  0.11650E+06
 0.37820000E+02 -0.51718E+06
 0.37869999E+02 -0.92543E+06
 0.37919998E+02 -0.88763E+06
 0.37970001E+02 -0.44259E+06
 0.38020000E+02  0.47442E+06
 0.38070000E+02  0.98571E+06
 0.38119999E+02  0.11023E+07
 0.38169998E+02  0.10888E+07
 0.38220001E+02  0.61457E+06
 0.38270000E+02  0.57086E+06
 0.38320000E+02  0.11088E+07
 0.38369999E+02  0.14343E+07
 0.38419998E+02  0.17132E+07
 0.38470001E+02  0.20281E+07
 0.38520000E+02  0.18375E+07
 0.38570000E+02  0.16528E+07
 0.38619999E+02  0.13777E+07
 0.38669998E+02  0.78842E+06
 0.38720001E+02  0.81249E+06
 0.38770000E+02  0.10814E+07
 0.38820000E+02  0.10141E+07
 0.38869999E+02  0.74444E+06
 0.38919998E+02  0.27175E+06
 0.38970001E+02 -0.22270E+06
 0.39020000E+02 -0.66078E+06
 0.39070000E+02 -0.12516E+07
 0.39119999E+02 -0.12210E+07
 0.39169998E+02 -0.11681E+07
 0.39220001E+02 -0.16343E+07
 0.39270000E+02 -0.14459E+07
 0.39320000E+02 -0.16274E+07
 0.39369999E+02 -0.16572E+07
 0.39419998E+02 -0.13253E+07
 0.39470001E+02 -0.14399E+07
 0.39520000E+02 -0.11430E+07
 0.39570000E+02 -0.10758E+07
 0.39619999E+02 -0.49645E+06
 0.39669998E+02  0.58144E+06
 0.39720001E+02  0.11129E+07
 0.39770000E+02  0.16643E+07
 0.39820000E+02  0.19776E+07
 0.39869999E+02  0.20333E+07
 0.39919998E+02  0.21065E+07
 0.39970001E+02  0.21428E+07
 0.40020000E+02  0.20379E+07
 0.40070000E+02  0.16548E+07
 0.40119999E+02  0.13440E+07
 0.40169998E+02  0.12766E+07
 0.40220001E+02  0.11887E+07
 0.40270000E+02  0.10448E+07
 0.40320000E+02  0.81627E+06
 0.40369999E+02  0.47839E+06
 0.40419998E+02 -0.21569E+05
 0.40470001E+02 -0.40638E+06
 0.40520000E+02 -0.66419E+06
 0.40570000E+02 -0.11244E+07
 0.40619999E+02 -0.15133E+07
 0.40669998E+02 -0.21285E+07
 0.40720001E+02 -0.29371E+07
 0.40770000E+02 -0.32918E+07
 0.40820000E+02 -0.35124E+07
 0.40869999E+02 -0.33567E+07
 0.40919998E+02 -0.28794E+07
 0.40970001E+02 -0.29328E+07
 0.41020000E+02 -0.29580E+07
 0.41070000E+02 -0.25298E+07
 0.41119999E+02 -0.17516E+07
 0.41169998E+02 -0.10470E+07
 0.41220001E+02 -0.60363E+06
 0.41270000E+02 -0.18370E+06
 0.41320000E+02 -0.56711E+05
 0.41369999E+02  0.14480E+06
 0.41419998E+02  0.46157E+06
 0.41470001E+02  0.62591E+06
 0.41520000E+02  0.96488E+06
 0.41570000E+02  0.95780E+06
 0.41619999E+02  0.42220E+06
 0.41669998E+02  0.15270E+06
 0.41720001E+02 -0.13027E+06
 0.41770000E+02 -0.47656E+06
 0.41820000E+02 -0.75187E+06
 0.41869999E+02 -0.98368E+06
 0.41919998E+02 -0.12758E+07
 0.41970001E+02 -0.19646E+07
 0.42020000E+02 -0.21700E+07
 0.42070000E+02 -0.20026E+07
 0.42119999E+02 -0.20779E+07
 0.42169998E+02 -0.19237E+07
 0.42220001E+02 -0.15586E+07
 0.42270000E+02 -0.14423E+07
 0.42320000E+02 -0.15477E+07
 0.42369999E+02 -0.15016E+07
 0.42419998E+02 -0.15093E+07
 0.42470001E+02 -0.16353E+07
 0.42520000E+02 -0.18211E+07
 0.42570000E+02 -0.22028E+07
 0.42619999E+02 -0.22944E+07
 0.42669998E+02 -0.20083E+07
 0.42720001E+02 -0.17462E+07
 0.42770000E+02 -0.14072E+07
 0.42820000E+02 -0.89046E+06
 0.42869999E+02 -0.54708E+06
 0.42919998E+02 -0.47925E+06
 0.42970001E+02 -0.31244E+06
 0.43020000E+02  0.15812E+06
 0.43070000E+02  0.51181E+06
 0.43119999E+02  0.31809E+06
 0.43169998E+02 -0.10205E+06
 0.43220001E+02 -0.64519E+06
 0.43270000E+02 -0.10337E+07
 0.43320000E+02 -0.99587E+06
 0.43369999E+02 -0.93489E+06
 0.43419998E+02 -0.63796E+06
 0.43470001E+02 -0.26486E+06
 0.43520000E+02 -0.15543E+06
 0.43570000E+02  0.11972E+06
 0.43619999E+02  0.54770E+06
 0.43669998E+02  0.96878E+06
 0.43720001E+02  0.12878E+07
 0.43770000E+02  0.14219E+07
 0.43820000E+02  0.15592E+07
 0.43869999E+02  0.18402E+07
 0.43919998E+02  0.22587E+07
 0.43970001E+02  0.27684E+07
 0.44020000E+02  0.34371E+07
 0.44070000E+02  0.39943E+07
 0.44119999E+02  0.43025E+07
 0.44169998E+02  0.42305E+07
 0.44220001E+02  0.38440E+07
 0.44270000E+02  0.36070E+07
 0.44320000E+02  0.32676E+07
 0.44369999E+02  0.30691E+07
 0.44419998E+02  0.28631E+07
 0.44470001E+02  0.22981E+07
 0.44520000E+02  0.18813E+07
 0.44570000E+02  0.15551E+07
 0.44619999E+02  0.11276E+07
 0.44669998E+02  0.48836E+06
 0.44720001E+02 -0.58307E+05
 0.44770000E+02 -0.41185E+06
 0.44820000E+02 -0.82157E+06
 0.44869999E+02 -0.10462E+07
 0.44919998E+02 -0.97953E+06
 0.44970001E+02 -0.78960E+06
 0.45020000E+02 -0.56262E+06
 0.45070000E+02 -0.26398E+06
 0.45119999E+02  0.39743E+05
 0.45169998E+02  0.57129E+06
 0.45220001E+02  0.11881E+07
 0.45270000E+02  0.14305E+07
 0.45320000E+02  0.15429E+07
 0.45369999E+02  0.14990E+07
 0.45419998E+02  0.11439E+07
 0.45470001E+02  0.65715E+06
 0.45520000E+02  0.19770E+06
 0.45570000E+02 -0.16379E+06
 0.45619999E+02 -0.50430E+06
 0.45669998E+02 -0.69071E+06
 0.45720001E+02 -0.72974E+06
 0.45770000E+02 -0.10188E+07
 0.45820000E+02 -0.14010E+07
 0.45869999E+02 -0.14660E+07
 0.45919998E+02 -0.14683E+07
 0.45970001E+02 -0.13401E+07
 0.46020000E+02 -0.10884E+07
 0.46070000E+02 -0.94909E+06
 0.46119999E+02 -0.91811E+06
 0.46169998E+02 -0.11764E+07
 0.46220001E+02 -0.14130E+07
 0.46270000E+02 -0.17444E+07
 0.46320000E+02 -0.22159E+07
 0.46369999E+02 -0.25044E+07
 0.46419998E+02 -0.26404E+07
 0.46470001E+02 -0.25625E+07
 0.46520000E+02 -0.26441E+07
 0.46570000E+02 -0.27352E+07
 0.46619999E+02 -0.28200E+07
 0.46669998E+02 -0.30001E+07
 0.46720001E+02 -0.27967E+07
 0.46770000E+02 -0.24131E+07
 0.46820000E+02 -0.17882E+07
 0.46869999E+02 -0.10040E+07
 0.46919998E+02 -0.37488E+06
 0.46970001E+02  0.35134E+06
 0.47020000E+02  0.11426E+07
 0.47070000E+02  0.18923E+07
 0.47119999E+02  0.24916E+07
 0.47169998E+02  0.28799E+07
 0.47220001E+02  0.30842E+07
 0.47270000E+02  0.31747E+07
 0.47320000E+02  0.33006E+07
 0.47369999E+02  0.32536E+07
 0.47419998E+02  0.29814E+07
 0.47470001E+02  0.27688E+07
 0.47520000E+02  0.25537E+07
 0.47570000E+02  0.22630E+07
 0.47619999E+02  0.20736E+07
 0.47669998E+02  0.19637E+07
 0.47720001E+02  0.17616E+07
 0.47770000E+02  0.13328E+07
 0.47820000E+02  0.81110E+06
 0.47869999E+02  0.31861E+06
 0.47919998E+02 -0.20667E+06
 0.47970001E+02 -0.66319E+06
 0.48020000E+02 -0.10954E+07
 0.48070000E+02 -0.16720E+07
 0.48119999E+02 -0.21921E+07
 0.48169998E+02 -0.25549E+07
 0.48220001E+02 -0.29230E+07
 0.48270000E+02 -0.32742E+07
 0.48320000E+02 -0.36068E+07
 0.48369999E+02 -0.38183E+07
 0.48419998E+02 -0.38494E+07
 0.48470001E+02 -0.37392E+07
 0.48520000E+02 -0.36502E+07
 0.48570000E+02 -0.35113E+07
 0.48619999E+02 -0.29569E+07
 0.48669998E+02 -0.22526E+07
 0.48720001E+02 -0.14850E+07
 0.48770000E+02 -0.63737E+06
 0.48820000E+02  0.48385E+05
 0.48869999E+02  0.69210E+06
 0.48919998E+02  0.13073E+07
 0.48970001E+02  0.17385E+07
 0.49020000E+02  0.21265E+07
 0.49070000E+02  0.23459E+07
 0.49119999E+02  0.22252E+07
 0.49169998E+02  0.20896E+07
 0.49220001E+02  0.19178E+07
 0.49270000E+02  0.18631E+07
 0.49320000E+02  0.20254E+07
 0.49369999E+02  0.19964E+07
 0.49419998E+02  0.18049E+07
 0.49470001E+02  0.17268E+07
 0.49520000E+02  0.16732E+07
 0.49570000E+02  0.15240E+07
 0.49619999E+02  0.12273E+07
 0.49669998E+02  0.75359E+06
 0.49720001E+02  0.33296E+06
 0.49770000E+02 -0.12791E+06
 0.49820000E+02 -0.42003E+06
 0.49869999E+02 -0.42600E+06
 0.49919998E+02 -0.41427E+06
 0.49970001E+02 -0.27369E+06
 0.50020000E+02 -0.19868E+06
 0.50070000E+02 -0.17948E+06
 0.50119999E+02 -0.93284E+05
 0.50169998E+02 -0.70706E+05
 0.50220001E+02 -0.11961E+06
 0.50270000E+02 -0.15890E+06
 0.50320000E+02 -0.20012E+06
 0.50369999E+02 -0.35034E+06
 0.50419998E+02 -0.54283E+06
 0.50470001E+02 -0.82220E+06
 0.50520000E+02 -0.11522E+07
 0.50570000E+02 -0.13972E+07
 0.50619999E+02 -0.14972E+07
 0.50669998E+02 -0.15242E+07
 0.50720001E+02 -0.14937E+07
 0.50770000E+02 -0.13196E+07
 0.50820000E+02 -0.11808E+07
 0.50869999E+02 -0.11106E+07
 0.50919998E+02 -0.11406E+07
 0.50970001E+02 -0.11663E+07
 0.51020000E+02 -0.10356E+07
 0.51070000E+02 -0.91187E+06
 0.51119999E+02 -0.71236E+06
 0.51169998E+02 -0.41931E+06
 0.51220001E+02 -0.20484E+06
 0.51270000E+02 -0.43036E+05
 0.51320000E+02  0.17801E+06
 0.51369999E+02  0.46950E+06
 0.51419998E+02  0.74454E+06
 0.51470001E+02  0.11133E+07
 0.51520000E+02  0.15659E+07
 0.51570000E+02  0.19305E+07
 0.51619999E+02  0.23750E+07
 0.51669998E+02  0.28340E+07
 0.51720001E+02  0.31904E+07
 0.51770000E+02  0.34685E+07
 0.51820000E+02  0.35260E+07
 0.51869999E+02  0.34691E+07
 0.51919998E+02  0.33902E+07
 0.51970001E+02  0.31712E+07
 0.52020000E+02  0.28371E+07
 0.52070000E+02  0.24834E+07
 0.52119999E+02  0.19276E+07
 0.52169998E+02  0.12575E+07
 0.52220001E+02  0.71510E+06
 0.52270000E+02  0.32225E+06
 0.52320000E+02  0.11818E+06
 0.52369999E+02 -0.87094E+05
 0.52419998E+02 -0.28818E+06
 0.52470001E+02 -0.44613E+06
 0.52520000E+02 -0.61361E+06
 0.52570000E+02 -0.79259E+06
 0.52619999E+02 -0.10282E+07
 0.52669998E+02 -0.10774E+07
 0.52720001E+02 -0.95253E+06
 0.52770000E+02 -0.83689E+06
 0.52820000E+02 -0.75225E+06
 0.52869999E+02 -0.68218E+06
 0.52919998E+02 -0.69704E+06
 0.52970001E+02 -0.78967E+06
 0.53020000E+02 -0.70784E+06
 0.53070000E+02 -0.59451E+06
 0.53119999E+02 -0.45553E+06
 0.53169998E+02 -0.28082E+06
 0.53220001E+02 -0.13583E+06
 0.53270000E+02  0.18364E+06
 0.53320000E+02  0.52000E+06
 0.53369999E+02  0.76769E+06
 0.53419998E+02  0.87758E+06
 0.53470001E+02  0.91809E+06
 0.53520000E+02  0.96534E+06
 0.53570000E+02  0.80732E+06
 0.53619999E+02  0.58397E+06
 0.53669998E+02  0.54717E+06
 0.53720001E+02  0.50327E+06
 0.53770000E+02  0.35552E+06
 0.53820000E+02  0.30751E+06
 0.53869999E+02  0.57936E+05
 0.53919998E+02 -0.39127E+06
 0.53970001E+02 -0.72405E+06
 0.54020000E+02 -0.11019E+07
 0.54070000E+02 -0.14382E+07
 0.54119999E+02 -0.16705E+07
 0.54169998E+02 -0.16791E+07
 0.54220001E+02 -0.14474E+07
 0.54270000E+02 -0.12150E+07
 0.54320000E+02 -0.95400E+06
 0.54369999E+02 -0.76458E+06
 0.54419998E+02 -0.66356E+06
 0.54470001E+02 -0.55931E+06
 0.54520000E+02 -0.52075E+06
 0.54570000E+02 -0.46002E+06
 0.54619999E+02 -0.37864E+06
 0.54669998E+02 -0.34700E+06
 0.54720001E+02 -0.28441E+06
 0.54770000E+02 -0.29043E+06
 0.54820000E+02 -0.42013E+06
 0.54869999E+02 -0.60997E+06
 0.54919998E+02 -0.67620E+06
 0.54970001E+02 -0.60498E+06
 0.55020000E+02 -0.53925E+06
 0.55070000E+02 -0.40255E+06
 0.55119999E+02 -0.25531E+06
 0.55169998E+02 -0.14972E+06
 0.55220001E+02 -0.38546E+05
 0.55270000E+02  0.16888E+06
 0.55320000E+02  0.44892E+06
 0.55369999E+02  0.63359E+06
 0.55419998E+02  0.74528E+06
 0.55470001E+02  0.87865E+06
 0.55520000E+02  0.92360E+06
 0.55570000E+02  0.83636E+06
 0.55619999E+02  0.64256E+06
 0.55669998E+02  0.29781E+06
 0.55720001E+02 -0.11691E+06
 0.55770000E+02 -0.54146E+06
 0.55820000E+02 -0.84980E+06
 0.55869999E+02 -0.10940E+07
 0.55919998E+02 -0.12967E+07
 0.55970001E+02 -0.12794E+07
 0.56020000E+02 -0.10934E+07
 0.56070000E+02 -0.78658E+06
 0.56119999E+02 -0.45293E+06
 0.56169998E+02 -0.13897E+06
 0.56220001E+02  0.16426E+06
 0.56270000E+02  0.38532E+06
 0.56320000E+02  0.54516E+06
 0.56369999E+02  0.60826E+06
 0.56419998E+02  0.59718E+06
 0.56470001E+02  0.51131E+06
 0.56520000E+02  0.21016E+06
 0.56570000E+02 -0.18871E+06
 0.56619999E+02 -0.59111E+06
 0.56669998E+02 -0.10799E+07
 0.56720001E+02 -0.15753E+07
 0.56770000E+02 -0.19635E+07
 0.56820000E+02 -0.22376E+07
 0.56869999E+02 -0.24947E+07
 0.56919998E+02 -0.26851E+07
 0.56970001E+02 -0.26412E+07
 0.57020000E+02 -0.24994E+07
 0.57070000E+02 -0.23571E+07
 0.57119999E+02 -0.20815E+07
 0.57169998E+02 -0.17178E+07
 0.57220001E+02 -0.13615E+07
 0.57270000E+02 -0.91183E+06
 0.57320000E+02 -0.31451E+06
 0.57369999E+02  0.13983E+06
 0.57419998E+02  0.36259E+06
 0.57470001E+02  0.55416E+06
 0.57520000E+02  0.64993E+06
 0.57570000E+02  0.73457E+06
 0.57619999E+02  0.90640E+06
 0.57669998E+02  0.10089E+07
 0.57720001E+02  0.96513E+06
 0.57770000E+02  0.86627E+06
 0.57820000E+02  0.91186E+06
 0.57869999E+02  0.10008E+07
 0.57919998E+02  0.10466E+07
 0.57970001E+02  0.11444E+07
 0.58020000E+02  0.12199E+07
 0.58070000E+02  0.12422E+07
 0.58119999E+02  0.11855E+07
 0.58169998E+02  0.10951E+07
 0.58220001E+02  0.97636E+06
 0.58270000E+02  0.82856E+06
 0.58320000E+02  0.73912E+06
 0.58369999E+02  0.59374E+06
 0.58419998E+02  0.36591E+06
 0.58470001E+02  0.55899E+05
 0.58520000E+02 -0.28764E+06
 0.58570000E+02 -0.59810E+06
 0.58619999E+02 -0.89359E+06
 0.58669998E+02 -0.11160E+07
 0.58720001E+02 -0.13271E+07
 0.58770000E+02 -0.15010E+07
 0.58820000E+02 -0.15861E+07
 0.58869999E+02 -0.15549E+07
 0.58919998E+02 -0.14068E+07
 0.58970001E+02 -0.11805E+07
 0.59020000E+02 -0.96846E+06
 0.59070000E+02 -0.84289E+06
 0.59119999E+02 -0.68979E+06
 0.59169998E+02 -0.56641E+06
 0.59220001E+02 -0.50416E+06
 0.59270000E+02 -0.46817E+06
 0.59320000E+02 -0.36584E+06
 0.59369999E+02 -0.22652E+06
 0.59419998E+02 -0.17609E+06
 0.59470001E+02 -0.79759E+05
 0.59520000E+02 -0.34980E+04
 0.59570000E+02 -0.36507E+05
 0.59619999E+02 -0.52247E+05
 0.59669998E+02  0.30072E+05
 0.59720001E+02  0.19482E+06
 0.59770000E+02  0.40661E+06
 0.59820000E+02  0.61388E+06
 0.59869999E+02  0.83515E+06
 0.59919998E+02  0.10690E+07
 0.59970001E+02  0.12526E+07
 0.60020000E+02  0.14263E+07
 0.60070000E+02  0.15209E+07
 0.60119999E+02  0.15499E+07
 0.60170002E+02  0.15596E+07
 0.60219997E+02  0.15323E+07
 0.60270000E+02  0.14733E+07
 0.60320004E+02  0.13434E+07
 0.60369999E+02  0.12072E+07
 0.60420002E+02  0.10739E+07
 0.60469997E+02  0.96495E+06
 0.60520000E+02  0.81017E+06
 0.60570004E+02  0.59736E+06
 0.60619999E+02  0.48447E+06
 0.60670002E+02  0.41096E+06
 0.60719997E+02  0.37984E+06
 0.60770000E+02  0.32329E+06
 0.60820004E+02  0.27237E+06
 0.60869999E+02  0.30925E+06
 0.60920002E+02  0.27336E+06
 0.60969997E+02  0.25403E+06
 0.61020000E+02  0.21068E+06
 0.61070004E+02  0.12633E+06
 0.61119999E+02  0.13335E+06
 0.61170002E+02  0.13481E+06
 0.61219997E+02  0.14821E+06
 0.61270000E+02  0.17728E+06
 0.61320004E+02  0.21862E+06
 0.61369999E+02  0.24957E+06
 0.61420002E+02  0.18524E+06
 0.61469997E+02  0.91560E+05
 0.61520000E+02 -0.10276E+06
 0.61570004E+02 -0.37257E+06
 0.61619999E+02 -0.58657E+06
 0.61670002E+02 -0.82524E+06
 0.61719997E+02 -0.10563E+07
 0.61770000E+02 -0.12272E+07
 0.61820004E+02 -0.13812E+07
 0.61869999E+02 -0.15320E+07
 0.61920002E+02 -0.16696E+07
 0.61969997E+02 -0.17339E+07
 0.62020000E+02 -0.16844E+07
 0.62070004E+02 -0.14992E+07
 0.62119999E+02 -0.11904E+07
 0.62170002E+02 -0.90988E+06
 0.62219997E+02 -0.74196E+06
 0.62270000E+02 -0.58356E+06
 0.62320004E+02 -0.42015E+06
 0.62369999E+02 -0.21043E+06
 0.62420002E+02  0.10966E+06
 0.62469997E+02  0.48924E+06
 0.62520000E+02  0.89186E+06
 0.62570004E+02  0.12106E+07
 0.62619999E+02  0.14342E+07
 0.62670002E+02  0.16210E+07
 0.62719997E+02  0.17709E+07
 0.62770000E+02  0.19126E+07
 0.62820004E+02  0.20458E+07
 0.62869999E+02  0.21056E+07
 0.62920002E+02  0.20450E+07
 0.62969997E+02  0.19366E+07
 0.63020000E+02  0.18267E+07
 0.63070004E+02  0.17318E+07
 0.63119999E+02  0.16023E+07
 0.63170002E+02  0.13778E+07
 0.63219997E+02  0.10410E+07
 0.63270000E+02  0.61664E+06
 0.63320004E+02  0.17744E+06
 0.63369999E+02 -0.30578E+06
 0.63420002E+02 -0.76851E+06
 0.63469997E+02 -0.11749E+07
 0.63520000E+02 -0.14688E+07
 0.63570004E+02 -0.16050E+07
 0.63619999E+02 -0.16829E+07
 0.63670002E+02 -0.16470E+07
 0.63719997E+02 -0.15787E+07
 0.63770000E+02 -0.15715E+07
 0.63820004E+02 -0.15087E+07
 0.63869999E+02 -0.14153E+07
 0.63920002E+02 -0.12689E+07
 0.63969997E+02 -0.10476E+07
 0.64020004E+02 -0.88306E+06
 0.64070007E+02 -0.76454E+06
 0.64120003E+02 -0.68906E+06
 0.64170006E+02 -0.63300E+06
 0.64220001E+02 -0.51250E+06
 0.64270004E+02 -0.34855E+06
 0.64320007E+02 -0.13366E+06
 0.64370003E+02  0.80597E+05
 0.64420006E+02  0.24344E+06
 0.64470001E+02  0.42166E+06
 0.64520004E+02  0.65930E+06
 0.64570007E+02  0.90914E+06
 0.64620003E+02  0.10536E+07
 0.64670006E+02  0.10899E+07
 0.64720001E+02  0.10977E+07
 0.64770004E+02  0.10627E+07
 0.64820007E+02  0.98670E+06
 0.64870003E+02  0.87418E+06
 0.64920006E+02  0.76242E+06
 0.64970001E+02  0.69705E+06
 0.65020004E+02  0.65584E+06
 0.65070007E+02  0.58903E+06
 0.65120003E+02  0.43306E+06
 0.65170006E+02  0.31670E+06
 0.65220001E+02  0.28469E+06
 0.65270004E+02  0.22711E+06
 0.65320007E+02  0.17308E+06
 0.65370003E+02  0.12644E+06
 0.65420006E+02  0.91079E+05
 0.65470001E+02  0.49963E+05
 0.65520004E+02 -0.65684E+05
 0.65570007E+02 -0.17900E+06
 0.65620003E+02 -0.27509E+06
 0.65670006E+02 -0.43266E+06
 0.65720001E+02 -0.58248E+06
 0.65770004E+02 -0.67163E+06
 0.65820007E+02 -0.62159E+06
 0.65870003E+02 -0.45890E+06
 0.65920006E+02 -0.33477E+06
 0.65970001E+02 -0.27133E+06
 0.66020004E+02 -0.26539E+06
 0.66070007E+02 -0.32252E+06
 0.66120003E+02 -0.40713E+06
 0.66170006E+02 -0.36430E+06
 0.66220001E+02 -0.27626E+06
 0.66270004E+02 -0.20240E+06
 0.66320007E+02 -0.58901E+05
 0.66370003E+02 -0.17098E+05
 0.66420006E+02 -0.48572E+05
 0.66470001E+02 -0.11577E+06
 0.66520004E+02 -0.21043E+06
 0.66570007E+02 -0.23612E+06
 0.66620003E+02 -0.28684E+06
 0.66670006E+02 -0.37129E+06
 0.66720001E+02 -0.47219E+06
 0.66770004E+02 -0.57020E+06
 0.66820007E+02 -0.58953E+06
 0.66870003E+02 -0.56450E+06
 0.66920006E+02 -0.51723E+06
 0.66970001E+02 -0.45257E+06
 0.67020004E+02 -0.37240E+06
 0.67070007E+02 -0.25789E+06
 0.67120003E+02 -0.12391E+06
 0.67170006E+02  0.37621E+05
 0.67220001E+02  0.15176E+06
 0.67270004E+02  0.16742E+06
 0.67320007E+02  0.19912E+06
 0.67370003E+02  0.25989E+06
 0.67420006E+02  0.34658E+06
 0.67470001E+02  0.45839E+06
 0.67520004E+02  0.55973E+06
 0.67570007E+02  0.63136E+06
 0.67620003E+02  0.56731E+06
 0.67670006E+02  0.45502E+06
 0.67720001E+02  0.40973E+06
 0.67770004E+02  0.35980E+06
 0.67820007E+02  0.31478E+06
 0.67870003E+02  0.32807E+06
 0.67920006E+02  0.34010E+06
 0.67970001E+02  0.25173E+06
 0.68020004E+02  0.78441E+05
 0.68070007E+02 -0.56278E+05
 0.68120003E+02 -0.56891E+05
 0.68170006E+02  0.56586E+05
 0.68220001E+02  0.23871E+06
 0.68270004E+02  0.43952E+06
 0.68320007E+02  0.66139E+06
 0.68370003E+02  0.86007E+06
 0.68420006E+02  0.10051E+07
 0.68470001E+02  0.12072E+07
 0.68520004E+02  0.14859E+07
 0.68570007E+02  0.18020E+07
 0.68620003E+02  0.20828E+07
 0.68670006E+02  0.22605E+07
 0.68720001E+02  0.22727E+07
 0.68770004E+02  0.21645E+07
 0.68820007E+02  0.19830E+07
 0.68870003E+02  0.17226E+07
 0.68920006E+02  0.15177E+07
 0.68970001E+02  0.13073E+07
 0.69020004E+02  0.10567E+07
 0.69070007E+02  0.83097E+06
 0.69120003E+02  0.60426E+06
 0.69170006E+02  0.36288E+06
 0.69220001E+02  0.64579E+05
 0.69270004E+02 -0.25816E+06
 0.69320007E+02 -0.52854E+06
 0.69370003E+02 -0.71573E+06
 0.69420006E+02 -0.85706E+06
 0.69470001E+02 -0.87412E+06
 0.69520004E+02 -0.81164E+06
 0.69570007E+02 -0.79992E+06
 0.69620003E+02 -0.74691E+06
 0.69670006E+02 -0.75593E+06
 0.69720001E+02 -0.83184E+06
 0.69770004E+02 -0.82472E+06
 0.69820007E+02 -0.86433E+06
 0.69870003E+02 -0.95479E+06
 0.69920006E+02 -0.10213E+07
 0.69970001E+02 -0.10901E+07
 0.70020004E+02 -0.11602E+07
 0.70070007E+02 -0.12616E+07
 0.70120003E+02 -0.13415E+07
 0.70170006E+02 -0.13978E+07
 0.70220001E+02 -0.14286E+07
 0.70270004E+02 -0.13820E+07
 0.70320007E+02 -0.13231E+07
 0.70370003E+02 -0.12692E+07
 0.70420006E+02 -0.11945E+07
 0.70470001E+02 -0.11337E+07
 0.70520004E+02 -0.11018E+07
 0.70570007E+02 -0.10686E+07
 0.70620003E+02 -0.10296E+07
 0.70670006E+02 -0.95848E+06
 0.70720001E+02 -0.89751E+06
 0.70770004E+02 -0.89287E+06
 0.70820007E+02 -0.91042E+06
 0.70870003E+02 -0.95660E+06
 0.70920006E+02 -0.10119E+07
 0.70970001E+02 -0.10793E+07
 0.71020004E+02 -0.11151E+07
 0.71070007E+02 -0.10869E+07
 0.71120003E+02 -0.10849E+07
 0.71170006E+02 -0.11258E+07
 0.71220001E+02 -0.11387E+07
 0.71270004E+02 -0.10981E+07
 0.71320007E+02 -0.10308E+07
 0.71370003E+02 -0.92106E+06
 0.71420006E+02 -0.75374E+06
 0.71470001E+02 -0.58102E+06
 0.71520004E+02 -0.47128E+06
 0.71570007E+02 -0.41899E+06
 0.71620003E+02 -0.34982E+06
 0.71670006E+02 -0.25519E+06
 0.71720001E+02 -0.15152E+06
 0.71770004E+02 -0.66666E+05
 0.71820007E+02 -0.31542E+05
 0.71870003E+02 -0.59940E+04
 0.71920006E+02  0.14483E+05
 0.71970001E+02  0.62304E+05
 0.72020004E+02  0.16742E+06
 0.72070007E+02  0.25767E+06
 0.72120003E+02  0.27720E+06
 0.72170006E+02  0.25994E+06
 0.72220001E+02  0.25575E+06
 0.72270004E+02  0.23017E+06
 0.72320007E+02  0.16826E+06
 0.72370003E+02  0.94191E+05
 0.72420006E+02  0.11665E+05
 0.72470001E+02 -0.11754E+06
 0.72520004E+02 -0.23752E+06
 0.72570007E+02 -0.27468E+06
 0.72620003E+02 -0.27551E+06
 0.72670006E+02 -0.20985E+06
 0.72720001E+02 -0.10085E+06
 0.72770004E+02 -0.19662E+05
 0.72820007E+02  0.29392E+05
 0.72870003E+02  0.67773E+05
 0.72920006E+02  0.11934E+06
 0.72970001E+02  0.21574E+06
 0.73020004E+02  0.38041E+06
 0.73070007E+02  0.56519E+06
 0.73120003E+02  0.74712E+06
 0.73170006E+02  0.89511E+06
 0.73220001E+02  0.99209E+06
 0.73270004E+02  0.10572E+07
 0.73320007E+02  0.11444E+07
 0.73370003E+02  0.12949E+07
 0.73420006E+02  0.14369E+07
 0.73470001E+02  0.15019E+07
 0.73520004E+02  0.15275E+07
 0.73570007E+02  0.15827E+07
 0.73620003E+02  0.16342E+07
 0.73670006E+02  0.16756E+07
 0.73720001E+02  0.17489E+07
 0.73770004E+02  0.18368E+07
 0.73820007E+02  0.19050E+07
 0.73870003E+02  0.19320E+07
 0.73920006E+02  0.18731E+07
 0.73970001E+02  0.17056E+07
 0.74020004E+02  0.15170E+07
 0.74070007E+02  0.13756E+07
 0.74120003E+02  0.12744E+07
 0.74170006E+02  0.11550E+07
 0.74220001E+02  0.98433E+06
 0.74270004E+02  0.77965E+06
 0.74320007E+02  0.52571E+06
 0.74370003E+02  0.23996E+06
 0.74420006E+02 -0.22835E+05
 0.74470001E+02 -0.27109E+06
 0.74520004E+02 -0.51819E+06
 0.74570007E+02 -0.71362E+06
 0.74620003E+02 -0.87204E+06
 0.74670006E+02 -0.10486E+07
 0.74720001E+02 -0.12134E+07
 0.74770004E+02 -0.13621E+07
 0.74820007E+02 -0.15152E+07
 0.74870003E+02 -0.15987E+07
 0.74920006E+02 -0.15577E+07
 0.74970001E+02 -0.14451E+07
 0.75020004E+02 -0.13195E+07
 0.75070007E+02 -0.12116E+07
 0.75120003E+02 -0.11382E+07
 0.75170006E+02 -0.10467E+07
 0.75220001E+02 -0.93943E+06
 0.75270004E+02 -0.86058E+06
 0.75320007E+02 -0.77312E+06
 0.75370003E+02 -0.65446E+06
 0.75420006E+02 -0.49653E+06
 0.75470001E+02 -0.30888E+06
 0.75520004E+02 -0.73881E+05
 0.75570007E+02  0.18410E+06
 0.75620003E+02  0.40848E+06
 0.75670006E+02  0.60973E+06
 0.75720001E+02  0.71866E+06
 0.75770004E+02  0.71476E+06
 0.75820007E+02  0.68566E+06
 0.75870003E+02  0.71517E+06
 0.75920006E+02  0.79759E+06
 0.75970001E+02  0.85682E+06
 0.76020004E+02  0.89708E+06
 0.76070007E+02  0.88715E+06
 0.76120003E+02  0.83155E+06
 0.76170006E+02  0.77211E+06
 0.76220001E+02  0.67351E+06
 0.76270004E+02  0.57400E+06
 0.76320007E+02  0.48337E+06
 0.76370003E+02  0.38939E+06
 0.76420006E+02  0.29946E+06
 0.76470001E+02  0.23271E+06
 0.76520004E+02  0.24064E+06
 0.76570007E+02  0.24530E+06
 0.76620003E+02  0.21996E+06
 0.76670006E+02  0.19624E+06
 0.76720001E+02  0.15356E+06
 0.76770004E+02  0.10356E+06
 0.76820007E+02  0.28804E+05
 0.76870003E+02 -0.51757E+05
 0.76920006E+02 -0.14530E+06
 0.76970001E+02 -0.28795E+06
 0.77020004E+02 -0.42330E+06
 0.77070007E+02 -0.52523E+06
 0.77120003E+02 -0.59743E+06
 0.77170006E+02 -0.64239E+06
 0.77220001E+02 -0.66825E+06
 0.77270004E+02 -0.64128E+06
 0.77320007E+02 -0.60396E+06
 0.77370003E+02 -0.60357E+06
 0.77420006E+02 -0.63870E+06
 0.77470001E+02 -0.71362E+06
 0.77520004E+02 -0.74585E+06
 0.77570007E+02 -0.70382E+06
 0.77620003E+02 -0.66095E+06
 0.77670006E+02 -0.61790E+06
 0.77720001E+02 -0.52616E+06
 0.77770004E+02 -0.41248E+06
 0.77820007E+02 -0.30409E+06
 0.77870003E+02 -0.20000E+06
 0.77920006E+02 -0.13032E+06
 0.77970001E+02 -0.99183E+05
 0.78020004E+02 -0.11142E+06
 0.78070007E+02 -0.19663E+06
 0.78120003E+02 -0.30914E+06
 0.78170006E+02 -0.40424E+06
 0.78220001E+02 -0.50443E+06
 0.78270004E+02 -0.56365E+06
 0.78320007E+02 -0.55473E+06
 0.78370003E+02 -0.53826E+06
 0.78420006E+02 -0.53476E+06
 0.78470001E+02 -0.52080E+06
 0.78520004E+02 -0.47470E+06
 0.78570007E+02 -0.39566E+06
 0.78620003E+02 -0.29841E+06
 0.78670006E+02 -0.17856E+06
 0.78720001E+02 -0.52886E+05
 0.78770004E+02  0.68193E+05
 0.78820007E+02  0.20284E+06
 0.78870003E+02  0.32268E+06
 0.78920006E+02  0.41014E+06
 0.78970001E+02  0.45684E+06
 0.79020004E+02  0.47834E+06
 0.79070007E+02  0.49580E+06
 0.79120003E+02  0.50221E+06
 0.79170006E+02  0.51895E+06
 0.79220001E+02  0.51692E+06
 0.79270004E+02  0.49603E+06
 0.79320007E+02  0.49741E+06
 0.79370003E+02  0.47496E+06
 0.79420006E+02  0.40751E+06
 0.79470001E+02  0.32461E+06
 0.79520004E+02  0.26642E+06
 0.79570007E+02  0.26260E+06
 0.79620003E+02  0.28036E+06
 0.79670006E+02  0.31531E+06
 0.79720001E+02  0.37618E+06
 0.79770004E+02  0.47096E+06
 0.79820007E+02  0.60640E+06
 0.79870003E+02  0.74976E+06
 0.79920006E+02  0.89212E+06
 0.79970001E+02  0.10270E+07
 0.80020004E+02  0.11663E+07
 0.80070007E+02  0.13210E+07
 0.80120003E+02  0.14445E+07
 0.80170006E+02  0.15046E+07
 0.80220001E+02  0.15202E+07
 0.80270004E+02  0.14726E+07
 0.80320007E+02  0.13670E+07
 0.80370003E+02  0.12723E+07
 0.80420006E+02  0.11663E+07
 0.80470001E+02  0.99974E+06
 0.80520004E+02  0.81973E+06
 0.80570007E+02  0.67124E+06
 0.80620003E+02  0.53458E+06
 0.80670006E+02  0.40272E+06
 0.80720001E+02  0.27749E+06
 0.80770004E+02  0.15469E+06
 0.80820007E+02  0.28920E+05
 0.80870003E+02 -0.84703E+05
 0.80920006E+02 -0.16456E+06
 0.80970001E+02 -0.21190E+06
 0.81020004E+02 -0.23346E+06
 0.81070007E+02 -0.25038E+06
 0.81120003E+02 -0.27088E+06
 0.81170006E+02 -0.33217E+06
 0.81220001E+02 -0.42776E+06
 0.81270004E+02 -0.53558E+06
 0.81320007E+02 -0.67467E+06
 0.81370003E+02 -0.80670E+06
 0.81420006E+02 -0.94026E+06
 0.81470001E+02 -0.11010E+07
 0.81520004E+02 -0.12606E+07
 0.81570007E+02 -0.13741E+07
 0.81620003E+02 -0.14354E+07
 0.81670006E+02 -0.14832E+07
 0.81720001E+02 -0.15352E+07
 0.81770004E+02 -0.15835E+07
 0.81820007E+02 -0.16018E+07
 0.81870003E+02 -0.15882E+07
 0.81920006E+02 -0.15366E+07
 0.81970001E+02 -0.14568E+07
 0.82020004E+02 -0.13640E+07
 0.82070007E+02 -0.12705E+07
 0.82120003E+02 -0.12077E+07
 0.82170006E+02 -0.11387E+07
 0.82220001E+02 -0.10751E+07
 0.82270004E+02 -0.10537E+07
 0.82320007E+02 -0.10435E+07
 0.82370003E+02 -0.10479E+07
 0.82420006E+02 -0.10487E+07
 0.82470001E+02 -0.10186E+07
 0.82520004E+02 -0.98071E+06
 0.82570007E+02 -0.91620E+06
 0.82620003E+02 -0.82249E+06
 0.82670006E+02 -0.71145E+06
 0.82720001E+02 -0.55143E+06
 0.82770004E+02 -0.37893E+06
 0.82820007E+02 -0.19544E+06
 0.82870003E+02  0.15449E+05
 0.82920006E+02  0.20829E+06
 0.82970001E+02  0.39193E+06
 0.83020004E+02  0.55425E+06
 0.83070007E+02  0.68963E+06
 0.83120003E+02  0.80091E+06
 0.83170006E+02  0.88124E+06
 0.83220001E+02  0.94757E+06
 0.83270004E+02  0.96827E+06
 0.83320007E+02  0.97432E+06
 0.83370003E+02  0.99992E+06
 0.83420006E+02  0.10156E+07
 0.83470001E+02  0.10339E+07
 0.83520004E+02  0.10599E+07
 0.83570007E+02  0.10908E+07
 0.83620003E+02  0.11162E+07
 0.83670006E+02  0.11105E+07
 0.83720001E+02  0.10412E+07
 0.83770004E+02  0.92919E+06
 0.83820007E+02  0.81376E+06
 0.83870003E+02  0.68610E+06
 0.83920006E+02  0.57823E+06
 0.83970001E+02  0.50741E+06
 0.84020004E+02  0.47194E+06
 0.84070007E+02  0.44513E+06
 0.84120003E+02  0.40822E+06
 0.84170006E+02  0.38229E+06
 0.84220001E+02  0.35970E+06
 0.84270004E+02  0.34593E+06
 0.84320007E+02  0.32910E+06
 0.84370003E+02  0.28165E+06
 0.84420006E+02  0.18696E+06
 0.84470001E+02  0.55051E+05
 0.84520004E+02 -0.86485E+05
 0.84570007E+02 -0.22016E+06
 0.84620003E+02 -0.34145E+06
 0.84670006E+02 -0.46715E+06
 0.84720001E+02 -0.57088E+06
 0.84770004E+02 -0.62226E+06
 0.84820007E+02 -0.65990E+06
 0.84870003E+02 -0.69581E+06
 0.84920006E+02 -0.73692E+06
 0.84970001E+02 -0.79041E+06
 0.85020004E+02 -0.81049E+06
 0.85070007E+02 -0.79136E+06
 0.85120003E+02 -0.73697E+06
 0.85170006E+02 -0.64262E+06
 0.85220001E+02 -0.47518E+06
 0.85270004E+02 -0.23657E+06
 0.85320007E+02 -0.21250E+04
 0.85370003E+02  0.20056E+06
 0.85420006E+02  0.34798E+06
 0.85470001E+02  0.42278E+06
 0.85520004E+02  0.42787E+06
 0.85570007E+02  0.40010E+06
 0.85620003E+02  0.39231E+06
 0.85670006E+02  0.38492E+06
 0.85720001E+02  0.37506E+06
 0.85770004E+02  0.37165E+06
 0.85820007E+02  0.34008E+06
 0.85870003E+02  0.29075E+06
 0.85920006E+02  0.22793E+06
 0.85970001E+02  0.13157E+06
 0.86020004E+02  0.30629E+05
 0.86070007E+02 -0.53685E+05
 0.86120003E+02 -0.13209E+06
 0.86170006E+02 -0.18645E+06
 0.86220001E+02 -0.19763E+06
 0.86270004E+02 -0.18017E+06
 0.86320007E+02 -0.16677E+06
 0.86370003E+02 -0.17978E+06
 0.86420006E+02 -0.21936E+06
 0.86470001E+02 -0.25865E+06
 0.86520004E+02 -0.24842E+06
 0.86570007E+02 -0.19040E+06
 0.86620003E+02 -0.83424E+05
 0.86670006E+02  0.35115E+05
 0.86720001E+02  0.11294E+06
 0.86770004E+02  0.17422E+06
 0.86820007E+02  0.21170E+06
 0.86870003E+02  0.22656E+06
 0.86920006E+02  0.23464E+06
 0.86970001E+02  0.25433E+06
 0.87020004E+02  0.26904E+06
 0.87070007E+02  0.26311E+06
 0.87120003E+02  0.26629E+06
 0.87170006E+02  0.24716E+06
 0.87220001E+02  0.18215E+06
 0.87270004E+02  0.99931E+05
 0.87320007E+02  0.45896E+05
 0.87370003E+02  0.14889E+05
 0.87420006E+02 -0.15325E+05
 0.87470001E+02 -0.23906E+05
 0.87520004E+02 -0.10748E+05
 0.87570007E+02  0.80130E+04
 0.87620003E+02  0.69200E+04
 0.87670006E+02 -0.14020E+05
 0.87720001E+02 -0.36192E+05
 0.87770004E+02 -0.86276E+05
 0.87820007E+02 -0.16447E+06
 0.87870003E+02 -0.23353E+06
 0.87920006E+02 -0.29881E+06
 0.87970001E+02 -0.37941E+06
 0.88020004E+02 -0.44448E+06
 0.88070007E+02 -0.45029E+06
 0.88120003E+02 -0.43031E+06
 0.88170006E+02 -0.43814E+06
 0.88220001E+02 -0.48063E+06
 0.88270004E+02 -0.53265E+06
 0.88320007E+02 -0.56711E+06
 0.88370003E+02 -0.55697E+06
 0.88420006E+02 -0.49593E+06
 0.88470001E+02 -0.41000E+06
 0.88520004E+02 -0.30242E+06
 0.88570007E+02 -0.18296E+06
 0.88620003E+02 -0.64619E+05
 0.88670006E+02  0.40319E+05
 0.88720001E+02  0.11949E+06
 0.88770004E+02  0.16961E+06
 0.88820007E+02  0.21086E+06
 0.88870003E+02  0.26159E+06
 0.88920006E+02  0.30260E+06
 0.88970001E+02  0.34636E+06
 0.89020004E+02  0.38955E+06
 0.89070007E+02  0.41412E+06
 0.89120003E+02  0.43248E+06
 0.89170006E+02  0.46425E+06
 0.89220001E+02  0.51070E+06
 0.89270004E+02  0.55970E+06
 0.89320007E+02  0.59474E+06
 0.89370003E+02  0.58601E+06
 0.89420006E+02  0.55338E+06
 0.89470001E+02  0.50432E+06
 0.89520004E+02  0.43466E+06
 0.89570007E+02  0.34779E+06
 0.89620003E+02  0.24795E+06
 0.89670006E+02  0.19125E+06
 0.89720001E+02  0.17492E+06
 0.89770004E+02  0.15828E+06
 0.89820007E+02  0.11369E+06
 0.89870003E+02  0.19640E+05
 0.89920006E+02 -0.10145E+06
 0.89970001E+02 -0.24307E+06
 0.90020004E+02 -0.40200E+06
 0.90070007E+02 -0.55174E+06
 0.90120003E+02 -0.67174E+06
 0.90170006E+02 -0.73554E+06
 0.90220001E+02 -0.72872E+06
 0.90270004E+02 -0.67085E+06
 0.90320007E+02 -0.56436E+06
 0.90370003E+02 -0.41168E+06
 0.90420006E+02 -0.25620E+06
 0.90470001E+02 -0.12262E+06
 0.90520004E+02 -0.33081E+05
 0.90570007E+02  0.34613E+05
 0.90620003E+02  0.11930E+06
 0.90670006E+02  0.20224E+06
 0.90720001E+02  0.30863E+06
 0.90770004E+02  0.41762E+06
 0.90820007E+02  0.48712E+06
 0.90870003E+02  0.54001E+06
 0.90920006E+02  0.58087E+06
 0.90970001E+02  0.63027E+06
 0.91020004E+02  0.68757E+06
 0.91070007E+02  0.75293E+06
 0.91120003E+02  0.84199E+06
 0.91170006E+02  0.92040E+06
 0.91220001E+02  0.95751E+06
 0.91270004E+02  0.96138E+06
 0.91320007E+02  0.96400E+06
 0.91370003E+02  0.97749E+06
 0.91420006E+02  0.99532E+06
 0.91470001E+02  0.10156E+07
 0.91520004E+02  0.10362E+07
 0.91570007E+02  0.10330E+07
 0.91620003E+02  0.97356E+06
 0.91670006E+02  0.86975E+06
 0.91720001E+02  0.74596E+06
 0.91770004E+02  0.62052E+06
 0.91820007E+02  0.50510E+06
 0.91870003E+02  0.39514E+06
 0.91920006E+02  0.29513E+06
 0.91970001E+02  0.19222E+06
 0.92020004E+02  0.72341E+05
 0.92070007E+02 -0.44717E+05
 0.92120003E+02 -0.14590E+06
 0.92170006E+02 -0.23219E+06
 0.92220001E+02 -0.31478E+06
 0.92270004E+02 -0.37845E+06
 0.92320007E+02 -0.39250E+06
 0.92370003E+02 -0.38860E+06
 0.92420006E+02 -0.39308E+06
 0.92470001E+02 -0.38914E+06
 0.92520004E+02 -0.39625E+06
 0.92570007E+02 -0.43381E+06
 0.92620003E+02 -0.48934E+06
 0.92670006E+02 -0.54240E+06
 0.92720001E+02 -0.56208E+06
 0.92770004E+02 -0.55669E+06
 0.92820007E+02 -0.54232E+06
 0.92870003E+02 -0.51000E+06
 0.92920006E+02 -0.46204E+06
 0.92970001E+02 -0.40379E+06
 0.93020004E+02 -0.34559E+06
 0.93070007E+02 -0.30180E+06
 0.93120003E+02 -0.27770E+06
 0.93170006E+02 -0.25372E+06
 0.93220001E+02 -0.21600E+06
 0.93270004E+02 -0.17734E+06
 0.93320007E+02 -0.14726E+06
 0.93370003E+02 -0.14138E+06
 0.93420006E+02 -0.17067E+06
 0.93470001E+02 -0.20423E+06
 0.93520004E+02 -0.23876E+06
 0.93570007E+02 -0.30342E+06
 0.93620003E+02 -0.36373E+06
 0.93670006E+02 -0.40046E+06
 0.93720001E+02 -0.41061E+06
 0.93770004E+02 -0.38903E+06
 0.93820007E+02 -0.38430E+06
 0.93870003E+02 -0.38800E+06
 0.93920006E+02 -0.37511E+06
 0.93970001E+02 -0.36459E+06
 0.94020004E+02 -0.36302E+06
 0.94070007E+02 -0.35785E+06
 0.94120003E+02 -0.33014E+06
 0.94170006E+02 -0.30710E+06
 0.94220001E+02 -0.31286E+06
 0.94270004E+02 -0.34872E+06
 0.94320007E+02 -0.41340E+06
 0.94370003E+02 -0.49436E+06
 0.94420006E+02 -0.58201E+06
 0.94470001E+02 -0.64744E+06
 0.94520004E+02 -0.69497E+06
 0.94570007E+02 -0.73240E+06
 0.94620003E+02 -0.73818E+06
 0.94670006E+02 -0.72318E+06
 0.94720001E+02 -0.68209E+06
 0.94770004E+02 -0.61446E+06
 0.94820007E+02 -0.54997E+06
 0.94870003E+02 -0.49909E+06
 0.94920006E+02 -0.47279E+06
 0.94970001E+02 -0.47422E+06
 0.95020004E+02 -0.48316E+06
 0.95070007E+02 -0.49291E+06
 0.95120003E+02 -0.49815E+06
 0.95170006E+02 -0.48227E+06
 0.95220001E+02 -0.43196E+06
 0.95270004E+02 -0.34404E+06
 0.95320007E+02 -0.23821E+06
 0.95370003E+02 -0.12406E+06
 0.95420006E+02 -0.21826E+05
 0.95470001E+02  0.43052E+05
 0.95520004E+02  0.91106E+05
 0.95570007E+02  0.12348E+06
 0.95620003E+02  0.12658E+06
 0.95670006E+02  0.11924E+06
 0.95720001E+02  0.11654E+06
 0.95770004E+02  0.12080E+06
 0.95820007E+02  0.13051E+06
 0.95870003E+02  0.15124E+06
 0.95920006E+02  0.18647E+06
 0.95970001E+02  0.22498E+06
 0.96020004E+02  0.26262E+06
 0.96070007E+02  0.29712E+06
 0.96120003E+02  0.33205E+06
 0.96170006E+02  0.35226E+06
 0.96220001E+02  0.33978E+06
 0.96270004E+02  0.33484E+06
 0.96320007E+02  0.33431E+06
 0.96370003E+02  0.30326E+06
 0.96420006E+02  0.25035E+06
 0.96470001E+02  0.17031E+06
 0.96520004E+02  0.77807E+05
 0.96570007E+02 -0.96910E+04
 0.96620003E+02 -0.89503E+05
 0.96670006E+02 -0.15656E+06
 0.96720001E+02 -0.22114E+06
 0.96770004E+02 -0.28919E+06
 0.96820007E+02 -0.34571E+06
 0.96870003E+02 -0.36252E+06
 0.96920006E+02 -0.36509E+06
 0.96970001E+02 -0.36549E+06
 0.97020004E+02 -0.35153E+06
 0.97070007E+02 -0.33232E+06
 0.97120003E+02 -0.29135E+06
 0.97170006E+02 -0.23186E+06
 0.97220001E+02 -0.17059E+06
 0.97270004E+02 -0.11587E+06
 0.97320007E+02 -0.56324E+05
 0.97370003E+02  0.56680E+04
 0.97420006E+02  0.47203E+05
 0.97470001E+02  0.70760E+05
 0.97520004E+02  0.89727E+05
 0.97570007E+02  0.10025E+06
 0.97620003E+02  0.91786E+05
 0.97670006E+02  0.10596E+06
 0.97720001E+02  0.15602E+06
 0.97770004E+02  0.22626E+06
 0.97820007E+02  0.32953E+06
 0.97870003E+02  0.44734E+06
 0.97920006E+02  0.56162E+06
 0.97970001E+02  0.65310E+06
 0.98020004E+02  0.69192E+06
 0.98070007E+02  0.68218E+06
 0.98120003E+02  0.65337E+06
 0.98170006E+02  0.63224E+06
 0.98220001E+02  0.61320E+06
 0.98270004E+02  0.58496E+06
 0.98320007E+02  0.54492E+06
 0.98370003E+02  0.49370E+06
 0.98420006E+02  0.43962E+06
 0.98470001E+02  0.36804E+06
 0.98520004E+02  0.28237E+06
 0.98570007E+02  0.18816E+06
 0.98620003E+02  0.75476E+05
 0.98670006E+02 -0.28300E+05
 0.98720001E+02 -0.10660E+06
 0.98770004E+02 -0.16483E+06
 0.98820007E+02 -0.20934E+06
 0.98870003E+02 -0.23735E+06
 0.98920006E+02 -0.23143E+06
 0.98970001E+02 -0.19239E+06
 0.99020004E+02 -0.13194E+06
 0.99070007E+02 -0.53731E+05
 0.99120003E+02  0.40127E+05
 0.99170006E+02  0.14182E+06
 0.99220001E+02  0.23762E+06
 0.99270004E+02  0.31483E+06
 0.99320007E+02  0.36081E+06
 0.99370003E+02  0.36868E+06
 0.99420006E+02  0.35109E+06
 0.99470001E+02  0.31390E+06
 0.99520004E+02  0.25847E+06
 0.99570007E+02  0.20497E+06
 0.99620003E+02  0.16256E+06
 0.99670006E+02  0.12202E+06
 0.99720001E+02  0.74181E+05
 0.99770004E+02  0.25421E+05
 0.99820007E+02 -0.29710E+04
 0.99870003E+02  0.83800E+03
 0.99920006E+02  0.26520E+05
 0.99970001E+02  0.50187E+05
 0.10002000E+03  0.74521E+05
 0.10007001E+03  0.10782E+06
 0.10012000E+03  0.13277E+06
 0.10017001E+03  0.14943E+06
 0.10022000E+03  0.16301E+06
 0.10027000E+03  0.16896E+06
 0.10032001E+03  0.16840E+06
 0.10037000E+03  0.16367E+06
 0.10042001E+03  0.16717E+06
 0.10047000E+03  0.18998E+06
 0.10052000E+03  0.21259E+06
 0.10057001E+03  0.23044E+06
 0.10062000E+03  0.26192E+06
 0.10067001E+03  0.30729E+06
 0.10072000E+03  0.38430E+06
 0.10077000E+03  0.49222E+06
 0.10082001E+03  0.59913E+06
 0.10087000E+03  0.69816E+06
 0.10092001E+03  0.79079E+06
 0.10097000E+03  0.87072E+06
 0.10102000E+03  0.92830E+06
 0.10107001E+03  0.96239E+06
 0.10112000E+03  0.97723E+06
 0.10117001E+03  0.97246E+06
 0.10122000E+03  0.94788E+06
 0.10127000E+03  0.90304E+06
 0.10132001E+03  0.83034E+06
 0.10137000E+03  0.73591E+06
 0.10142001E+03  0.63640E+06
 0.10147000E+03  0.54228E+06
 0.10152000E+03  0.47091E+06
 0.10157001E+03  0.41799E+06
 0.10162000E+03  0.37974E+06
 0.10167001E+03  0.35478E+06
 0.10172000E+03  0.31316E+06
 0.10177000E+03  0.24871E+06
 0.10182001E+03  0.17666E+06
 0.10187000E+03  0.11023E+06
 0.10192001E+03  0.75756E+05
 0.10197000E+03  0.78481E+05
 0.10202000E+03  0.10042E+06
 0.10207001E+03  0.13132E+06
 0.10212000E+03  0.16878E+06
 0.10217001E+03  0.21579E+06
 0.10222000E+03  0.26617E+06
 0.10227000E+03  0.32731E+06
 0.10232001E+03  0.40612E+06
 0.10237000E+03  0.48716E+06
 0.10242001E+03  0.55744E+06
 0.10247000E+03  0.59864E+06
 0.10252000E+03  0.60029E+06
 0.10257001E+03  0.55595E+06
 0.10262000E+03  0.48911E+06
 0.10267001E+03  0.43996E+06
 0.10272000E+03  0.40625E+06
 0.10277000E+03  0.37829E+06
 0.10282001E+03  0.32866E+06
 0.10287000E+03  0.24830E+06
 0.10292001E+03  0.16899E+06
 0.10297000E+03  0.10291E+06
 0.10302000E+03  0.53897E+05
 0.10307001E+03  0.17056E+05
 0.10312000E+03 -0.13047E+05
 0.10317001E+03 -0.42640E+05
 0.10322000E+03 -0.71913E+05
 0.10327000E+03 -0.10316E+06
 0.10332001E+03 -0.14352E+06
 0.10337000E+03 -0.18585E+06
 0.10342001E+03 -0.22257E+06
 0.10347000E+03 -0.22935E+06
 0.10352000E+03 -0.22054E+06
 0.10357001E+03 -0.22388E+06
 0.10362000E+03 -0.23768E+06
 0.10367001E+03 -0.28083E+06
 0.10372000E+03 -0.35486E+06
 0.10377000E+03 -0.44296E+06
 0.10382001E+03 -0.52729E+06
 0.10387000E+03 -0.59393E+06
 0.10392001E+03 -0.64494E+06
 0.10397000E+03 -0.68810E+06
 0.10402000E+03 -0.73960E+06
 0.10407001E+03 -0.80768E+06
 0.10412000E+03 -0.89499E+06
 0.10417001E+03 -0.99207E+06
 0.10422000E+03 -0.10790E+07
 0.10427000E+03 -0.11507E+07
 0.10432001E+03 -0.12064E+07
 0.10437000E+03 -0.12408E+07
 0.10442001E+03 -0.12506E+07
 0.10447000E+03 -0.12475E+07
 0.10452000E+03 -0.12394E+07
 0.10457001E+03 -0.12198E+07
 0.10462000E+03 -0.11872E+07
 0.10467001E+03 -0.11518E+07
 0.10472000E+03 -0.11175E+07
 0.10477000E+03 -0.10725E+07
 0.10482001E+03 -0.10139E+07
 0.10487000E+03 -0.95321E+06
 0.10492001E+03 -0.91470E+06
 0.10497000E+03 -0.90037E+06
 0.10502000E+03 -0.88618E+06
 0.10507001E+03 -0.85327E+06
 0.10512000E+03 -0.80239E+06
 0.10517001E+03 -0.75646E+06
 0.10522000E+03 -0.72120E+06
 0.10527000E+03 -0.70090E+06
 0.10532001E+03 -0.69436E+06
 0.10537000E+03 -0.69032E+06
 0.10542001E+03 -0.69264E+06
 0.10547000E+03 -0.69304E+06
 0.10552000E+03 -0.69190E+06
 0.10557001E+03 -0.68911E+06
 0.10562000E+03 -0.68818E+06
 0.10567001E+03 -0.70680E+06
 0.10572000E+03 -0.73239E+06
 0.10577000E+03 -0.74781E+06
 0.10582001E+03 -0.75387E+06
 0.10587000E+03 -0.75462E+06
 0.10592001E+03 -0.73955E+06
 0.10597000E+03 -0.70373E+06
 0.10602000E+03 -0.64958E+06
 0.10607001E+03 -0.57398E+06
 0.10612000E+03 -0.48828E+06
 0.10617001E+03 -0.38646E+06
 0.10622000E+03 -0.27733E+06
 0.10627000E+03 -0.18130E+06
 0.10632001E+03 -0.88410E+05
 0.10637000E+03 -0.65470E+04
 0.10642001E+03  0.58805E+05
 0.10647000E+03  0.11086E+06
 0.10652000E+03  0.14763E+06
 0.10657001E+03  0.16760E+06
 0.10662000E+03  0.16378E+06
 0.10667001E+03  0.15619E+06
 0.10672000E+03  0.17153E+06
 0.10677000E+03  0.20345E+06
 0.10682001E+03  0.24196E+06
 0.10687000E+03  0.28325E+06
 0.10692001E+03  0.31697E+06
 0.10697000E+03  0.33822E+06
 0.10702000E+03  0.34303E+06
 0.10707001E+03  0.34157E+06
 0.10712000E+03  0.35293E+06
 0.10717001E+03  0.37652E+06
 0.10722000E+03  0.40288E+06
 0.10727000E+03  0.43058E+06
 0.10732001E+03  0.47072E+06
 0.10737000E+03  0.50860E+06
 0.10742001E+03  0.52104E+06
 0.10747000E+03  0.51638E+06
 0.10752000E+03  0.50240E+06
 0.10757001E+03  0.48880E+06
 0.10762000E+03  0.47463E+06
 0.10767001E+03  0.45139E+06
 0.10772000E+03  0.42467E+06
 0.10777000E+03  0.39229E+06
 0.10782001E+03  0.36699E+06
 0.10787000E+03  0.35358E+06
 0.10792001E+03  0.34095E+06
 0.10797000E+03  0.33456E+06
 0.10802000E+03  0.32855E+06
 0.10807001E+03  0.32479E+06
 0.10812000E+03  0.33146E+06
 0.10817001E+03  0.34881E+06
 0.10822000E+03  0.37065E+06
 0.10827000E+03  0.38486E+06
 0.10832001E+03  0.40266E+06
 0.10837000E+03  0.43272E+06
 0.10842001E+03  0.47375E+06
 0.10847000E+03  0.52427E+06
 0.10852000E+03  0.56457E+06
 0.10857001E+03  0.59069E+06
 0.10862000E+03  0.60713E+06
 0.10867001E+03  0.60777E+06
 0.10872000E+03  0.60406E+06
 0.10877000E+03  0.59636E+06
 0.10882001E+03  0.58040E+06
 0.10887000E+03  0.55389E+06
 0.10892001E+03  0.51801E+06
 0.10897000E+03  0.48227E+06
 0.10902000E+03  0.43247E+06
 0.10907001E+03  0.36699E+06
 0.10912000E+03  0.30091E+06
 0.10917001E+03  0.23950E+06
 0.10922000E+03  0.18406E+06
 0.10927000E+03  0.14048E+06
 0.10932001E+03  0.11606E+06
 0.10937000E+03  0.11135E+06
 0.10942001E+03  0.12724E+06
 0.10947000E+03  0.15717E+06
 0.10952000E+03  0.18261E+06
 0.10957001E+03  0.19625E+06
 0.10962000E+03  0.20763E+06
 0.10967001E+03  0.21874E+06
 0.10972000E+03  0.23088E+06
 0.10977000E+03  0.24670E+06
 0.10982001E+03  0.26728E+06
 0.10987000E+03  0.31080E+06
 0.10992001E+03  0.38702E+06
 0.10997000E+03  0.47670E+06
 0.11002000E+03  0.56210E+06
 0.11007001E+03  0.63083E+06
 0.11012000E+03  0.68230E+06
 0.11017001E+03  0.71947E+06
 0.11022000E+03  0.74014E+06
 0.11027000E+03  0.76056E+06
 0.11032001E+03  0.78398E+06
 0.11037000E+03  0.80246E+06
 0.11042001E+03  0.80944E+06
 0.11047000E+03  0.79962E+06
 0.11052000E+03  0.77154E+06
 0.11057001E+03  0.71821E+06
 0.11062000E+03  0.64113E+06
 0.11067001E+03  0.55132E+06
 0.11072000E+03  0.46646E+06
 0.11077000E+03  0.39183E+06
 0.11082001E+03  0.32978E+06
 0.11087000E+03  0.28841E+06
 0.11092001E+03  0.26290E+06
 0.11097000E+03  0.24122E+06
 0.11102000E+03  0.20987E+06
 0.11107001E+03  0.16233E+06
 0.11112000E+03  0.10356E+06
 0.11117001E+03  0.39156E+05
 0.11122000E+03 -0.30451E+05
 0.11127000E+03 -0.11090E+06
 0.11132001E+03 -0.20361E+06
 0.11137000E+03 -0.29572E+06
 0.11142001E+03 -0.37409E+06
 0.11147000E+03 -0.44127E+06
 0.11152000E+03 -0.50662E+06
 0.11157001E+03 -0.56515E+06
 0.11162000E+03 -0.61360E+06
 0.11167001E+03 -0.66099E+06
 0.11172000E+03 -0.71339E+06
 0.11177000E+03 -0.76270E+06
 0.11182001E+03 -0.80323E+06
 0.11187000E+03 -0.83528E+06
 0.11192001E+03 -0.84812E+06
 0.11197000E+03 -0.84742E+06
 0.11202000E+03 -0.83159E+06
 0.11207001E+03 -0.78792E+06
 0.11212000E+03 -0.72167E+06
 0.11217001E+03 -0.63276E+06
 0.11222000E+03 -0.52905E+06
 0.11227000E+03 -0.42868E+06
 0.11232001E+03 -0.33915E+06
 0.11237000E+03 -0.26457E+06
 0.11242001E+03 -0.20121E+06
 0.11247000E+03 -0.14010E+06
 0.11252000E+03 -0.85069E+05
 0.11257001E+03 -0.49552E+05
 0.11262000E+03 -0.50573E+05
 0.11267001E+03 -0.87034E+05
 0.11272000E+03 -0.14090E+06
 0.11277000E+03 -0.19380E+06
 0.11282001E+03 -0.22796E+06
 0.11287000E+03 -0.24458E+06
 0.11292001E+03 -0.25605E+06
 0.11297000E+03 -0.26294E+06
 0.11302000E+03 -0.25694E+06
 0.11307001E+03 -0.24304E+06
 0.11312000E+03 -0.23298E+06
 0.11317001E+03 -0.22591E+06
 0.11322000E+03 -0.21524E+06
 0.11327000E+03 -0.20001E+06
 0.11332001E+03 -0.18304E+06
 0.11337000E+03 -0.16991E+06
 0.11342001E+03 -0.16737E+06
 0.11347000E+03 -0.17841E+06
 0.11352000E+03 -0.20960E+06
 0.11357001E+03 -0.25096E+06
 0.11362000E+03 -0.29082E+06
 0.11367001E+03 -0.32746E+06
 0.11372000E+03 -0.35776E+06
 0.11377000E+03 -0.39253E+06
 0.11382001E+03 -0.42582E+06
 0.11387000E+03 -0.45058E+06
 0.11392001E+03 -0.47846E+06
 0.11397000E+03 -0.51803E+06
 0.11402000E+03 -0.57046E+06
 0.11407001E+03 -0.61907E+06
 0.11412000E+03 -0.64689E+06
 0.11417001E+03 -0.64627E+06
 0.11422000E+03 -0.61932E+06
 0.11427000E+03 -0.57676E+06
 0.11432001E+03 -0.52893E+06
 0.11437000E+03 -0.48121E+06
 0.11442001E+03 -0.43258E+06
 0.11447000E+03 -0.37743E+06
 0.11452000E+03 -0.30596E+06
 0.11457001E+03 -0.22258E+06
 0.11462000E+03 -0.13319E+06
 0.11467001E+03 -0.41720E+05
 0.11472000E+03  0.42494E+05
 0.11477000E+03  0.11440E+06
 0.11482001E+03  0.16153E+06
 0.11487000E+03  0.19018E+06
 0.11492001E+03  0.21488E+06
 0.11497000E+03  0.23702E+06
 0.11502000E+03  0.26790E+06
 0.11507001E+03  0.30862E+06
 0.11512000E+03  0.35080E+06
 0.11517001E+03  0.38600E+06
 0.11522000E+03  0.40258E+06
 0.11527000E+03  0.40935E+06
 0.11532001E+03  0.40997E+06
 0.11537000E+03  0.40027E+06
 0.11542001E+03  0.39410E+06
 0.11547000E+03  0.39948E+06
 0.11552000E+03  0.42597E+06
 0.11557001E+03  0.46670E+06
 0.11562000E+03  0.50532E+06
 0.11567001E+03  0.53862E+06
 0.11572000E+03  0.55961E+06
 0.11577000E+03  0.57646E+06
 0.11582001E+03  0.59263E+06
 0.11587000E+03  0.60727E+06
 0.11592001E+03  0.62548E+06
 0.11597000E+03  0.63903E+06
 0.11602000E+03  0.63468E+06
 0.11607001E+03  0.60802E+06
 0.11612000E+03  0.56197E+06
 0.11617001E+03  0.50161E+06
 0.11622000E+03  0.43184E+06
 0.11627000E+03  0.34613E+06
 0.11632001E+03  0.24526E+06
 0.11637000E+03  0.13845E+06
 0.11642001E+03  0.37270E+05
 0.11647000E+03 -0.49146E+05
 0.11652000E+03 -0.12273E+06
 0.11657001E+03 -0.18494E+06
 0.11662000E+03 -0.24939E+06
 0.11667001E+03 -0.31354E+06
 0.11672000E+03 -0.36309E+06
 0.11677000E+03 -0.40222E+06
 0.11682001E+03 -0.43695E+06
 0.11687000E+03 -0.47282E+06
 0.11692001E+03 -0.51010E+06
 0.11697000E+03 -0.54968E+06
 0.11702000E+03 -0.58996E+06
 0.11707001E+03 -0.62596E+06
 0.11712000E+03 -0.65591E+06
 0.11717001E+03 -0.67466E+06
 0.11722000E+03 -0.67777E+06
 0.11727000E+03 -0.66639E+06
 0.11732001E+03 -0.64387E+06
 0.11737000E+03 -0.62198E+06
 0.11742001E+03 -0.61368E+06
 0.11747000E+03 -0.61988E+06
 0.11752000E+03 -0.62968E+06
 0.11757001E+03 -0.62442E+06
 0.11762000E+03 -0.60863E+06
 0.11767001E+03 -0.58681E+06
 0.11772000E+03 -0.55226E+06
 0.11777000E+03 -0.51086E+06
 0.11782001E+03 -0.45878E+06
 0.11787000E+03 -0.39697E+06
 0.11792001E+03 -0.32903E+06
 0.11797000E+03 -0.25311E+06
 0.11802000E+03 -0.16595E+06
 0.11807001E+03 -0.59776E+05
 0.11812000E+03  0.63781E+05
 0.11817001E+03  0.19555E+06
 0.11822000E+03  0.32319E+06
 0.11827000E+03  0.44214E+06
 0.11832001E+03  0.54812E+06
 0.11837000E+03  0.63347E+06
 0.11842001E+03  0.70174E+06
 0.11847000E+03  0.76524E+06
 0.11852000E+03  0.82693E+06
 0.11857001E+03  0.88982E+06
 0.11862000E+03  0.96313E+06
 0.11867001E+03  0.10371E+07
 0.11872000E+03  0.10985E+07
 0.11877000E+03  0.11362E+07
 0.11882001E+03  0.11463E+07
 0.11887000E+03  0.11389E+07
 0.11892001E+03  0.11186E+07
 0.11897000E+03  0.10899E+07
 0.11902000E+03  0.10567E+07
 0.11907001E+03  0.10157E+07
 0.11912000E+03  0.96632E+06
 0.11917001E+03  0.91007E+06
 0.11922000E+03  0.84778E+06
 0.11927000E+03  0.78470E+06
 0.11932001E+03  0.72766E+06
 0.11937000E+03  0.68605E+06
 0.11942001E+03  0.65243E+06
 0.11947000E+03  0.61956E+06
 0.11952000E+03  0.59898E+06
 0.11957001E+03  0.58837E+06
 0.11962000E+03  0.57865E+06
 0.11967001E+03  0.55986E+06
 0.11972000E+03  0.52504E+06
 0.11977000E+03  0.47556E+06
 0.11982001E+03  0.41551E+06
 0.11987000E+03  0.35399E+06
 0.11992001E+03  0.29568E+06
 0.11997000E+03  0.23970E+06
 0.12002000E+03  0.18642E+06
 0.12007001E+03  0.13703E+06
 0.12012000E+03  0.94915E+05
 0.12017001E+03  0.58569E+05
 0.12022000E+03  0.11985E+05
 0.12027000E+03 -0.39334E+05
 0.12032001E+03 -0.78905E+05
 0.12037000E+03 -0.11271E+06
 0.12042001E+03 -0.14214E+06
 0.12047000E+03 -0.17282E+06
 0.12052000E+03 -0.20936E+06
 0.12057001E+03 -0.24570E+06
 0.12062000E+03 -0.28669E+06
 0.12067001E+03 -0.33099E+06
 0.12072000E+03 -0.37279E+06
 0.12077000E+03 -0.41295E+06
 0.12082001E+03 -0.44787E+06
 0.12087000E+03 -0.47633E+06
 0.12092001E+03 -0.50562E+06
 0.12097000E+03 -0.54199E+06
 0.12102000E+03 -0.57796E+06
 0.12107001E+03 -0.60526E+06
 0.12112000E+03 -0.62326E+06
 0.12117001E+03 -0.62933E+06
 0.12122000E+03 -0.62293E+06
 0.12127000E+03 -0.60616E+06
 0.12132001E+03 -0.58624E+06
 0.12137000E+03 -0.56723E+06
 0.12142001E+03 -0.55534E+06
 0.12147000E+03 -0.55879E+06
 0.12152000E+03 -0.57231E+06
 0.12157001E+03 -0.58588E+06
 0.12162000E+03 -0.58598E+06
 0.12167001E+03 -0.57034E+06
 0.12172000E+03 -0.53828E+06
 0.12177000E+03 -0.48873E+06
 0.12182001E+03 -0.43359E+06
 0.12187000E+03 -0.37795E+06
 0.12192001E+03 -0.32524E+06
 0.12197000E+03 -0.27421E+06
 0.12202000E+03 -0.22550E+06
 0.12207001E+03 -0.17864E+06
 0.12212000E+03 -0.12671E+06
 0.12217001E+03 -0.73204E+05
 0.12222000E+03 -0.16908E+05
 0.12227000E+03  0.35905E+05
 0.12232001E+03  0.76766E+05
 0.12237000E+03  0.11190E+06
 0.12242001E+03  0.14380E+06
 0.12247000E+03  0.17865E+06
 0.12252000E+03  0.21581E+06
 0.12257001E+03  0.24144E+06
 0.12262000E+03  0.25566E+06
 0.12267001E+03  0.25908E+06
 0.12272000E+03  0.24665E+06
 0.12277000E+03  0.22117E+06
 0.12282001E+03  0.18383E+06
 0.12287000E+03  0.14176E+06
 0.12292001E+03  0.10074E+06
 0.12297000E+03  0.62836E+05
 0.12302000E+03  0.36305E+05
 0.12307001E+03  0.23702E+05
 0.12312000E+03  0.26698E+05
 0.12317001E+03  0.42196E+05
 0.12322000E+03  0.67132E+05
 0.12327000E+03  0.10286E+06
 0.12332001E+03  0.14199E+06
 0.12337000E+03  0.17760E+06
 0.12342001E+03  0.20977E+06
 0.12347000E+03  0.24293E+06
 0.12352000E+03  0.27504E+06
 0.12357001E+03  0.30496E+06
 0.12362000E+03  0.34169E+06
 0.12367001E+03  0.38018E+06
 0.12372000E+03  0.40514E+06
 0.12377000E+03  0.42036E+06
 0.12382001E+03  0.43416E+06
 0.12387000E+03  0.44371E+06
 0.12392001E+03  0.45029E+06
 0.12397000E+03  0.45309E+06
 0.12402000E+03  0.45586E+06
 0.12407001E+03  0.46115E+06
 0.12412000E+03  0.46605E+06
 0.12417001E+03  0.47416E+06
 0.12422001E+03  0.47942E+06
 0.12427001E+03  0.48353E+06
 0.12432000E+03  0.49136E+06
 0.12437000E+03  0.49391E+06
 0.12442001E+03  0.48712E+06
 0.12447001E+03  0.47157E+06
 0.12452001E+03  0.44965E+06
 0.12457000E+03  0.43208E+06
 0.12462000E+03  0.42129E+06
 0.12467001E+03  0.40165E+06
 0.12472001E+03  0.36661E+06
 0.12477001E+03  0.31764E+06
 0.12482000E+03  0.25150E+06
 0.12487000E+03  0.16899E+06
 0.12492001E+03  0.77506E+05
 0.12497001E+03 -0.16258E+05
 0.12502001E+03 -0.11205E+06
 0.12507000E+03 -0.21254E+06
 0.12512000E+03 -0.31925E+06
 0.12517001E+03 -0.43100E+06
 0.12522001E+03 -0.54378E+06
 0.12527001E+03 -0.64257E+06
 0.12532000E+03 -0.72112E+06
 0.12537000E+03 -0.78801E+06
 0.12542001E+03 -0.84013E+06
 0.12547001E+03 -0.87662E+06
 0.12552001E+03 -0.89780E+06
 0.12557000E+03 -0.89911E+06
 0.12562000E+03 -0.88373E+06
 0.12567001E+03 -0.85275E+06
 0.12572001E+03 -0.81117E+06
 0.12577001E+03 -0.76826E+06
 0.12582000E+03 -0.72236E+06
 0.12587000E+03 -0.66839E+06
 0.12592001E+03 -0.60913E+06
 0.12597001E+03 -0.55164E+06
 0.12602001E+03 -0.49423E+06
 0.12607000E+03 -0.44163E+06
 0.12612000E+03 -0.39925E+06
 0.12617001E+03 -0.36133E+06
 0.12622001E+03 -0.33341E+06
 0.12627001E+03 -0.31223E+06
 0.12632000E+03 -0.29130E+06
 0.12637000E+03 -0.27261E+06
 0.12642001E+03 -0.25102E+06
 0.12647001E+03 -0.22345E+06
 0.12652001E+03 -0.18786E+06
 0.12657000E+03 -0.14814E+06
 0.12662000E+03 -0.10581E+06
 0.12667001E+03 -0.56927E+05
 0.12672001E+03 -0.63440E+04
 0.12677001E+03  0.46276E+05
 0.12682000E+03  0.10044E+06
 0.12687000E+03  0.15334E+06
 0.12692001E+03  0.21231E+06
 0.12697001E+03  0.27225E+06
 0.12702001E+03  0.32467E+06
 0.12707000E+03  0.36876E+06
 0.12712000E+03  0.39098E+06
 0.12717001E+03  0.38868E+06
 0.12722001E+03  0.36928E+06
 0.12727001E+03  0.33018E+06
 0.12732000E+03  0.28312E+06
 0.12737000E+03  0.23291E+06
 0.12742001E+03  0.17067E+06
 0.12747001E+03  0.10105E+06
 0.12752001E+03  0.23890E+05
 0.12757000E+03 -0.58753E+05
 0.12762000E+03 -0.13968E+06
 0.12767001E+03 -0.20957E+06
 0.12772001E+03 -0.25995E+06
 0.12777001E+03 -0.29520E+06
 0.12782000E+03 -0.31615E+06
 0.12787000E+03 -0.32650E+06
 0.12792001E+03 -0.33354E+06
 0.12797001E+03 -0.34102E+06
 0.12802000E+03 -0.34615E+06
 0.12806999E+03 -0.34496E+06
 0.12812000E+03 -0.32895E+06
 0.12817000E+03 -0.29024E+06
 0.12822000E+03 -0.24022E+06
 0.12827000E+03 -0.18300E+06
 0.12831999E+03 -0.13033E+06
 0.12837000E+03 -0.93720E+05
 0.12842000E+03 -0.68740E+05
 0.12847000E+03 -0.66045E+05
 0.12852000E+03 -0.84575E+05
 0.12856999E+03 -0.11222E+06
 0.12862000E+03 -0.14390E+06
 0.12867000E+03 -0.17393E+06
 0.12872000E+03 -0.20282E+06
 0.12877000E+03 -0.22838E+06
 0.12881999E+03 -0.24684E+06
 0.12887000E+03 -0.25946E+06
 0.12892000E+03 -0.26357E+06
 0.12897000E+03 -0.26431E+06
 0.12902000E+03 -0.26680E+06
 0.12906999E+03 -0.26595E+06
 0.12912000E+03 -0.26399E+06
 0.12917000E+03 -0.25818E+06
 0.12922000E+03 -0.24935E+06
 0.12927000E+03 -0.23471E+06
 0.12931999E+03 -0.20383E+06
 0.12937000E+03 -0.16720E+06
 0.12942000E+03 -0.12827E+06
 0.12947000E+03 -0.89002E+05
 0.12952000E+03 -0.54606E+05
 0.12956999E+03 -0.18947E+05
 0.12962000E+03  0.15569E+05
 0.12967000E+03  0.49700E+05
 0.12972000E+03  0.83575E+05
 0.12977000E+03  0.11545E+06
 0.12981999E+03  0.15071E+06
 0.12987000E+03  0.18684E+06
 0.12992000E+03  0.22141E+06
 0.12997000E+03  0.25174E+06
 0.13002000E+03  0.27810E+06
 0.13006999E+03  0.30349E+06
 0.13012000E+03  0.32147E+06
 0.13017000E+03  0.33277E+06
 0.13022000E+03  0.33466E+06
 0.13027000E+03  0.32733E+06
 0.13031999E+03  0.32126E+06
 0.13037000E+03  0.31369E+06
 0.13042000E+03  0.30860E+06
 0.13047000E+03  0.30799E+06
 0.13052000E+03  0.31026E+06
 0.13056999E+03  0.31929E+06
 0.13062000E+03  0.32784E+06
 0.13067000E+03  0.33989E+06
 0.13072000E+03  0.35410E+06
 0.13077000E+03  0.36602E+06
 0.13081999E+03  0.38401E+06
 0.13087000E+03  0.39954E+06
 0.13092000E+03  0.40875E+06
 0.13097000E+03  0.41744E+06
 0.13102000E+03  0.42750E+06
 0.13106999E+03  0.44406E+06
 0.13112000E+03  0.46823E+06
 0.13117000E+03  0.49216E+06
 0.13122000E+03  0.50435E+06
 0.13127000E+03  0.50242E+06
 0.13131999E+03  0.48295E+06
 0.13137000E+03  0.44585E+06
 0.13142000E+03  0.40548E+06
 0.13147000E+03  0.36866E+06
 0.13152000E+03  0.33657E+06
 0.13156999E+03  0.30989E+06
 0.13162000E+03  0.28712E+06
 0.13167000E+03  0.27354E+06
 0.13172000E+03  0.27234E+06
 0.13177000E+03  0.27877E+06
 0.13181999E+03  0.28895E+06
 0.13187000E+03  0.29377E+06
 0.13192000E+03  0.28981E+06
 0.13197000E+03  0.28349E+06
 0.13202000E+03  0.26909E+06
 0.13206999E+03  0.24763E+06
 0.13212000E+03  0.22174E+06
 0.13217000E+03  0.18883E+06
 0.13222000E+03  0.15401E+06
 0.13227000E+03  0.11324E+06
 0.13231999E+03  0.72681E+05
 0.13237000E+03  0.37531E+05
 0.13242000E+03  0.17900E+03
 0.13247000E+03 -0.29101E+05
 0.13252000E+03 -0.48533E+05
 0.13256999E+03 -0.61897E+05
 0.13262000E+03 -0.66022E+05
 0.13267000E+03 -0.69099E+05
 0.13272000E+03 -0.69115E+05
 0.13277000E+03 -0.61613E+05
 0.13281999E+03 -0.51470E+05
 0.13287000E+03 -0.43378E+05
 0.13292000E+03 -0.45283E+05
 0.13297000E+03 -0.53314E+05
 0.13302000E+03 -0.60598E+05
 0.13306999E+03 -0.70528E+05
 0.13312000E+03 -0.80929E+05
 0.13317000E+03 -0.92478E+05
 0.13322000E+03 -0.10488E+06
 0.13327000E+03 -0.11289E+06
 0.13331999E+03 -0.11764E+06
 0.13337000E+03 -0.11534E+06
 0.13342000E+03 -0.10507E+06
 0.13347000E+03 -0.89617E+05
 0.13352000E+03 -0.71242E+05
 0.13356999E+03 -0.57060E+05
 0.13362000E+03 -0.47869E+05
 0.13367000E+03 -0.39112E+05
 0.13372000E+03 -0.32840E+05
 0.13377000E+03 -0.30590E+05
 0.13381999E+03 -0.25963E+05
 0.13387000E+03 -0.19733E+05
 0.13392000E+03 -0.19549E+05
 0.13397000E+03 -0.27552E+05
 0.13402000E+03 -0.36683E+05
 0.13406999E+03 -0.42399E+05
 0.13412000E+03 -0.45522E+05
 0.13417000E+03 -0.42295E+05
 0.13422000E+03 -0.31678E+05
 0.13427000E+03 -0.16831E+05
 0.13431999E+03  0.55020E+04
 0.13437000E+03  0.39885E+05
 0.13442000E+03  0.80212E+05
 0.13447000E+03  0.12548E+06
 0.13452000E+03  0.17314E+06
 0.13456999E+03  0.21345E+06
 0.13462000E+03  0.24909E+06
 0.13467000E+03  0.28026E+06
 0.13472000E+03  0.30661E+06
 0.13477000E+03  0.32776E+06
 0.13481999E+03  0.33849E+06
 0.13487000E+03  0.34262E+06
 0.13492000E+03  0.34006E+06
 0.13497000E+03  0.32905E+06
 0.13502000E+03  0.31314E+06
 0.13506999E+03  0.29677E+06
 0.13512000E+03  0.28218E+06
 0.13517000E+03  0.26793E+06
 0.13522000E+03  0.25634E+06
 0.13527000E+03  0.24633E+06
 0.13531999E+03  0.23605E+06
 0.13537000E+03  0.22882E+06
 0.13542000E+03  0.22894E+06
 0.13547000E+03  0.23438E+06
 0.13552000E+03  0.24160E+06
 0.13556999E+03  0.25221E+06
 0.13562000E+03  0.26062E+06
 0.13567000E+03  0.26250E+06
 0.13572000E+03  0.25494E+06
 0.13577000E+03  0.23403E+06
 0.13581999E+03  0.20133E+06
 0.13587000E+03  0.15631E+06
 0.13592000E+03  0.10188E+06
 0.13597000E+03  0.39299E+05
 0.13602000E+03 -0.30493E+05
 0.13606999E+03 -0.10567E+06
 0.13612000E+03 -0.18855E+06
 0.13617000E+03 -0.27662E+06
 0.13622000E+03 -0.36706E+06
 0.13627000E+03 -0.45512E+06
 0.13631999E+03 -0.53999E+06
 0.13637000E+03 -0.62226E+06
 0.13642000E+03 -0.69662E+06
 0.13647000E+03 -0.75920E+06
 0.13652000E+03 -0.81147E+06
 0.13656999E+03 -0.86279E+06
 0.13662000E+03 -0.90809E+06
 0.13667000E+03 -0.93664E+06
 0.13672000E+03 -0.95239E+06
 0.13677000E+03 -0.95828E+06
 0.13681999E+03 -0.95836E+06
 0.13687000E+03 -0.95425E+06
 0.13692000E+03 -0.94598E+06
 0.13697000E+03 -0.93838E+06
 0.13702000E+03 -0.92997E+06
 0.13706999E+03 -0.91937E+06
 0.13712000E+03 -0.90264E+06
 0.13717000E+03 -0.87448E+06
 0.13722000E+03 -0.83581E+06
 0.13727000E+03 -0.78860E+06
 0.13731999E+03 -0.74292E+06
 0.13737000E+03 -0.70306E+06
 0.13742000E+03 -0.66531E+06
 0.13747000E+03 -0.63197E+06
 0.13752000E+03 -0.60138E+06
 0.13756999E+03 -0.57487E+06
 0.13762000E+03 -0.55391E+06
 0.13767000E+03 -0.53086E+06
 0.13772000E+03 -0.50463E+06
 0.13777000E+03 -0.47556E+06
 0.13781999E+03 -0.43999E+06
 0.13787000E+03 -0.39860E+06
 0.13792000E+03 -0.35024E+06
 0.13797000E+03 -0.29301E+06
 0.13802000E+03 -0.22842E+06
 0.13806999E+03 -0.14987E+06
 0.13812000E+03 -0.53905E+05
 0.13817000E+03  0.47426E+05
 0.13822000E+03  0.14494E+06
 0.13827000E+03  0.23271E+06
 0.13831999E+03  0.30561E+06
 0.13837000E+03  0.36274E+06
 0.13842000E+03  0.40595E+06
 0.13847000E+03  0.43931E+06
 0.13852000E+03  0.45816E+06
 0.13856999E+03  0.46075E+06
 0.13862000E+03  0.45531E+06
 0.13867000E+03  0.43988E+06
 0.13872000E+03  0.41411E+06
 0.13877000E+03  0.38498E+06
 0.13881999E+03  0.35350E+06
 0.13887000E+03  0.32769E+06
 0.13892000E+03  0.31226E+06
 0.13897000E+03  0.30517E+06
 0.13902000E+03  0.31017E+06
 0.13906999E+03  0.32505E+06
 0.13912000E+03  0.34943E+06
 0.13917000E+03  0.37793E+06
 0.13922000E+03  0.40459E+06
 0.13927000E+03  0.43176E+06
 0.13931999E+03  0.45535E+06
 0.13937000E+03  0.48383E+06
 0.13942000E+03  0.52002E+06
 0.13947000E+03  0.55327E+06
 0.13952000E+03  0.58495E+06
 0.13956999E+03  0.60995E+06
 0.13962000E+03  0.62585E+06
 0.13967000E+03  0.63270E+06
 0.13972000E+03  0.62476E+06
 0.13977000E+03  0.61364E+06
 0.13981999E+03  0.60587E+06
 0.13987000E+03  0.60105E+06
 0.13992000E+03  0.60170E+06
 0.13997000E+03  0.59784E+06
 0.14002000E+03  0.58835E+06
 0.14006999E+03  0.57560E+06
 0.14012000E+03  0.56236E+06
 0.14017000E+03  0.55668E+06
 0.14022000E+03  0.55496E+06
 0.14027000E+03  0.55466E+06
 0.14031999E+03  0.55325E+06
 0.14037000E+03  0.54890E+06
 0.14042000E+03  0.54103E+06
 0.14047000E+03  0.52445E+06
 0.14052000E+03  0.49866E+06
 0.14056999E+03  0.46475E+06
 0.14062000E+03  0.42459E+06
 0.14067000E+03  0.37781E+06
 0.14072000E+03  0.32389E+06
 0.14077000E+03  0.26524E+06
 0.14081999E+03  0.20209E+06
 0.14087000E+03  0.13667E+06
 0.14092000E+03  0.72513E+05
 0.14097000E+03  0.10038E+05
 0.14102000E+03 -0.46861E+05
 0.14106999E+03 -0.98546E+05
 0.14112000E+03 -0.14591E+06
 0.14117000E+03 -0.18474E+06
 0.14122000E+03 -0.22753E+06
 0.14127000E+03 -0.27666E+06
 0.14131999E+03 -0.32576E+06
 0.14137000E+03 -0.38306E+06
 0.14142000E+03 -0.44305E+06
 0.14147000E+03 -0.50105E+06
 0.14152000E+03 -0.55594E+06
 0.14156999E+03 -0.60054E+06
 0.14162000E+03 -0.63733E+06
 0.14167000E+03 -0.66262E+06
 0.14172000E+03 -0.67336E+06
 0.14177000E+03 -0.67627E+06
 0.14181999E+03 -0.67102E+06
 0.14187000E+03 -0.66143E+06
 0.14192000E+03 -0.65341E+06
 0.14197000E+03 -0.64772E+06
 0.14202000E+03 -0.64727E+06
 0.14206999E+03 -0.64568E+06
 0.14212000E+03 -0.63551E+06
 0.14217000E+03 -0.61779E+06
 0.14222000E+03 -0.59068E+06
 0.14227000E+03 -0.55601E+06
 0.14231999E+03 -0.51874E+06
 0.14237000E+03 -0.48389E+06
 0.14242000E+03 -0.45266E+06
 0.14247000E+03 -0.41861E+06
 0.14252000E+03 -0.38233E+06
 0.14256999E+03 -0.33640E+06
 0.14262000E+03 -0.27657E+06
 0.14267000E+03 -0.21258E+06
 0.14272000E+03 -0.14172E+06
 0.14277000E+03 -0.68180E+05
 0.14281999E+03  0.40480E+04
 0.14287000E+03  0.72140E+05
 0.14292000E+03  0.13077E+06
 0.14297000E+03  0.18762E+06
 0.14302000E+03  0.23557E+06
 0.14306999E+03  0.27900E+06
 0.14312000E+03  0.32525E+06
 0.14317000E+03  0.36346E+06
 0.14322000E+03  0.40003E+06
 0.14327000E+03  0.43227E+06
 0.14331999E+03  0.46220E+06
 0.14337000E+03  0.49417E+06
 0.14342000E+03  0.51532E+06
 0.14347000E+03  0.53261E+06
 0.14352000E+03  0.54862E+06
 0.14356999E+03  0.56160E+06
 0.14362000E+03  0.57818E+06
 0.14367000E+03  0.59656E+06
 0.14372000E+03  0.61748E+06
 0.14377000E+03  0.64173E+06
 0.14381999E+03  0.66545E+06
 0.14387000E+03  0.68665E+06
 0.14392000E+03  0.70483E+06
 0.14397000E+03  0.71316E+06
 0.14402000E+03  0.71007E+06
 0.14406999E+03  0.69989E+06
 0.14412000E+03  0.68357E+06
 0.14417000E+03  0.66634E+06
 0.14422000E+03  0.64622E+06
 0.14427000E+03  0.61856E+06
 0.14431999E+03  0.58183E+06
 0.14437000E+03  0.53625E+06
 0.14442000E+03  0.48270E+06
 0.14447000E+03  0.41834E+06
 0.14452000E+03  0.34748E+06
 0.14456999E+03  0.27227E+06
 0.14462000E+03  0.19672E+06
 0.14467000E+03  0.12980E+06
 0.14472000E+03  0.67882E+05
 0.14477000E+03  0.86910E+04
 0.14481999E+03 -0.42372E+05
 0.14487000E+03 -0.85961E+05
 0.14492000E+03 -0.12132E+06
 0.14497000E+03 -0.14869E+06
 0.14502000E+03 -0.17690E+06
 0.14506999E+03 -0.20628E+06
 0.14512000E+03 -0.23076E+06
 0.14517000E+03 -0.24879E+06
 0.14522000E+03 -0.25855E+06
 0.14527000E+03 -0.25926E+06
 0.14531999E+03 -0.25526E+06
 0.14537000E+03 -0.25098E+06
 0.14542000E+03 -0.24601E+06
 0.14547000E+03 -0.24146E+06
 0.14552000E+03 -0.23709E+06
 0.14556999E+03 -0.22710E+06
 0.14562000E+03 -0.21153E+06
 0.14567000E+03 -0.19234E+06
 0.14572000E+03 -0.16766E+06
 0.14577000E+03 -0.13948E+06
 0.14581999E+03 -0.11165E+06
 0.14587000E+03 -0.85102E+05
 0.14592000E+03 -0.58383E+05
 0.14597000E+03 -0.31292E+05
 0.14602000E+03 -0.62800E+04
 0.14606999E+03  0.14059E+05
 0.14612000E+03  0.27158E+05
 0.14617000E+03  0.36547E+05
 0.14622000E+03  0.47904E+05
 0.14627000E+03  0.59421E+05
 0.14631999E+03  0.72273E+05
 0.14637000E+03  0.89359E+05
 0.14642000E+03  0.10615E+06
 0.14647000E+03  0.12039E+06
 0.14652000E+03  0.13572E+06
 0.14656999E+03  0.15009E+06
 0.14662000E+03  0.15816E+06
 0.14667000E+03  0.15738E+06
 0.14672000E+03  0.14759E+06
 0.14677000E+03  0.13132E+06
 0.14681999E+03  0.11060E+06
 0.14687000E+03  0.89599E+05
 0.14692000E+03  0.63503E+05
 0.14697000E+03  0.26350E+05
 0.14702000E+03 -0.17327E+05
 0.14706999E+03 -0.68676E+05
 0.14712000E+03 -0.12318E+06
 0.14717000E+03 -0.17303E+06
 0.14722000E+03 -0.21752E+06
 0.14727000E+03 -0.25472E+06
 0.14731999E+03 -0.28642E+06
 0.14737000E+03 -0.31156E+06
 0.14742000E+03 -0.32706E+06
 0.14747000E+03 -0.33578E+06
 0.14752000E+03 -0.33885E+06
 0.14756999E+03 -0.33507E+06
 0.14762000E+03 -0.32298E+06
 0.14767000E+03 -0.30361E+06
 0.14772000E+03 -0.27692E+06
 0.14777000E+03 -0.24486E+06
 0.14781999E+03 -0.21216E+06
 0.14787000E+03 -0.17961E+06
 0.14792000E+03 -0.15403E+06
 0.14797000E+03 -0.13249E+06
 0.14802000E+03 -0.10771E+06
 0.14806999E+03 -0.82488E+05
 0.14812000E+03 -0.56777E+05
 0.14817000E+03 -0.38427E+05
 0.14822000E+03 -0.30033E+05
 0.14827000E+03 -0.28461E+05
 0.14831999E+03 -0.33628E+05
 0.14837000E+03 -0.40865E+05
 0.14842000E+03 -0.49006E+05
 0.14847000E+03 -0.55351E+05
 0.14852000E+03 -0.64075E+05
 0.14856999E+03 -0.78023E+05
 0.14862000E+03 -0.91038E+05
 0.14867000E+03 -0.10299E+06
 0.14872000E+03 -0.10990E+06
 0.14877000E+03 -0.11167E+06
 0.14881999E+03 -0.11449E+06
 0.14887000E+03 -0.11882E+06
 0.14892000E+03 -0.12665E+06
 0.14897000E+03 -0.13801E+06
 0.14902000E+03 -0.14998E+06
 0.14906999E+03 -0.16408E+06
