-0.38780000E+01 -0.53160E+04
-0.38280001E+01 -0.52920E+04
-0.37780001E+01 -0.55520E+04
-0.37279999E+01 -0.59720E+04
-0.36780000E+01 -0.64970E+04
-0.36280000E+01 -0.67240E+04
-0.35780001E+01 -0.66950E+04
-0.35280001E+01 -0.66060E+04
-0.34779999E+01 -0.62810E+04
-0.34280000E+01 -0.58010E+04
-0.33780000E+01 -0.51790E+04
-0.33280001E+01 -0.46370E+04
-0.32779999E+01 -0.43540E+04
-0.32279999E+01 -0.39280E+04
-0.31780000E+01 -0.34240E+04
-0.31280000E+01 -0.29030E+04
-0.30780001E+01 -0.22100E+04
-0.30279999E+01 -0.16380E+04
-0.29779999E+01 -0.13210E+04
-0.29280000E+01 -0.12890E+04
-0.28780000E+01 -0.12680E+04
-0.28280001E+01 -0.94200E+03
-0.27779999E+01 -0.44600E+03
-0.27280002E+01  0.21900E+03
-0.26780000E+01  0.83800E+03
-0.26280000E+01  0.13050E+04
-0.25780001E+01  0.16430E+04
-0.25279999E+01  0.16460E+04
-0.24780002E+01  0.15260E+04
-0.24280000E+01  0.14690E+04
-0.23780000E+01  0.13310E+04
-0.23280001E+01  0.99500E+03
-0.22779999E+01  0.51000E+03
-0.22280002E+01  0.70000E+01
-0.21780000E+01 -0.28700E+03
-0.21280000E+01 -0.12800E+03
-0.20780001E+01  0.55700E+03
-0.20279999E+01  0.15050E+04
-0.19780000E+01  0.21680E+04
-0.19280000E+01  0.25340E+04
-0.18780000E+01  0.27810E+04
-0.18280001E+01  0.28850E+04
-0.17779999E+01  0.26720E+04
-0.17279999E+01  0.21930E+04
-0.16780000E+01  0.19010E+04
-0.16280000E+01  0.16380E+04
-0.15780001E+01  0.15210E+04
-0.15279999E+01  0.15300E+04
-0.14779999E+01  0.11790E+04
-0.14280000E+01  0.81500E+03
-0.13780000E+01  0.45500E+03
-0.13280001E+01  0.58000E+02
-0.12779999E+01 -0.18500E+03
-0.12279999E+01 -0.69100E+03
-0.11780000E+01 -0.15600E+04
-0.11280000E+01 -0.25390E+04
-0.10780001E+01 -0.32860E+04
-0.10279999E+01 -0.36340E+04
-0.97799993E+00 -0.39090E+04
-0.92799997E+00 -0.42170E+04
-0.87800002E+00 -0.42740E+04
-0.82800007E+00 -0.40630E+04
-0.77799988E+00 -0.36570E+04
-0.72799993E+00 -0.28270E+04
-0.67799997E+00 -0.19450E+04
-0.62800002E+00 -0.14120E+04
-0.57800007E+00 -0.12260E+04
-0.52799988E+00 -0.13810E+04
-0.47799993E+00 -0.15580E+04
-0.42799997E+00 -0.15020E+04
-0.37800002E+00 -0.86500E+03
-0.32800007E+00  0.16300E+03
-0.27799988E+00  0.97700E+03
-0.22799993E+00  0.14380E+04
-0.17799997E+00  0.12830E+04
-0.12800002E+00  0.77000E+03
-0.78000069E-01  0.83000E+02
-0.27999878E-01 -0.10470E+04
 0.22000074E-01 -0.21400E+04
 0.72000027E-01 -0.29820E+04
 0.12199998E+00 -0.35800E+04
 0.17200017E+00 -0.39800E+04
 0.22199988E+00 -0.43570E+04
 0.27200007E+00 -0.45810E+04
 0.32200027E+00 -0.47600E+04
 0.37199998E+00 -0.48980E+04
 0.42200017E+00 -0.48760E+04
 0.47199988E+00 -0.44510E+04
 0.52200007E+00 -0.37220E+04
 0.57200027E+00 -0.28000E+04
 0.62199998E+00 -0.16040E+04
 0.67200017E+00 -0.71900E+03
 0.72199988E+00 -0.17200E+03
 0.77200007E+00  0.96000E+02
 0.82200027E+00  0.17000E+03
 0.87199998E+00  0.40500E+03
 0.92200017E+00  0.70000E+03
 0.97199988E+00  0.99300E+03
 0.10220001E+01  0.86700E+03
 0.10720003E+01  0.76200E+03
 0.11220000E+01  0.10830E+04
 0.11720002E+01  0.12860E+04
 0.12219999E+01  0.13720E+04
 0.12720001E+01  0.12090E+04
 0.13220003E+01  0.11110E+04
 0.13720000E+01  0.11660E+04
 0.14220002E+01  0.13240E+04
 0.14719999E+01  0.17280E+04
 0.15220001E+01  0.16680E+04
 0.15720003E+01  0.11180E+04
 0.16220000E+01  0.20500E+03
 0.16720002E+01 -0.78900E+03
 0.17219999E+01 -0.16570E+04
 0.17720001E+01 -0.27830E+04
 0.18220003E+01 -0.41090E+04
 0.18720000E+01 -0.56970E+04
 0.19220002E+01 -0.70870E+04
 0.19719999E+01 -0.82270E+04
 0.20220001E+01 -0.93990E+04
 0.20720003E+01 -0.10215E+05
 0.21220000E+01 -0.10783E+05
 0.21720002E+01 -0.10935E+05
 0.22219999E+01 -0.10524E+05
 0.22720001E+01 -0.96520E+04
 0.23220003E+01 -0.85300E+04
 0.23720000E+01 -0.78540E+04
 0.24220002E+01 -0.74960E+04
 0.24719999E+01 -0.70630E+04
 0.25220001E+01 -0.66140E+04
 0.25720003E+01 -0.60710E+04
 0.26220000E+01 -0.55210E+04
 0.26720002E+01 -0.51730E+04
 0.27219999E+01 -0.52380E+04
 0.27720001E+01 -0.57400E+04
 0.28220003E+01 -0.62920E+04
 0.28720000E+01 -0.65960E+04
 0.29220002E+01 -0.66490E+04
 0.29719999E+01 -0.65010E+04
 0.30220001E+01 -0.62180E+04
 0.30720003E+01 -0.59690E+04
 0.31220000E+01 -0.58220E+04
 0.31720002E+01 -0.56700E+04
 0.32219999E+01 -0.54630E+04
 0.32720001E+01 -0.50990E+04
 0.33220003E+01 -0.45260E+04
 0.33720000E+01 -0.41020E+04
 0.34220002E+01 -0.36320E+04
 0.34719999E+01 -0.29530E+04
 0.35220001E+01 -0.24570E+04
 0.35720003E+01 -0.18040E+04
 0.36220000E+01 -0.10670E+04
 0.36720002E+01 -0.29300E+03
 0.37219999E+01  0.78900E+03
 0.37720001E+01  0.19630E+04
 0.38220003E+01  0.33780E+04
 0.38720000E+01  0.46070E+04
 0.39220002E+01  0.56090E+04
 0.39719999E+01  0.67350E+04
 0.40220003E+01  0.76790E+04
 0.40720005E+01  0.88330E+04
 0.41219997E+01  0.99940E+04
 0.41719999E+01  0.10723E+05
 0.42220001E+01  0.11136E+05
 0.42720003E+01  0.11012E+05
 0.43219995E+01  0.10734E+05
 0.43719997E+01  0.10742E+05
 0.44219999E+01  0.10851E+05
 0.44720001E+01  0.10807E+05
 0.45220003E+01  0.10548E+05
 0.45719995E+01  0.99660E+04
 0.46219997E+01  0.90740E+04
 0.46719999E+01  0.79370E+04
 0.47220001E+01  0.64390E+04
 0.47720003E+01  0.49610E+04
 0.48219995E+01  0.37620E+04
 0.48719997E+01  0.27850E+04
 0.49219999E+01  0.21670E+04
 0.49720001E+01  0.17880E+04
 0.50220003E+01  0.14600E+04
 0.50719995E+01  0.12030E+04
 0.51219997E+01  0.96000E+03
 0.51719999E+01  0.78900E+03
 0.52220001E+01  0.68700E+03
 0.52720003E+01  0.17600E+03
 0.53219995E+01 -0.54700E+03
 0.53719997E+01 -0.11650E+04
 0.54219999E+01 -0.19950E+04
 0.54720001E+01 -0.26420E+04
 0.55220003E+01 -0.31260E+04
 0.55719995E+01 -0.35930E+04
 0.56219997E+01 -0.38630E+04
 0.56719999E+01 -0.44470E+04
 0.57220001E+01 -0.51350E+04
 0.57720003E+01 -0.58920E+04
 0.58219995E+01 -0.67520E+04
 0.58719997E+01 -0.72810E+04
 0.59219999E+01 -0.76160E+04
 0.59720001E+01 -0.75650E+04
 0.60220003E+01 -0.71950E+04
 0.60719995E+01 -0.65400E+04
 0.61219997E+01 -0.55990E+04
 0.61719999E+01 -0.47750E+04
 0.62220001E+01 -0.40150E+04
 0.62720003E+01 -0.34930E+04
 0.63219995E+01 -0.31960E+04
 0.63719997E+01 -0.30200E+04
 0.64219999E+01 -0.29310E+04
 0.64720001E+01 -0.28310E+04
 0.65220003E+01 -0.29750E+04
 0.65719995E+01 -0.30550E+04
 0.66219997E+01 -0.32150E+04
 0.66719999E+01 -0.36250E+04
 0.67220001E+01 -0.37450E+04
 0.67720003E+01 -0.37710E+04
 0.68219995E+01 -0.38550E+04
 0.68719997E+01 -0.41810E+04
 0.69219999E+01 -0.49400E+04
 0.69720001E+01 -0.58450E+04
 0.70220003E+01 -0.66900E+04
 0.70719995E+01 -0.72420E+04
 0.71219997E+01 -0.73990E+04
 0.71719999E+01 -0.68270E+04
 0.72220001E+01 -0.56600E+04
 0.72720003E+01 -0.44650E+04
 0.73219995E+01 -0.32330E+04
 0.73719997E+01 -0.20170E+04
 0.74219999E+01 -0.69000E+03
 0.74720001E+01  0.79600E+03
 0.75220003E+01  0.19890E+04
 0.75719995E+01  0.25320E+04
 0.76219997E+01  0.24080E+04
 0.76719999E+01  0.18630E+04
 0.77220001E+01  0.13290E+04
 0.77720003E+01  0.92700E+03
 0.78219995E+01  0.31000E+03
 0.78719997E+01 -0.53100E+03
 0.79219999E+01 -0.16510E+04
 0.79720001E+01 -0.29250E+04
 0.80220003E+01 -0.37570E+04
 0.80719995E+01 -0.41210E+04
 0.81219997E+01 -0.40210E+04
 0.81719999E+01 -0.34780E+04
 0.82220001E+01 -0.26680E+04
 0.82720003E+01 -0.15410E+04
 0.83219995E+01 -0.41900E+03
 0.83719997E+01  0.61400E+03
 0.84219999E+01  0.16750E+04
 0.84720001E+01  0.26780E+04
 0.85220003E+01  0.36990E+04
 0.85719995E+01  0.45610E+04
 0.86219997E+01  0.49590E+04
 0.86719999E+01  0.48050E+04
 0.87220001E+01  0.43380E+04
 0.87720003E+01  0.38170E+04
 0.88219995E+01  0.34030E+04
 0.88719997E+01  0.32490E+04
 0.89219999E+01  0.31410E+04
 0.89720001E+01  0.28670E+04
 0.90220003E+01  0.25620E+04
 0.90719995E+01  0.25730E+04
 0.91219997E+01  0.29220E+04
 0.91719999E+01  0.33550E+04
 0.92220001E+01  0.39550E+04
 0.92720003E+01  0.46380E+04
 0.93219995E+01  0.52440E+04
 0.93719997E+01  0.57440E+04
 0.94219999E+01  0.59420E+04
 0.94720001E+01  0.57210E+04
 0.95220003E+01  0.50900E+04
 0.95719995E+01  0.43130E+04
 0.96219997E+01  0.34990E+04
 0.96719999E+01  0.25830E+04
 0.97220001E+01  0.16760E+04
 0.97720003E+01  0.80600E+03
 0.98219995E+01  0.21500E+03
 0.98719997E+01  0.43000E+02
 0.99219999E+01  0.23900E+03
 0.99720001E+01  0.63700E+03
 0.10022000E+02  0.11860E+04
 0.10072000E+02  0.19000E+04
 0.10122000E+02  0.25500E+04
 0.10172000E+02  0.33260E+04
 0.10222000E+02  0.42720E+04
 0.10272000E+02  0.53570E+04
 0.10322000E+02  0.63350E+04
 0.10372000E+02  0.68720E+04
 0.10422000E+02  0.72450E+04
 0.10472000E+02  0.72380E+04
 0.10522000E+02  0.68840E+04
 0.10572000E+02  0.64320E+04
 0.10622000E+02  0.57810E+04
 0.10672000E+02  0.47630E+04
 0.10722000E+02  0.32300E+04
 0.10772000E+02  0.15640E+04
 0.10822000E+02 -0.40000E+01
 0.10872000E+02 -0.12270E+04
 0.10922000E+02 -0.21050E+04
 0.10972000E+02 -0.26690E+04
 0.11022000E+02 -0.28870E+04
 0.11072000E+02 -0.30050E+04
 0.11122000E+02 -0.25150E+04
 0.11172000E+02 -0.15120E+04
 0.11222000E+02 -0.51700E+03
 0.11272000E+02  0.42400E+03
 0.11322000E+02  0.11050E+04
 0.11372000E+02  0.16960E+04
 0.11422000E+02  0.22890E+04
 0.11472000E+02  0.27790E+04
 0.11522000E+02  0.31450E+04
 0.11572000E+02  0.32950E+04
 0.11622000E+02  0.31300E+04
 0.11672000E+02  0.26410E+04
 0.11722000E+02  0.19980E+04
 0.11772000E+02  0.13210E+04
 0.11822000E+02  0.51200E+03
 0.11872000E+02 -0.59700E+03
 0.11922000E+02 -0.19590E+04
 0.11972000E+02 -0.35270E+04
 0.12022000E+02 -0.49310E+04
 0.12072000E+02 -0.58800E+04
 0.12122000E+02 -0.65400E+04
 0.12172001E+02 -0.66390E+04
 0.12222000E+02 -0.63800E+04
 0.12271999E+02 -0.60040E+04
 0.12322001E+02 -0.52900E+04
 0.12372000E+02 -0.45700E+04
 0.12422001E+02 -0.36870E+04
 0.12472000E+02 -0.24510E+04
 0.12521999E+02 -0.11170E+04
 0.12572001E+02  0.28600E+03
 0.12622000E+02  0.15850E+04
 0.12672001E+02  0.27340E+04
 0.12722000E+02  0.35710E+04
 0.12771999E+02  0.39960E+04
 0.12822001E+02  0.42070E+04
 0.12872000E+02  0.45360E+04
 0.12922001E+02  0.52260E+04
 0.12972000E+02  0.62450E+04
 0.13021999E+02  0.77410E+04
 0.13072001E+02  0.93810E+04
 0.13122000E+02  0.10846E+05
 0.13172001E+02  0.11971E+05
 0.13222000E+02  0.12761E+05
 0.13271999E+02  0.13443E+05
 0.13322001E+02  0.13560E+05
 0.13372000E+02  0.13619E+05
 0.13422001E+02  0.13845E+05
 0.13472000E+02  0.13914E+05
 0.13521999E+02  0.14095E+05
 0.13572001E+02  0.13930E+05
 0.13622000E+02  0.13735E+05
 0.13672001E+02  0.13705E+05
 0.13722000E+02  0.13588E+05
 0.13771999E+02  0.13601E+05
 0.13822001E+02  0.13330E+05
 0.13872000E+02  0.12751E+05
 0.13922001E+02  0.11755E+05
 0.13972000E+02  0.10320E+05
 0.14021999E+02  0.90190E+04
 0.14072001E+02  0.76830E+04
 0.14122000E+02  0.62300E+04
 0.14172001E+02  0.49130E+04
 0.14222000E+02  0.36390E+04
 0.14271999E+02  0.25270E+04
 0.14322001E+02  0.16960E+04
 0.14372000E+02  0.98500E+03
 0.14422001E+02  0.29500E+03
 0.14472000E+02 -0.73800E+03
 0.14521999E+02 -0.24000E+04
 0.14572001E+02 -0.43970E+04
 0.14622000E+02 -0.65640E+04
 0.14672001E+02 -0.86270E+04
 0.14722000E+02 -0.10273E+05
 0.14771999E+02 -0.11618E+05
 0.14822001E+02 -0.12571E+05
 0.14872000E+02 -0.13254E+05
 0.14922001E+02 -0.13669E+05
 0.14972000E+02 -0.13710E+05
 0.15021999E+02 -0.13612E+05
 0.15072001E+02 -0.13196E+05
 0.15122000E+02 -0.12511E+05
 0.15172001E+02 -0.11635E+05
 0.15222000E+02 -0.10485E+05
 0.15271999E+02 -0.94520E+04
 0.15322001E+02 -0.85130E+04
 0.15372000E+02 -0.74550E+04
 0.15422001E+02 -0.64370E+04
 0.15472000E+02 -0.52560E+04
 0.15521999E+02 -0.38700E+04
 0.15572001E+02 -0.24760E+04
 0.15622000E+02 -0.12270E+04
 0.15672001E+02 -0.39500E+03
 0.15722000E+02  0.29200E+03
 0.15771999E+02  0.92100E+03
 0.15822001E+02  0.14920E+04
 0.15872000E+02  0.22240E+04
 0.15922001E+02  0.30260E+04
 0.15972000E+02  0.42250E+04
 0.16021999E+02  0.58920E+04
 0.16072001E+02  0.76300E+04
 0.16122000E+02  0.92170E+04
 0.16172001E+02  0.10349E+05
 0.16222000E+02  0.11056E+05
 0.16271999E+02  0.11435E+05
 0.16322001E+02  0.11596E+05
 0.16372000E+02  0.11876E+05
 0.16422001E+02  0.12134E+05
 0.16472000E+02  0.12213E+05
 0.16521999E+02  0.12113E+05
 0.16572001E+02  0.11842E+05
 0.16622000E+02  0.11474E+05
 0.16672001E+02  0.10872E+05
 0.16722000E+02  0.10125E+05
 0.16771999E+02  0.92620E+04
 0.16822001E+02  0.83590E+04
 0.16872000E+02  0.75830E+04
 0.16922001E+02  0.69730E+04
 0.16972000E+02  0.66140E+04
 0.17021999E+02  0.63050E+04
 0.17072001E+02  0.59520E+04
 0.17122000E+02  0.53600E+04
 0.17172001E+02  0.45470E+04
 0.17222000E+02  0.36530E+04
 0.17271999E+02  0.25660E+04
 0.17322001E+02  0.15160E+04
 0.17372000E+02  0.48600E+03
 0.17422001E+02 -0.44100E+03
 0.17472000E+02 -0.11490E+04
 0.17521999E+02 -0.16640E+04
 0.17572001E+02 -0.18300E+04
 0.17622000E+02 -0.17640E+04
 0.17672001E+02 -0.16650E+04
 0.17722000E+02 -0.16930E+04
 0.17771999E+02 -0.18680E+04
 0.17822001E+02 -0.22450E+04
 0.17872000E+02 -0.28450E+04
 0.17922001E+02 -0.33660E+04
 0.17972000E+02 -0.37210E+04
 0.18021999E+02 -0.41470E+04
 0.18072001E+02 -0.45830E+04
 0.18122000E+02 -0.49210E+04
 0.18172001E+02 -0.48730E+04
 0.18222000E+02 -0.40220E+04
 0.18271999E+02 -0.24950E+04
 0.18322001E+02 -0.40000E+03
 0.18372000E+02  0.16020E+04
 0.18422001E+02  0.30130E+04
 0.18472000E+02  0.40810E+04
 0.18521999E+02  0.47340E+04
 0.18572001E+02  0.53220E+04
 0.18622000E+02  0.57010E+04
 0.18672001E+02  0.56730E+04
 0.18722000E+02  0.54910E+04
 0.18771999E+02  0.49970E+04
 0.18822001E+02  0.44320E+04
 0.18872000E+02  0.35940E+04
 0.18922001E+02  0.26170E+04
 0.18972000E+02  0.18240E+04
 0.19021999E+02  0.99500E+03
 0.19072001E+02  0.58800E+03
 0.19122000E+02  0.53000E+03
 0.19172001E+02  0.70400E+03
 0.19222000E+02  0.11780E+04
 0.19271999E+02  0.15910E+04
 0.19322001E+02  0.19660E+04
 0.19372000E+02  0.22590E+04
 0.19422001E+02  0.25470E+04
 0.19472000E+02  0.29180E+04
 0.19521999E+02  0.32160E+04
 0.19572001E+02  0.36630E+04
 0.19622000E+02  0.42350E+04
 0.19672001E+02  0.46610E+04
 0.19722000E+02  0.49570E+04
 0.19771999E+02  0.50870E+04
 0.19822001E+02  0.50330E+04
 0.19872000E+02  0.47680E+04
 0.19922001E+02  0.42620E+04
 0.19972000E+02  0.36510E+04
 0.20021999E+02  0.29330E+04
 0.20072001E+02  0.19040E+04
 0.20122000E+02  0.41600E+03
 0.20172001E+02 -0.13660E+04
 0.20222000E+02 -0.33090E+04
 0.20271999E+02 -0.53130E+04
 0.20322001E+02 -0.70920E+04
 0.20372000E+02 -0.84060E+04
 0.20422001E+02 -0.93600E+04
 0.20472000E+02 -0.10173E+05
 0.20521999E+02 -0.10685E+05
 0.20572001E+02 -0.11066E+05
 0.20622000E+02 -0.11306E+05
 0.20672001E+02 -0.11274E+05
 0.20722000E+02 -0.11280E+05
 0.20771999E+02 -0.10992E+05
 0.20822001E+02 -0.10636E+05
 0.20872000E+02 -0.10451E+05
 0.20922001E+02 -0.10039E+05
 0.20972000E+02 -0.97130E+04
 0.21021999E+02 -0.92600E+04
 0.21072001E+02 -0.85290E+04
 0.21122000E+02 -0.77650E+04
 0.21172001E+02 -0.68250E+04
 0.21222000E+02 -0.58020E+04
 0.21271999E+02 -0.47220E+04
 0.21322001E+02 -0.36900E+04
 0.21372000E+02 -0.28810E+04
 0.21422001E+02 -0.23520E+04
 0.21472000E+02 -0.20020E+04
 0.21521999E+02 -0.17340E+04
 0.21572001E+02 -0.15090E+04
 0.21622000E+02 -0.10640E+04
 0.21672001E+02 -0.50600E+03
 0.21722000E+02  0.51000E+02
 0.21771999E+02  0.77000E+03
 0.21822001E+02  0.15000E+04
 0.21872000E+02  0.23410E+04
 0.21922001E+02  0.32600E+04
 0.21972000E+02  0.39230E+04
 0.22021999E+02  0.44120E+04
 0.22072001E+02  0.45230E+04
 0.22122000E+02  0.42470E+04
 0.22172001E+02  0.38060E+04
 0.22222000E+02  0.33300E+04
 0.22271999E+02  0.29360E+04
 0.22322001E+02  0.25740E+04
 0.22372000E+02  0.23700E+04
 0.22422001E+02  0.20990E+04
 0.22472000E+02  0.17490E+04
 0.22521999E+02  0.14170E+04
 0.22572001E+02  0.92000E+03
 0.22622000E+02  0.37400E+03
 0.22672001E+02 -0.23300E+03
 0.22722000E+02 -0.97900E+03
 0.22771999E+02 -0.19590E+04
 0.22822001E+02 -0.31570E+04
 0.22872000E+02 -0.44810E+04
 0.22922001E+02 -0.59110E+04
 0.22972000E+02 -0.73030E+04
 0.23021999E+02 -0.85220E+04
 0.23072001E+02 -0.95490E+04
 0.23122000E+02 -0.10573E+05
 0.23172001E+02 -0.11460E+05
 0.23222000E+02 -0.12044E+05
 0.23271999E+02 -0.12375E+05
 0.23322001E+02 -0.12302E+05
 0.23372000E+02 -0.11929E+05
 0.23422001E+02 -0.11269E+05
 0.23472000E+02 -0.10308E+05
 0.23521999E+02 -0.93390E+04
 0.23572001E+02 -0.82980E+04
 0.23622000E+02 -0.72380E+04
 0.23672001E+02 -0.61480E+04
 0.23722000E+02 -0.48460E+04
 0.23771999E+02 -0.35250E+04
 0.23822001E+02 -0.20830E+04
 0.23872000E+02 -0.87700E+03
 0.23922001E+02 -0.29000E+02
 0.23972000E+02  0.86700E+03
 0.24021999E+02  0.17170E+04
 0.24072001E+02  0.29060E+04
 0.24122000E+02  0.43580E+04
 0.24172001E+02  0.58520E+04
 0.24222000E+02  0.73860E+04
 0.24271999E+02  0.83340E+04
 0.24322001E+02  0.85320E+04
 0.24372000E+02  0.79170E+04
 0.24422001E+02  0.66210E+04
 0.24472000E+02  0.50770E+04
 0.24521999E+02  0.33510E+04
 0.24572001E+02  0.14440E+04
 0.24622000E+02 -0.57400E+03
 0.24672001E+02 -0.22720E+04
 0.24722000E+02 -0.36680E+04
 0.24771999E+02 -0.49680E+04
 0.24822001E+02 -0.58600E+04
 0.24872000E+02 -0.64950E+04
 0.24922001E+02 -0.70550E+04
 0.24972000E+02 -0.75870E+04
 0.25021999E+02 -0.79860E+04
 0.25072001E+02 -0.81600E+04
 0.25122000E+02 -0.83490E+04
 0.25172001E+02 -0.83830E+04
 0.25222000E+02 -0.82470E+04
 0.25271999E+02 -0.80240E+04
 0.25322001E+02 -0.74920E+04
 0.25372000E+02 -0.66820E+04
 0.25422001E+02 -0.56600E+04
 0.25472000E+02 -0.43910E+04
 0.25521999E+02 -0.30280E+04
 0.25572001E+02 -0.19500E+04
 0.25622000E+02 -0.12500E+04
 0.25672001E+02 -0.96700E+03
 0.25722000E+02 -0.12020E+04
 0.25771999E+02 -0.17360E+04
 0.25822001E+02 -0.24680E+04
 0.25872000E+02 -0.31830E+04
 0.25922001E+02 -0.37320E+04
 0.25972000E+02 -0.40170E+04
 0.26021999E+02 -0.39200E+04
 0.26072001E+02 -0.35230E+04
 0.26122000E+02 -0.29510E+04
 0.26172001E+02 -0.25690E+04
 0.26222000E+02 -0.23960E+04
 0.26271999E+02 -0.23640E+04
 0.26322001E+02 -0.23090E+04
 0.26372000E+02 -0.21470E+04
 0.26422001E+02 -0.20490E+04
 0.26472000E+02 -0.18930E+04
 0.26521999E+02 -0.18420E+04
 0.26572001E+02 -0.19130E+04
 0.26622000E+02 -0.21930E+04
 0.26672001E+02 -0.27290E+04
 0.26722000E+02 -0.34070E+04
 0.26771999E+02 -0.43300E+04
 0.26822001E+02 -0.52840E+04
 0.26872000E+02 -0.62110E+04
 0.26922001E+02 -0.69040E+04
 0.26972000E+02 -0.73360E+04
 0.27021999E+02 -0.76140E+04
 0.27072001E+02 -0.76530E+04
 0.27122000E+02 -0.76320E+04
 0.27172001E+02 -0.74580E+04
 0.27222000E+02 -0.72590E+04
 0.27271999E+02 -0.69190E+04
 0.27322001E+02 -0.63650E+04
 0.27372000E+02 -0.58680E+04
 0.27422001E+02 -0.52850E+04
 0.27472000E+02 -0.47900E+04
 0.27521999E+02 -0.43790E+04
 0.27572001E+02 -0.40680E+04
 0.27622000E+02 -0.39140E+04
 0.27672001E+02 -0.38510E+04
 0.27722000E+02 -0.38600E+04
 0.27771999E+02 -0.38570E+04
 0.27822001E+02 -0.40230E+04
 0.27872000E+02 -0.40650E+04
 0.27922001E+02 -0.38870E+04
 0.27972000E+02 -0.34990E+04
 0.28021999E+02 -0.29840E+04
 0.28072001E+02 -0.26740E+04
 0.28122000E+02 -0.24020E+04
 0.28171999E+02 -0.21760E+04
 0.28222002E+02 -0.17560E+04
 0.28272001E+02 -0.10170E+04
 0.28322001E+02 -0.13600E+03
 0.28372000E+02  0.82000E+03
 0.28421999E+02  0.17090E+04
 0.28472002E+02  0.25670E+04
 0.28522001E+02  0.30420E+04
 0.28572001E+02  0.30750E+04
 0.28622000E+02  0.28760E+04
 0.28671999E+02  0.23530E+04
 0.28722002E+02  0.18410E+04
 0.28772001E+02  0.14510E+04
 0.28822001E+02  0.11850E+04
 0.28872000E+02  0.99700E+03
 0.28921999E+02  0.73100E+03
 0.28972002E+02  0.56000E+03
 0.29022001E+02  0.31600E+03
 0.29072001E+02  0.76000E+02
 0.29122000E+02  0.28000E+02
 0.29171999E+02  0.71000E+02
 0.29222002E+02  0.34400E+03
 0.29272001E+02  0.81400E+03
 0.29322001E+02  0.13940E+04
 0.29372000E+02  0.21870E+04
 0.29421999E+02  0.30830E+04
 0.29472002E+02  0.38240E+04
 0.29522001E+02  0.44090E+04
 0.29572001E+02  0.46860E+04
 0.29622000E+02  0.46660E+04
 0.29671999E+02  0.45610E+04
 0.29722002E+02  0.41810E+04
 0.29772001E+02  0.36040E+04
 0.29822001E+02  0.27960E+04
 0.29872000E+02  0.18880E+04
 0.29921999E+02  0.10560E+04
 0.29972002E+02  0.14100E+03
 0.30022001E+02 -0.45400E+03
 0.30072001E+02 -0.86600E+03
 0.30122000E+02 -0.12700E+04
 0.30171999E+02 -0.16250E+04
 0.30222002E+02 -0.21470E+04
 0.30272001E+02 -0.24700E+04
 0.30322001E+02 -0.26630E+04
 0.30372000E+02 -0.26710E+04
 0.30421999E+02 -0.22220E+04
 0.30472002E+02 -0.17400E+04
 0.30522001E+02 -0.13120E+04
 0.30572001E+02 -0.89900E+03
 0.30622000E+02 -0.61300E+03
 0.30671999E+02 -0.36800E+03
 0.30722002E+02 -0.20400E+03
 0.30772001E+02 -0.80000E+02
 0.30822001E+02 -0.23000E+02
 0.30872000E+02 -0.29200E+03
 0.30921999E+02 -0.75100E+03
 0.30972002E+02 -0.14260E+04
 0.31022001E+02 -0.23570E+04
 0.31072001E+02 -0.31050E+04
 0.31122000E+02 -0.36830E+04
 0.31171999E+02 -0.41620E+04
 0.31222002E+02 -0.42450E+04
 0.31272001E+02 -0.41810E+04
 0.31322001E+02 -0.40430E+04
 0.31372000E+02 -0.35120E+04
 0.31421999E+02 -0.28310E+04
 0.31472002E+02 -0.19000E+04
 0.31522001E+02 -0.76400E+03
 0.31572001E+02  0.30600E+03
 0.31622000E+02  0.14290E+04
 0.31671999E+02  0.23980E+04
 0.31722002E+02  0.30780E+04
 0.31772001E+02  0.33210E+04
 0.31822001E+02  0.30760E+04
 0.31872000E+02  0.23990E+04
 0.31921999E+02  0.15430E+04
 0.31972002E+02  0.84400E+03
 0.32022003E+02  0.35200E+03
 0.32072002E+02  0.16800E+03
 0.32122002E+02  0.25000E+03
 0.32172001E+02  0.46800E+03
 0.32222004E+02  0.64500E+03
 0.32272003E+02  0.73100E+03
 0.32322002E+02  0.60800E+03
 0.32372002E+02  0.32600E+03
 0.32422001E+02 -0.76000E+02
 0.32472004E+02 -0.75700E+03
 0.32522003E+02 -0.14330E+04
 0.32572002E+02 -0.22180E+04
 0.32622002E+02 -0.30480E+04
 0.32672001E+02 -0.34450E+04
 0.32722004E+02 -0.34150E+04
 0.32772003E+02 -0.29160E+04
 0.32822002E+02 -0.21030E+04
 0.32872002E+02 -0.12110E+04
 0.32922001E+02 -0.16600E+03
 0.32972004E+02  0.86600E+03
 0.33022003E+02  0.17800E+04
 0.33072002E+02  0.25760E+04
 0.33122002E+02  0.31900E+04
 0.33172001E+02  0.36980E+04
 0.33222004E+02  0.43160E+04
 0.33272003E+02  0.51710E+04
 0.33322002E+02  0.61840E+04
 0.33372002E+02  0.75750E+04
 0.33422001E+02  0.90470E+04
 0.33472004E+02  0.10152E+05
 0.33522003E+02  0.10997E+05
 0.33572002E+02  0.11427E+05
 0.33622002E+02  0.11652E+05
 0.33672001E+02  0.11805E+05
 0.33722004E+02  0.11916E+05
 0.33772003E+02  0.12118E+05
 0.33822002E+02  0.12276E+05
 0.33872002E+02  0.12396E+05
 0.33922001E+02  0.12414E+05
 0.33972004E+02  0.12514E+05
 0.34022003E+02  0.12821E+05
 0.34072002E+02  0.13414E+05
 0.34122002E+02  0.14311E+05
 0.34172001E+02  0.15179E+05
 0.34222004E+02  0.15774E+05
 0.34272003E+02  0.15923E+05
 0.34322002E+02  0.15654E+05
 0.34372002E+02  0.14958E+05
 0.34422001E+02  0.14006E+05
 0.34472004E+02  0.12893E+05
 0.34522003E+02  0.11559E+05
 0.34572002E+02  0.10119E+05
 0.34622002E+02  0.85700E+04
 0.34672001E+02  0.70770E+04
 0.34722004E+02  0.56890E+04
 0.34772003E+02  0.45400E+04
 0.34822002E+02  0.37500E+04
 0.34872002E+02  0.31490E+04
 0.34922001E+02  0.27040E+04
 0.34972004E+02  0.21710E+04
 0.35022003E+02  0.15670E+04
 0.35072002E+02  0.12530E+04
 0.35122002E+02  0.11080E+04
 0.35172001E+02  0.10310E+04
 0.35222004E+02  0.11420E+04
 0.35272003E+02  0.12150E+04
 0.35322002E+02  0.10680E+04
 0.35372002E+02  0.82300E+03
 0.35422001E+02  0.55000E+03
 0.35472004E+02  0.35100E+03
 0.35522003E+02  0.33700E+03
 0.35572002E+02  0.45700E+03
 0.35622002E+02  0.79900E+03
 0.35672001E+02  0.12350E+04
 0.35722004E+02  0.15170E+04
 0.35772003E+02  0.17590E+04
 0.35822002E+02  0.20080E+04
 0.35872002E+02  0.22820E+04
 0.35922001E+02  0.25620E+04
 0.35972004E+02  0.28670E+04
 0.36022003E+02  0.32090E+04
 0.36072002E+02  0.34800E+04
 0.36122002E+02  0.36490E+04
 0.36172001E+02  0.37850E+04
 0.36222004E+02  0.38910E+04
 0.36272003E+02  0.40110E+04
 0.36322002E+02  0.42940E+04
 0.36372002E+02  0.45730E+04
 0.36422001E+02  0.50260E+04
 0.36472004E+02  0.55060E+04
 0.36522003E+02  0.57960E+04
 0.36572002E+02  0.60540E+04
 0.36622002E+02  0.59070E+04
 0.36672001E+02  0.56940E+04
 0.36722004E+02  0.52960E+04
 0.36772003E+02  0.45920E+04
 0.36822002E+02  0.39640E+04
 0.36872002E+02  0.32770E+04
 0.36922001E+02  0.29160E+04
 0.36972004E+02  0.25600E+04
 0.37022003E+02  0.22690E+04
 0.37072002E+02  0.23430E+04
 0.37122002E+02  0.24050E+04
 0.37172001E+02  0.27890E+04
 0.37222004E+02  0.34020E+04
 0.37272003E+02  0.40130E+04
 0.37322002E+02  0.45080E+04
 0.37372002E+02  0.46280E+04
 0.37422001E+02  0.42810E+04
 0.37472004E+02  0.35760E+04
 0.37522003E+02  0.29240E+04
 0.37572002E+02  0.23320E+04
 0.37622002E+02  0.18650E+04
 0.37672001E+02  0.15580E+04
 0.37722004E+02  0.12900E+04
 0.37772003E+02  0.11930E+04
 0.37822002E+02  0.10970E+04
 0.37872002E+02  0.10610E+04
 0.37922001E+02  0.11490E+04
 0.37972004E+02  0.12730E+04
 0.38022003E+02  0.14350E+04
 0.38072002E+02  0.15680E+04
 0.38122002E+02  0.18180E+04
 0.38172001E+02  0.19670E+04
 0.38222004E+02  0.20970E+04
 0.38272003E+02  0.24050E+04
 0.38322002E+02  0.26770E+04
 0.38372002E+02  0.29940E+04
 0.38422001E+02  0.32570E+04
 0.38472004E+02  0.34360E+04
 0.38522003E+02  0.35340E+04
 0.38572002E+02  0.36100E+04
 0.38622002E+02  0.36040E+04
 0.38672001E+02  0.32300E+04
 0.38722004E+02  0.25930E+04
 0.38772003E+02  0.17120E+04
 0.38822002E+02  0.73300E+03
 0.38872002E+02 -0.27200E+03
 0.38922001E+02 -0.12220E+04
 0.38972004E+02 -0.20050E+04
 0.39022003E+02 -0.28340E+04
 0.39072002E+02 -0.36000E+04
 0.39122002E+02 -0.41590E+04
 0.39172001E+02 -0.45040E+04
 0.39222004E+02 -0.46000E+04
 0.39272003E+02 -0.43530E+04
 0.39322002E+02 -0.38410E+04
 0.39372002E+02 -0.31260E+04
 0.39422001E+02 -0.21200E+04
 0.39472004E+02 -0.10710E+04
 0.39522003E+02  0.73000E+02
 0.39572002E+02  0.13120E+04
 0.39622002E+02  0.24550E+04
 0.39672001E+02  0.36100E+04
 0.39722004E+02  0.45760E+04
 0.39772003E+02  0.53540E+04
 0.39822002E+02  0.60440E+04
 0.39872002E+02  0.64940E+04
 0.39922001E+02  0.69280E+04
 0.39972004E+02  0.74340E+04
 0.40022003E+02  0.78320E+04
 0.40072002E+02  0.82620E+04
 0.40122002E+02  0.85400E+04
 0.40172001E+02  0.84840E+04
 0.40222004E+02  0.84910E+04
 0.40272003E+02  0.85120E+04
 0.40322002E+02  0.85410E+04
 0.40372002E+02  0.84920E+04
 0.40422001E+02  0.80150E+04
 0.40472004E+02  0.72930E+04
 0.40522003E+02  0.61760E+04
 0.40572002E+02  0.45650E+04
 0.40622002E+02  0.27690E+04
 0.40672001E+02  0.99300E+03
 0.40722004E+02 -0.71600E+03
 0.40772003E+02 -0.23020E+04
 0.40822002E+02 -0.36500E+04
 0.40872002E+02 -0.49260E+04
 0.40922001E+02 -0.61790E+04
 0.40972004E+02 -0.74290E+04
 0.41022003E+02 -0.86560E+04
 0.41072002E+02 -0.97610E+04
 0.41122002E+02 -0.10691E+05
 0.41172001E+02 -0.11263E+05
 0.41222004E+02 -0.11547E+05
 0.41272003E+02 -0.11635E+05
 0.41322002E+02 -0.11493E+05
 0.41372002E+02 -0.11239E+05
 0.41422001E+02 -0.10862E+05
 0.41472004E+02 -0.10478E+05
 0.41522003E+02 -0.10257E+05
 0.41572002E+02 -0.10032E+05
 0.41622002E+02 -0.98130E+04
 0.41672001E+02 -0.94920E+04
 0.41722004E+02 -0.89460E+04
 0.41772003E+02 -0.82470E+04
 0.41822002E+02 -0.72790E+04
 0.41872002E+02 -0.61840E+04
 0.41922001E+02 -0.51010E+04
 0.41972004E+02 -0.39800E+04
 0.42022003E+02 -0.30320E+04
 0.42072002E+02 -0.24340E+04
 0.42122002E+02 -0.21230E+04
 0.42172001E+02 -0.21060E+04
 0.42222004E+02 -0.23410E+04
 0.42272003E+02 -0.29260E+04
 0.42322002E+02 -0.37930E+04
 0.42372002E+02 -0.46850E+04
 0.42422001E+02 -0.57460E+04
 0.42472004E+02 -0.67710E+04
 0.42522003E+02 -0.76600E+04
 0.42572002E+02 -0.85230E+04
 0.42622002E+02 -0.91380E+04
 0.42672001E+02 -0.96710E+04
 0.42722004E+02 -0.10291E+05
 0.42772003E+02 -0.10902E+05
 0.42822002E+02 -0.11463E+05
 0.42872002E+02 -0.11849E+05
 0.42922001E+02 -0.11915E+05
 0.42972004E+02 -0.11652E+05
 0.43022003E+02 -0.11177E+05
 0.43072002E+02 -0.10583E+05
 0.43122002E+02 -0.10120E+05
 0.43172001E+02 -0.98360E+04
 0.43222004E+02 -0.94950E+04
 0.43272003E+02 -0.92240E+04
 0.43322002E+02 -0.87000E+04
 0.43372002E+02 -0.77660E+04
 0.43422001E+02 -0.66050E+04
 0.43472004E+02 -0.49880E+04
 0.43522003E+02 -0.33440E+04
 0.43572002E+02 -0.18150E+04
 0.43622002E+02 -0.37700E+03
 0.43672001E+02  0.70200E+03
 0.43722004E+02  0.16780E+04
 0.43772003E+02  0.25470E+04
 0.43822002E+02  0.32390E+04
 0.43872002E+02  0.37940E+04
 0.43922001E+02  0.40580E+04
 0.43972004E+02  0.41140E+04
 0.44022003E+02  0.40250E+04
 0.44072002E+02  0.38080E+04
 0.44122002E+02  0.37550E+04
 0.44172001E+02  0.38020E+04
 0.44222004E+02  0.38290E+04
 0.44272003E+02  0.38210E+04
 0.44322002E+02  0.34020E+04
 0.44372002E+02  0.23680E+04
 0.44422001E+02  0.66100E+03
 0.44472004E+02 -0.15440E+04
 0.44522003E+02 -0.39410E+04
 0.44572002E+02 -0.64450E+04
 0.44622002E+02 -0.87170E+04
 0.44672001E+02 -0.10732E+05
 0.44722004E+02 -0.12562E+05
 0.44772003E+02 -0.13936E+05
 0.44822002E+02 -0.14999E+05
 0.44872002E+02 -0.15621E+05
 0.44922001E+02 -0.15852E+05
 0.44972004E+02 -0.15970E+05
 0.45022003E+02 -0.15739E+05
 0.45072002E+02 -0.15493E+05
 0.45122002E+02 -0.15244E+05
 0.45172001E+02 -0.14777E+05
 0.45222004E+02 -0.14384E+05
 0.45272003E+02 -0.13915E+05
 0.45322002E+02 -0.13289E+05
 0.45372002E+02 -0.12567E+05
 0.45422001E+02 -0.11888E+05
 0.45472004E+02 -0.11266E+05
 0.45522003E+02 -0.10824E+05
 0.45572002E+02 -0.10753E+05
 0.45622002E+02 -0.10848E+05
 0.45672001E+02 -0.11216E+05
 0.45722004E+02 -0.11621E+05
 0.45772003E+02 -0.12208E+05
 0.45822002E+02 -0.13131E+05
 0.45872002E+02 -0.13917E+05
 0.45922001E+02 -0.14738E+05
 0.45972004E+02 -0.15267E+05
 0.46022003E+02 -0.15231E+05
 0.46072002E+02 -0.14844E+05
 0.46122002E+02 -0.14166E+05
 0.46172001E+02 -0.13338E+05
 0.46222004E+02 -0.12465E+05
 0.46272003E+02 -0.11761E+05
 0.46322002E+02 -0.11217E+05
 0.46372002E+02 -0.10784E+05
 0.46422001E+02 -0.10394E+05
 0.46472004E+02 -0.97550E+04
 0.46522003E+02 -0.89080E+04
 0.46572002E+02 -0.79450E+04
 0.46622002E+02 -0.67960E+04
 0.46672001E+02 -0.55790E+04
 0.46722004E+02 -0.43180E+04
 0.46772003E+02 -0.30320E+04
 0.46822002E+02 -0.18130E+04
 0.46872002E+02 -0.55100E+03
 0.46922001E+02  0.71400E+03
 0.46972004E+02  0.18630E+04
 0.47022003E+02  0.28830E+04
 0.47072002E+02  0.36790E+04
 0.47122002E+02  0.43860E+04
 0.47172001E+02  0.50550E+04
 0.47222004E+02  0.55220E+04
 0.47272003E+02  0.58640E+04
 0.47322002E+02  0.58990E+04
 0.47372002E+02  0.55610E+04
 0.47422001E+02  0.51740E+04
 0.47472004E+02  0.47640E+04
 0.47522003E+02  0.44050E+04
 0.47572002E+02  0.40960E+04
 0.47622002E+02  0.37920E+04
 0.47672001E+02  0.35320E+04
 0.47722004E+02  0.32120E+04
 0.47772003E+02  0.30400E+04
 0.47822002E+02  0.29200E+04
 0.47872002E+02  0.27800E+04
 0.47922001E+02  0.28560E+04
 0.47972004E+02  0.29900E+04
 0.48022003E+02  0.31790E+04
 0.48072002E+02  0.34650E+04
 0.48122002E+02  0.38590E+04
 0.48172001E+02  0.43280E+04
 0.48222004E+02  0.48370E+04
 0.48272003E+02  0.53630E+04
 0.48322002E+02  0.57360E+04
 0.48372002E+02  0.60780E+04
 0.48422001E+02  0.64070E+04
 0.48472004E+02  0.67030E+04
 0.48522003E+02  0.69180E+04
 0.48572002E+02  0.69000E+04
 0.48622002E+02  0.67200E+04
 0.48672001E+02  0.62590E+04
 0.48722004E+02  0.56750E+04
 0.48772003E+02  0.51070E+04
 0.48822002E+02  0.44920E+04
 0.48872002E+02  0.40770E+04
 0.48922001E+02  0.38480E+04
 0.48972004E+02  0.37570E+04
 0.49022003E+02  0.39690E+04
 0.49072002E+02  0.43690E+04
 0.49122002E+02  0.46200E+04
 0.49172001E+02  0.47430E+04
 0.49222004E+02  0.45970E+04
 0.49272003E+02  0.41730E+04
 0.49322002E+02  0.37370E+04
 0.49372002E+02  0.32310E+04
 0.49422001E+02  0.29060E+04
 0.49472004E+02  0.26640E+04
 0.49522003E+02  0.24460E+04
 0.49572002E+02  0.23260E+04
 0.49622002E+02  0.20690E+04
 0.49672001E+02  0.18880E+04
 0.49722004E+02  0.17730E+04
 0.49772003E+02  0.17470E+04
 0.49822002E+02  0.18600E+04
 0.49872002E+02  0.19670E+04
 0.49922001E+02  0.21970E+04
 0.49972004E+02  0.24210E+04
 0.50022003E+02  0.26490E+04
 0.50072002E+02  0.29910E+04
 0.50122002E+02  0.34740E+04
 0.50172001E+02  0.42300E+04
 0.50222004E+02  0.52170E+04
 0.50272003E+02  0.64280E+04
 0.50322002E+02  0.77070E+04
 0.50372002E+02  0.88010E+04
 0.50422001E+02  0.96210E+04
 0.50472004E+02  0.10147E+05
 0.50522003E+02  0.10404E+05
 0.50572002E+02  0.10501E+05
 0.50622002E+02  0.10538E+05
 0.50672001E+02  0.10474E+05
 0.50722004E+02  0.10374E+05
 0.50772003E+02  0.10291E+05
 0.50822002E+02  0.10182E+05
 0.50872002E+02  0.10166E+05
 0.50922001E+02  0.10159E+05
 0.50972004E+02  0.10198E+05
 0.51022003E+02  0.10362E+05
 0.51072002E+02  0.10356E+05
 0.51122002E+02  0.10321E+05
 0.51172001E+02  0.10199E+05
 0.51222004E+02  0.97840E+04
 0.51272003E+02  0.92280E+04
 0.51322002E+02  0.84080E+04
 0.51372002E+02  0.74440E+04
 0.51422001E+02  0.64640E+04
 0.51472004E+02  0.54720E+04
 0.51522003E+02  0.46940E+04
 0.51572002E+02  0.40930E+04
 0.51622002E+02  0.36090E+04
 0.51672001E+02  0.33110E+04
 0.51722004E+02  0.29420E+04
 0.51772003E+02  0.24100E+04
 0.51822002E+02  0.19150E+04
 0.51872002E+02  0.14450E+04
 0.51922001E+02  0.11170E+04
 0.51972004E+02  0.99900E+03
 0.52022003E+02  0.96000E+03
 0.52072002E+02  0.10380E+04
 0.52122002E+02  0.11490E+04
 0.52172001E+02  0.12030E+04
 0.52222004E+02  0.12140E+04
 0.52272003E+02  0.11920E+04
 0.52322002E+02  0.13320E+04
 0.52372002E+02  0.16180E+04
 0.52422001E+02  0.20530E+04
 0.52472004E+02  0.27640E+04
 0.52522003E+02  0.34250E+04
 0.52572002E+02  0.41780E+04
 0.52622002E+02  0.51240E+04
 0.52672001E+02  0.60150E+04
 0.52722004E+02  0.70650E+04
 0.52772003E+02  0.80500E+04
 0.52822002E+02  0.89260E+04
 0.52872002E+02  0.96190E+04
 0.52922001E+02  0.99320E+04
 0.52972004E+02  0.10041E+05
 0.53022003E+02  0.99460E+04
 0.53072002E+02  0.98580E+04
 0.53122002E+02  0.97290E+04
 0.53172001E+02  0.96870E+04
 0.53222004E+02  0.97320E+04
 0.53272003E+02  0.95870E+04
 0.53322002E+02  0.93620E+04
 0.53372002E+02  0.88730E+04
 0.53422001E+02  0.83040E+04
 0.53472004E+02  0.77280E+04
 0.53522003E+02  0.71570E+04
 0.53572002E+02  0.69210E+04
 0.53622002E+02  0.68100E+04
 0.53672001E+02  0.69070E+04
 0.53722004E+02  0.72670E+04
 0.53772003E+02  0.76740E+04
 0.53822002E+02  0.81090E+04
 0.53872002E+02  0.85250E+04
 0.53922001E+02  0.88330E+04
 0.53972004E+02  0.89650E+04
 0.54022003E+02  0.89350E+04
 0.54072002E+02  0.85380E+04
 0.54122002E+02  0.80700E+04
 0.54172001E+02  0.76070E+04
 0.54222004E+02  0.70540E+04
 0.54272003E+02  0.68290E+04
 0.54322002E+02  0.66740E+04
 0.54372002E+02  0.67100E+04
 0.54422001E+02  0.70080E+04
 0.54472004E+02  0.73340E+04
 0.54522003E+02  0.79520E+04
 0.54572002E+02  0.86790E+04
 0.54622002E+02  0.94000E+04
 0.54672001E+02  0.10118E+05
 0.54722004E+02  0.10671E+05
 0.54772003E+02  0.10980E+05
 0.54822002E+02  0.11068E+05
 0.54872002E+02  0.10997E+05
 0.54922001E+02  0.10765E+05
 0.54972004E+02  0.10465E+05
 0.55022003E+02  0.10029E+05
 0.55072002E+02  0.95290E+04
 0.55122002E+02  0.88260E+04
 0.55172001E+02  0.76800E+04
 0.55222004E+02  0.63450E+04
 0.55272003E+02  0.48220E+04
 0.55322002E+02  0.31520E+04
 0.55372002E+02  0.13640E+04
 0.55422001E+02 -0.47600E+03
 0.55472004E+02 -0.22790E+04
 0.55522003E+02 -0.41420E+04
 0.55572002E+02 -0.56540E+04
 0.55622002E+02 -0.67810E+04
 0.55672001E+02 -0.77640E+04
 0.55722004E+02 -0.84500E+04
 0.55772003E+02 -0.89650E+04
 0.55822002E+02 -0.93510E+04
 0.55872002E+02 -0.95000E+04
 0.55922001E+02 -0.94540E+04
 0.55972004E+02 -0.91840E+04
 0.56022003E+02 -0.87860E+04
 0.56072002E+02 -0.82670E+04
 0.56122002E+02 -0.75220E+04
 0.56172001E+02 -0.66630E+04
 0.56222004E+02 -0.56980E+04
 0.56272003E+02 -0.46450E+04
 0.56322002E+02 -0.36350E+04
 0.56372002E+02 -0.27550E+04
 0.56422001E+02 -0.21430E+04
 0.56472004E+02 -0.16830E+04
 0.56522003E+02 -0.13500E+04
 0.56572002E+02 -0.12420E+04
 0.56622002E+02 -0.12970E+04
 0.56672001E+02 -0.16840E+04
 0.56722004E+02 -0.23070E+04
 0.56772003E+02 -0.30530E+04
 0.56822002E+02 -0.39000E+04
 0.56872002E+02 -0.46270E+04
 0.56922001E+02 -0.52980E+04
 0.56972004E+02 -0.58330E+04
 0.57022003E+02 -0.61190E+04
 0.57072002E+02 -0.63920E+04
 0.57122002E+02 -0.68940E+04
 0.57172001E+02 -0.74440E+04
 0.57222004E+02 -0.80160E+04
 0.57272003E+02 -0.87920E+04
 0.57322002E+02 -0.94000E+04
 0.57372002E+02 -0.98730E+04
 0.57422001E+02 -0.10338E+05
 0.57472004E+02 -0.10534E+05
 0.57522003E+02 -0.10594E+05
 0.57572002E+02 -0.10504E+05
 0.57622002E+02 -0.10365E+05
 0.57672001E+02 -0.10277E+05
 0.57722004E+02 -0.10120E+05
 0.57772003E+02 -0.10190E+05
 0.57822002E+02 -0.10313E+05
 0.57872002E+02 -0.10300E+05
 0.57922001E+02 -0.10305E+05
 0.57972004E+02 -0.10106E+05
 0.58022003E+02 -0.96760E+04
 0.58072002E+02 -0.90370E+04
 0.58122002E+02 -0.82970E+04
 0.58172001E+02 -0.75090E+04
 0.58222004E+02 -0.65900E+04
 0.58272003E+02 -0.57740E+04
 0.58322002E+02 -0.51070E+04
 0.58372002E+02 -0.44860E+04
 0.58422001E+02 -0.39620E+04
 0.58472004E+02 -0.36290E+04
 0.58522003E+02 -0.33530E+04
 0.58572002E+02 -0.31030E+04
 0.58622002E+02 -0.30150E+04
 0.58672001E+02 -0.28950E+04
 0.58722004E+02 -0.27820E+04
 0.58772003E+02 -0.27270E+04
 0.58822002E+02 -0.27490E+04
 0.58872002E+02 -0.29650E+04
 0.58922001E+02 -0.33060E+04
 0.58972004E+02 -0.38590E+04
 0.59022003E+02 -0.44760E+04
 0.59072002E+02 -0.52590E+04
 0.59122002E+02 -0.62070E+04
 0.59172001E+02 -0.70840E+04
 0.59222004E+02 -0.80650E+04
 0.59272003E+02 -0.88840E+04
 0.59322002E+02 -0.97180E+04
 0.59372002E+02 -0.10570E+05
 0.59422001E+02 -0.11058E+05
 0.59472004E+02 -0.11513E+05
 0.59522003E+02 -0.11705E+05
 0.59572002E+02 -0.11532E+05
 0.59622002E+02 -0.11150E+05
 0.59672001E+02 -0.10551E+05
 0.59722004E+02 -0.99410E+04
 0.59772003E+02 -0.92340E+04
 0.59822002E+02 -0.85370E+04
 0.59872002E+02 -0.79360E+04
 0.59922001E+02 -0.72820E+04
 0.59972004E+02 -0.66060E+04
 0.60022003E+02 -0.59110E+04
 0.60072002E+02 -0.51530E+04
 0.60122002E+02 -0.43060E+04
 0.60172005E+02 -0.35310E+04
 0.60222000E+02 -0.28660E+04
 0.60272003E+02 -0.22420E+04
 0.60322006E+02 -0.17800E+04
 0.60372002E+02 -0.15250E+04
 0.60422005E+02 -0.14240E+04
 0.60472000E+02 -0.13840E+04
 0.60522003E+02 -0.15470E+04
 0.60572006E+02 -0.18350E+04
 0.60622002E+02 -0.20780E+04
 0.60672005E+02 -0.23710E+04
 0.60722000E+02 -0.25480E+04
 0.60772003E+02 -0.26770E+04
 0.60822006E+02 -0.26770E+04
 0.60872002E+02 -0.24590E+04
 0.60922005E+02 -0.22020E+04
 0.60972000E+02 -0.16970E+04
 0.61022003E+02 -0.10730E+04
 0.61072006E+02 -0.52600E+03
 0.61122002E+02  0.55000E+02
 0.61172005E+02  0.52300E+03
 0.61222000E+02  0.85400E+03
 0.61272003E+02  0.10120E+04
 0.61322006E+02  0.98100E+03
 0.61372002E+02  0.96400E+03
 0.61422005E+02  0.76300E+03
 0.61472000E+02  0.38600E+03
 0.61522003E+02 -0.27000E+02
 0.61572006E+02 -0.53700E+03
 0.61622002E+02 -0.97400E+03
 0.61672005E+02 -0.13940E+04
 0.61722000E+02 -0.16720E+04
 0.61772003E+02 -0.17880E+04
 0.61822006E+02 -0.18960E+04
 0.61872002E+02 -0.18460E+04
 0.61922005E+02 -0.18580E+04
 0.61972000E+02 -0.19440E+04
 0.62022003E+02 -0.19660E+04
 0.62072006E+02 -0.20610E+04
 0.62122002E+02 -0.22520E+04
 0.62172005E+02 -0.25870E+04
 0.62222000E+02 -0.30260E+04
 0.62272003E+02 -0.34330E+04
 0.62322006E+02 -0.37960E+04
 0.62372002E+02 -0.40210E+04
 0.62422005E+02 -0.40950E+04
 0.62472000E+02 -0.41540E+04
 0.62522003E+02 -0.41680E+04
 0.62572006E+02 -0.41970E+04
 0.62622002E+02 -0.41710E+04
 0.62672005E+02 -0.40990E+04
 0.62722000E+02 -0.39740E+04
 0.62772003E+02 -0.37450E+04
 0.62822006E+02 -0.36650E+04
 0.62872002E+02 -0.35710E+04
 0.62922005E+02 -0.35030E+04
 0.62972000E+02 -0.34800E+04
 0.63022003E+02 -0.33300E+04
 0.63072006E+02 -0.31660E+04
 0.63122002E+02 -0.28950E+04
 0.63172005E+02 -0.26510E+04
 0.63222000E+02 -0.24840E+04
 0.63272003E+02 -0.23590E+04
 0.63322006E+02 -0.23380E+04
 0.63372002E+02 -0.24390E+04
 0.63422005E+02 -0.28290E+04
 0.63472000E+02 -0.33050E+04
 0.63522003E+02 -0.38730E+04
 0.63572006E+02 -0.45870E+04
 0.63622002E+02 -0.50950E+04
 0.63672005E+02 -0.55700E+04
 0.63722000E+02 -0.59900E+04
 0.63772003E+02 -0.62090E+04
 0.63822006E+02 -0.63950E+04
 0.63872002E+02 -0.63820E+04
 0.63922005E+02 -0.62530E+04
 0.63972000E+02 -0.58960E+04
 0.64022003E+02 -0.53280E+04
 0.64072006E+02 -0.47810E+04
 0.64122002E+02 -0.40590E+04
 0.64172005E+02 -0.33950E+04
 0.64222000E+02 -0.27580E+04
 0.64272003E+02 -0.20200E+04
 0.64322006E+02 -0.13250E+04
 0.64372002E+02 -0.49100E+03
 0.64422005E+02  0.34200E+03
 0.64472000E+02  0.10820E+04
 0.64522003E+02  0.18730E+04
 0.64572006E+02  0.26130E+04
 0.64622002E+02  0.34880E+04
 0.64672005E+02  0.45370E+04
 0.64722000E+02  0.56080E+04
 0.64772003E+02  0.68200E+04
 0.64822006E+02  0.79220E+04
 0.64872002E+02  0.89050E+04
 0.64922005E+02  0.98350E+04
 0.64972000E+02  0.10511E+05
 0.65022003E+02  0.11112E+05
 0.65072006E+02  0.11567E+05
 0.65122002E+02  0.11809E+05
 0.65172005E+02  0.12096E+05
 0.65222000E+02  0.12295E+05
 0.65272003E+02  0.12487E+05
 0.65322006E+02  0.12841E+05
 0.65372002E+02  0.13049E+05
 0.65422005E+02  0.13189E+05
 0.65472000E+02  0.13168E+05
 0.65522003E+02  0.12789E+05
 0.65572006E+02  0.12211E+05
 0.65622002E+02  0.11362E+05
 0.65672005E+02  0.10414E+05
 0.65722000E+02  0.95180E+04
 0.65772003E+02  0.86110E+04
 0.65822006E+02  0.78710E+04
 0.65872002E+02  0.72160E+04
 0.65922005E+02  0.64940E+04
 0.65972000E+02  0.59220E+04
 0.66022003E+02  0.53830E+04
 0.66072006E+02  0.48660E+04
 0.66122002E+02  0.44140E+04
 0.66172005E+02  0.38280E+04
 0.66222000E+02  0.32850E+04
 0.66272003E+02  0.26260E+04
 0.66322006E+02  0.19390E+04
 0.66372002E+02  0.14270E+04
 0.66422005E+02  0.90400E+03
 0.66472000E+02  0.58800E+03
 0.66522003E+02  0.47800E+03
 0.66572006E+02  0.47700E+03
 0.66622002E+02  0.62100E+03
 0.66672005E+02  0.84100E+03
 0.66722000E+02  0.11050E+04
 0.66772003E+02  0.14490E+04
 0.66822006E+02  0.19350E+04
 0.66872002E+02  0.24390E+04
 0.66922005E+02  0.28890E+04
 0.66972000E+02  0.33560E+04
 0.67022003E+02  0.37490E+04
 0.67072006E+02  0.41930E+04
 0.67122002E+02  0.47830E+04
 0.67172005E+02  0.52280E+04
 0.67222000E+02  0.55630E+04
 0.67272003E+02  0.58210E+04
 0.67322006E+02  0.58080E+04
 0.67372002E+02  0.56430E+04
 0.67422005E+02  0.55050E+04
 0.67472000E+02  0.54200E+04
 0.67522003E+02  0.54040E+04
 0.67572006E+02  0.53780E+04
 0.67622002E+02  0.53440E+04
 0.67672005E+02  0.52170E+04
 0.67722000E+02  0.48850E+04
 0.67772003E+02  0.45610E+04
 0.67822006E+02  0.41520E+04
 0.67872002E+02  0.38450E+04
 0.67922005E+02  0.38610E+04
 0.67972000E+02  0.39510E+04
 0.68022003E+02  0.42510E+04
 0.68072006E+02  0.46700E+04
 0.68122002E+02  0.50920E+04
 0.68172005E+02  0.55870E+04
 0.68222000E+02  0.60560E+04
 0.68272003E+02  0.65790E+04
 0.68322006E+02  0.70300E+04
 0.68372002E+02  0.74770E+04
 0.68422005E+02  0.81830E+04
 0.68472000E+02  0.88440E+04
 0.68522003E+02  0.95690E+04
 0.68572006E+02  0.10437E+05
 0.68622002E+02  0.11072E+05
 0.68672005E+02  0.11677E+05
 0.68722000E+02  0.12069E+05
 0.68772003E+02  0.12070E+05
 0.68822006E+02  0.11913E+05
 0.68872002E+02  0.11423E+05
 0.68922005E+02  0.10696E+05
 0.68972000E+02  0.98830E+04
 0.69022003E+02  0.89860E+04
 0.69072006E+02  0.81290E+04
 0.69122002E+02  0.72130E+04
 0.69172005E+02  0.61940E+04
 0.69222000E+02  0.51390E+04
 0.69272003E+02  0.40400E+04
 0.69322006E+02  0.28450E+04
 0.69372002E+02  0.16610E+04
 0.69422005E+02  0.53200E+03
 0.69472000E+02 -0.62600E+03
 0.69522003E+02 -0.16750E+04
 0.69572006E+02 -0.26570E+04
 0.69622002E+02 -0.33860E+04
 0.69672005E+02 -0.38330E+04
 0.69722000E+02 -0.41840E+04
 0.69772003E+02 -0.41780E+04
 0.69822006E+02 -0.39950E+04
 0.69872002E+02 -0.37890E+04
 0.69922005E+02 -0.34480E+04
 0.69972000E+02 -0.29820E+04
 0.70022003E+02 -0.23770E+04
 0.70072006E+02 -0.16850E+04
 0.70122002E+02 -0.89500E+03
 0.70172005E+02 -0.69000E+02
 0.70222000E+02  0.69200E+03
 0.70272003E+02  0.14270E+04
 0.70322006E+02  0.20760E+04
 0.70372002E+02  0.25580E+04
 0.70422005E+02  0.29910E+04
 0.70472000E+02  0.32840E+04
 0.70522003E+02  0.35090E+04
 0.70572006E+02  0.37120E+04
 0.70622002E+02  0.38750E+04
 0.70672005E+02  0.41610E+04
 0.70722000E+02  0.43750E+04
 0.70772003E+02  0.46180E+04
 0.70822006E+02  0.48130E+04
 0.70872002E+02  0.48680E+04
 0.70922005E+02  0.49290E+04
 0.70972000E+02  0.47750E+04
 0.71022003E+02  0.45600E+04
 0.71072006E+02  0.42090E+04
 0.71122002E+02  0.37050E+04
 0.71172005E+02  0.32370E+04
 0.71222000E+02  0.25210E+04
 0.71272003E+02  0.17740E+04
 0.71322006E+02  0.99100E+03
 0.71372002E+02  0.90000E+02
 0.71422005E+02 -0.62600E+03
 0.71472000E+02 -0.13800E+04
 0.71522003E+02 -0.20440E+04
 0.71572006E+02 -0.25440E+04
 0.71622002E+02 -0.30300E+04
 0.71672005E+02 -0.33330E+04
 0.71722000E+02 -0.35650E+04
 0.71772003E+02 -0.36780E+04
 0.71822006E+02 -0.37210E+04
 0.71872002E+02 -0.37480E+04
 0.71922005E+02 -0.37030E+04
 0.71972000E+02 -0.38520E+04
 0.72022003E+02 -0.41190E+04
 0.72072006E+02 -0.46930E+04
 0.72122002E+02 -0.56790E+04
 0.72172005E+02 -0.68980E+04
 0.72222000E+02 -0.85980E+04
 0.72272003E+02 -0.10470E+05
 0.72322006E+02 -0.12469E+05
 0.72372002E+02 -0.14527E+05
 0.72422005E+02 -0.16306E+05
 0.72472000E+02 -0.18051E+05
 0.72522003E+02 -0.19543E+05
 0.72572006E+02 -0.20880E+05
 0.72622002E+02 -0.22160E+05
 0.72672005E+02 -0.23166E+05
 0.72722000E+02 -0.24101E+05
 0.72772003E+02 -0.24674E+05
 0.72822006E+02 -0.24890E+05
 0.72872002E+02 -0.24921E+05
 0.72922005E+02 -0.24538E+05
 0.72972000E+02 -0.23983E+05
 0.73022003E+02 -0.23249E+05
 0.73072006E+02 -0.22275E+05
 0.73122002E+02 -0.21248E+05
 0.73172005E+02 -0.20096E+05
 0.73222000E+02 -0.18924E+05
 0.73272003E+02 -0.17664E+05
 0.73322006E+02 -0.16270E+05
 0.73372002E+02 -0.14966E+05
 0.73422005E+02 -0.13599E+05
 0.73472000E+02 -0.12244E+05
 0.73522003E+02 -0.11169E+05
 0.73572006E+02 -0.10238E+05
 0.73622002E+02 -0.93700E+04
 0.73672005E+02 -0.85600E+04
 0.73722000E+02 -0.76960E+04
 0.73772003E+02 -0.67580E+04
 0.73822006E+02 -0.57650E+04
 0.73872002E+02 -0.46810E+04
 0.73922005E+02 -0.36160E+04
 0.73972000E+02 -0.25180E+04
 0.74022003E+02 -0.13370E+04
 0.74072006E+02 -0.23800E+03
 0.74122002E+02  0.94600E+03
 0.74172005E+02  0.20620E+04
 0.74222000E+02  0.30120E+04
 0.74272003E+02  0.39500E+04
 0.74322006E+02  0.45880E+04
 0.74372002E+02  0.50810E+04
 0.74422005E+02  0.55110E+04
 0.74472000E+02  0.57000E+04
 0.74522003E+02  0.59920E+04
 0.74572006E+02  0.63250E+04
 0.74622002E+02  0.65890E+04
 0.74672005E+02  0.68950E+04
 0.74722000E+02  0.70220E+04
 0.74772003E+02  0.71060E+04
 0.74822006E+02  0.71290E+04
 0.74872002E+02  0.70100E+04
 0.74922005E+02  0.69350E+04
 0.74972000E+02  0.67330E+04
 0.75022003E+02  0.64380E+04
 0.75072006E+02  0.61140E+04
 0.75122002E+02  0.56460E+04
 0.75172005E+02  0.50490E+04
 0.75222000E+02  0.43060E+04
 0.75272003E+02  0.34630E+04
 0.75322006E+02  0.24760E+04
 0.75372002E+02  0.13540E+04
 0.75422005E+02  0.19300E+03
 0.75472000E+02 -0.10080E+04
 0.75522003E+02 -0.21760E+04
 0.75572006E+02 -0.32730E+04
 0.75622002E+02 -0.42160E+04
 0.75672005E+02 -0.49610E+04
 0.75722000E+02 -0.55330E+04
 0.75772003E+02 -0.60240E+04
 0.75822006E+02 -0.64480E+04
 0.75872002E+02 -0.67940E+04
 0.75922005E+02 -0.71530E+04
 0.75972000E+02 -0.74310E+04
 0.76022003E+02 -0.76720E+04
 0.76072006E+02 -0.78250E+04
 0.76122002E+02 -0.78090E+04
 0.76172005E+02 -0.77620E+04
 0.76222000E+02 -0.76510E+04
 0.76272003E+02 -0.74120E+04
 0.76322006E+02 -0.71510E+04
 0.76372002E+02 -0.68070E+04
 0.76422005E+02 -0.61930E+04
 0.76472000E+02 -0.53740E+04
 0.76522003E+02 -0.43500E+04
 0.76572006E+02 -0.31400E+04
 0.76622002E+02 -0.17990E+04
 0.76672005E+02 -0.26600E+03
 0.76722000E+02  0.13850E+04
 0.76772003E+02  0.31350E+04
 0.76822006E+02  0.50100E+04
 0.76872002E+02  0.68980E+04
 0.76922005E+02  0.86320E+04
 0.76972000E+02  0.10197E+05
 0.77022003E+02  0.11475E+05
 0.77072006E+02  0.12341E+05
 0.77122002E+02  0.13003E+05
 0.77172005E+02  0.13372E+05
 0.77222000E+02  0.13445E+05
 0.77272003E+02  0.13394E+05
 0.77322006E+02  0.13029E+05
 0.77372002E+02  0.12483E+05
 0.77422005E+02  0.11738E+05
 0.77472000E+02  0.10876E+05
 0.77522003E+02  0.10155E+05
 0.77572006E+02  0.94610E+04
 0.77622002E+02  0.89690E+04
 0.77672005E+02  0.86100E+04
 0.77722000E+02  0.83930E+04
 0.77772003E+02  0.82870E+04
 0.77822006E+02  0.80660E+04
 0.77872002E+02  0.78720E+04
 0.77922005E+02  0.75350E+04
 0.77972000E+02  0.70810E+04
 0.78022003E+02  0.66950E+04
 0.78072006E+02  0.63030E+04
 0.78122002E+02  0.59090E+04
 0.78172005E+02  0.56600E+04
 0.78222000E+02  0.55430E+04
 0.78272003E+02  0.54340E+04
 0.78322006E+02  0.55140E+04
 0.78372002E+02  0.56520E+04
 0.78422005E+02  0.58220E+04
 0.78472000E+02  0.60480E+04
 0.78522003E+02  0.62090E+04
 0.78572006E+02  0.64060E+04
 0.78622002E+02  0.65260E+04
 0.78672005E+02  0.66140E+04
 0.78722000E+02  0.66140E+04
 0.78772003E+02  0.65550E+04
 0.78822006E+02  0.64100E+04
 0.78872002E+02  0.60360E+04
 0.78922005E+02  0.57400E+04
 0.78972000E+02  0.54640E+04
 0.79022003E+02  0.51070E+04
 0.79072006E+02  0.48580E+04
 0.79122002E+02  0.46720E+04
 0.79172005E+02  0.45040E+04
 0.79222000E+02  0.44570E+04
 0.79272003E+02  0.44390E+04
 0.79322006E+02  0.45020E+04
 0.79372002E+02  0.46410E+04
 0.79422005E+02  0.46470E+04
 0.79472000E+02  0.46900E+04
 0.79522003E+02  0.46510E+04
 0.79572006E+02  0.45100E+04
 0.79622002E+02  0.44470E+04
 0.79672005E+02  0.42970E+04
 0.79722000E+02  0.42540E+04
 0.79772003E+02  0.42570E+04
 0.79822006E+02  0.41450E+04
 0.79872002E+02  0.40910E+04
 0.79922005E+02  0.38680E+04
 0.79972000E+02  0.35460E+04
 0.80022003E+02  0.32710E+04
 0.80072006E+02  0.29370E+04
 0.80122002E+02  0.26920E+04
 0.80172005E+02  0.24950E+04
 0.80222000E+02  0.23140E+04
 0.80272003E+02  0.20690E+04
 0.80322006E+02  0.17950E+04
 0.80372002E+02  0.15650E+04
 0.80422005E+02  0.11320E+04
 0.80472000E+02  0.60100E+03
 0.80522003E+02 -0.16000E+02
 0.80572006E+02 -0.75200E+03
 0.80622002E+02 -0.14380E+04
 0.80672005E+02 -0.21720E+04
 0.80722000E+02 -0.28130E+04
 0.80772003E+02 -0.33590E+04
 0.80822006E+02 -0.39100E+04
 0.80872002E+02 -0.42220E+04
 0.80922005E+02 -0.44360E+04
 0.80972000E+02 -0.44950E+04
 0.81022003E+02 -0.42890E+04
 0.81072006E+02 -0.40630E+04
 0.81122002E+02 -0.36710E+04
 0.81172005E+02 -0.31560E+04
 0.81222000E+02 -0.26010E+04
 0.81272003E+02 -0.18460E+04
 0.81322006E+02 -0.10210E+04
 0.81372002E+02 -0.18100E+03
 0.81422005E+02  0.67800E+03
 0.81472000E+02  0.13860E+04
 0.81522003E+02  0.20470E+04
 0.81572006E+02  0.26400E+04
 0.81622002E+02  0.31600E+04
 0.81672005E+02  0.38330E+04
 0.81722000E+02  0.44650E+04
 0.81772003E+02  0.51700E+04
 0.81822006E+02  0.58900E+04
 0.81872002E+02  0.65150E+04
 0.81922005E+02  0.72050E+04
 0.81972000E+02  0.75770E+04
 0.82022003E+02  0.78420E+04
 0.82072006E+02  0.81100E+04
 0.82122002E+02  0.79220E+04
 0.82172005E+02  0.74880E+04
 0.82222000E+02  0.68950E+04
 0.82272003E+02  0.59760E+04
 0.82322006E+02  0.48920E+04
 0.82372002E+02  0.36850E+04
 0.82422005E+02  0.25410E+04
 0.82472000E+02  0.14400E+04
 0.82522003E+02  0.15800E+03
 0.82572006E+02 -0.69700E+03
 0.82622002E+02 -0.12570E+04
 0.82672005E+02 -0.24450E+04
 0.82722000E+02 -0.42470E+04
 0.82772003E+02 -0.62010E+04
 0.82822006E+02 -0.74430E+04
 0.82872002E+02 -0.77300E+04
 0.82922005E+02 -0.78400E+04
 0.82972000E+02 -0.84320E+04
 0.83022003E+02 -0.94320E+04
 0.83072006E+02 -0.10038E+05
 0.83122002E+02 -0.10274E+05
 0.83172005E+02 -0.10468E+05
 0.83222000E+02 -0.11030E+05
 0.83272003E+02 -0.11828E+05
 0.83322006E+02 -0.11965E+05
 0.83372002E+02 -0.11846E+05
 0.83422005E+02 -0.11660E+05
 0.83472000E+02 -0.11547E+05
 0.83522003E+02 -0.11565E+05
 0.83572006E+02 -0.11250E+05
 0.83622002E+02 -0.11009E+05
 0.83672005E+02 -0.10669E+05
 0.83722000E+02 -0.10035E+05
 0.83772003E+02 -0.96780E+04
 0.83822006E+02 -0.10399E+05
 0.83872002E+02 -0.11719E+05
 0.83922005E+02 -0.11783E+05
 0.83972000E+02 -0.11089E+05
 0.84022003E+02 -0.11281E+05
 0.84072006E+02 -0.11692E+05
 0.84122002E+02 -0.10989E+05
 0.84172005E+02 -0.97660E+04
 0.84222000E+02 -0.83240E+04
 0.84272003E+02 -0.64370E+04
 0.84322006E+02 -0.55100E+04
 0.84372002E+02 -0.50130E+04
 0.84422005E+02 -0.33530E+04
 0.84472000E+02 -0.18510E+04
 0.84522003E+02 -0.12600E+04
 0.84572006E+02 -0.39500E+03
 0.84622002E+02 -0.42900E+03
 0.84672005E+02 -0.13660E+04
 0.84722000E+02 -0.13960E+04
 0.84772003E+02 -0.16530E+04
 0.84822006E+02 -0.19310E+04
 0.84872002E+02 -0.22320E+04
 0.84922005E+02 -0.30920E+04
 0.84972000E+02 -0.24590E+04
 0.85022003E+02 -0.51000E+03
 0.85072006E+02  0.22400E+03
 0.85122002E+02 -0.53000E+02
 0.85172005E+02 -0.10280E+04
 0.85222000E+02 -0.48560E+04
 0.85272003E+02 -0.90440E+04
 0.85322006E+02 -0.11163E+05
 0.85372002E+02 -0.11202E+05
 0.85422005E+02 -0.73090E+04
 0.85472000E+02 -0.23500E+04
 0.85522003E+02 -0.14340E+04
 0.85572006E+02 -0.47720E+04
 0.85622002E+02 -0.84650E+04
 0.85672005E+02 -0.10659E+05
 0.85722000E+02 -0.12189E+05
 0.85772003E+02 -0.12128E+05
 0.85822006E+02 -0.10607E+05
 0.85872002E+02 -0.96750E+04
 0.85922005E+02 -0.76430E+04
 0.85972000E+02 -0.48750E+04
 0.86022003E+02 -0.56910E+04
 0.86072006E+02 -0.80640E+04
 0.86122002E+02 -0.10123E+05
 0.86172005E+02 -0.99330E+04
 0.86222000E+02 -0.68100E+04
 0.86272003E+02 -0.64870E+04
 0.86322006E+02 -0.54580E+04
 0.86372002E+02 -0.14770E+04
 0.86422005E+02 -0.14380E+04
 0.86472000E+02 -0.32230E+04
 0.86522003E+02 -0.39980E+04
 0.86572006E+02 -0.53460E+04
 0.86622002E+02 -0.50470E+04
 0.86672005E+02 -0.38630E+04
 0.86722000E+02 -0.22290E+04
 0.86772003E+02  0.18800E+03
 0.86822006E+02 -0.45300E+03
 0.86872002E+02 -0.10160E+04
 0.86922005E+02  0.14530E+04
 0.86972000E+02  0.11570E+04
 0.87022003E+02 -0.10660E+04
 0.87072006E+02  0.46500E+03
 0.87122002E+02  0.22840E+04
 0.87172005E+02  0.13510E+04
 0.87222000E+02  0.43000E+02
 0.87272003E+02 -0.10960E+04
 0.87322006E+02  0.51500E+03
 0.87372002E+02  0.33620E+04
 0.87422005E+02  0.61320E+04
 0.87472000E+02  0.10279E+05
 0.87522003E+02  0.91920E+04
 0.87572006E+02  0.47620E+04
 0.87622002E+02  0.47620E+04
 0.87672005E+02  0.76230E+04
 0.87722000E+02  0.77350E+04
 0.87772003E+02  0.47330E+04
 0.87822006E+02  0.45590E+04
 0.87872002E+02  0.58010E+04
 0.87922005E+02  0.59390E+04
 0.87972000E+02  0.55960E+04
 0.88022003E+02  0.45660E+04
 0.88072006E+02  0.61310E+04
 0.88122002E+02  0.10019E+05
 0.88172005E+02  0.14262E+05
 0.88222000E+02  0.17187E+05
 0.88272003E+02  0.17181E+05
 0.88322006E+02  0.15565E+05
 0.88372002E+02  0.12492E+05
 0.88422005E+02  0.10699E+05
 0.88472000E+02  0.11278E+05
 0.88522003E+02  0.10492E+05
 0.88572006E+02  0.91800E+04
 0.88622002E+02  0.92880E+04
 0.88672005E+02  0.11655E+05
 0.88722000E+02  0.13739E+05
 0.88772003E+02  0.11788E+05
 0.88822006E+02  0.99190E+04
 0.88872002E+02  0.98380E+04
 0.88922005E+02  0.10683E+05
 0.88972000E+02  0.13072E+05
 0.89022003E+02  0.12384E+05
 0.89072006E+02  0.92640E+04
 0.89122002E+02  0.92800E+04
 0.89172005E+02  0.10449E+05
 0.89222000E+02  0.99790E+04
 0.89272003E+02  0.83980E+04
 0.89322006E+02  0.63460E+04
 0.89372002E+02  0.51280E+04
 0.89422005E+02  0.49810E+04
 0.89472000E+02  0.55460E+04
 0.89522003E+02  0.58580E+04
 0.89572006E+02  0.52580E+04
 0.89622002E+02  0.44250E+04
 0.89672005E+02  0.35810E+04
 0.89722000E+02  0.34550E+04
 0.89772003E+02  0.29000E+04
 0.89822006E+02  0.15480E+04
 0.89872002E+02  0.23040E+04
 0.89922005E+02  0.43200E+04
 0.89972000E+02  0.38300E+04
 0.90022003E+02  0.13640E+04
 0.90072006E+02  0.19060E+04
 0.90122002E+02  0.44020E+04
 0.90172005E+02  0.46110E+04
 0.90222000E+02  0.49640E+04
 0.90272003E+02  0.63980E+04
 0.90322006E+02  0.73990E+04
 0.90372002E+02  0.72420E+04
 0.90422005E+02  0.58170E+04
 0.90472000E+02  0.39160E+04
 0.90522003E+02  0.18270E+04
 0.90572006E+02  0.12700E+04
 0.90622002E+02  0.18460E+04
 0.90672005E+02  0.39970E+04
 0.90722000E+02  0.71510E+04
 0.90772003E+02  0.74750E+04
 0.90822006E+02  0.73110E+04
 0.90872002E+02  0.69930E+04
 0.90922005E+02  0.56070E+04
 0.90972000E+02  0.59700E+04
 0.91022003E+02  0.65020E+04
 0.91072006E+02  0.54040E+04
 0.91122002E+02  0.17140E+04
 0.91172005E+02 -0.39420E+04
 0.91222000E+02 -0.67500E+04
 0.91272003E+02 -0.57450E+04
 0.91322006E+02 -0.48540E+04
 0.91372002E+02 -0.30520E+04
 0.91422005E+02  0.35190E+04
 0.91472000E+02  0.92800E+04
 0.91522003E+02  0.81090E+04
 0.91572006E+02  0.39570E+04
 0.91622002E+02  0.10440E+04
 0.91672005E+02 -0.94500E+03
 0.91722000E+02 -0.31000E+04
 0.91772003E+02 -0.55190E+04
 0.91822006E+02 -0.84090E+04
 0.91872002E+02 -0.10813E+05
 0.91922005E+02 -0.10271E+05
 0.91972000E+02 -0.59280E+04
 0.92022003E+02 -0.12870E+04
 0.92072006E+02 -0.42900E+03
 0.92122002E+02 -0.75300E+03
 0.92172005E+02 -0.15560E+04
 0.92222000E+02 -0.42510E+04
 0.92272003E+02 -0.70320E+04
 0.92322006E+02 -0.99740E+04
 0.92372002E+02 -0.10656E+05
 0.92422005E+02 -0.10124E+05
 0.92472000E+02 -0.11630E+05
 0.92522003E+02 -0.10702E+05
 0.92572006E+02 -0.64160E+04
 0.92622002E+02 -0.12310E+04
 0.92672005E+02  0.35090E+04
 0.92722000E+02  0.48940E+04
 0.92772003E+02  0.40860E+04
 0.92822006E+02  0.26380E+04
 0.92872002E+02  0.97400E+03
 0.92922005E+02  0.61400E+03
 0.92972000E+02  0.78800E+03
 0.93022003E+02  0.25030E+04
 0.93072006E+02  0.51590E+04
 0.93122002E+02  0.61750E+04
 0.93172005E+02  0.48250E+04
 0.93222000E+02  0.15260E+04
 0.93272003E+02  0.16000E+03
 0.93322006E+02  0.10060E+04
 0.93372002E+02  0.20510E+04
 0.93422005E+02  0.24010E+04
 0.93472000E+02  0.17010E+04
 0.93522003E+02  0.16020E+04
 0.93572006E+02 -0.85400E+03
 0.93622002E+02 -0.43930E+04
 0.93672005E+02 -0.48510E+04
 0.93722000E+02 -0.55980E+04
 0.93772003E+02 -0.64860E+04
 0.93822006E+02 -0.66210E+04
 0.93872002E+02 -0.83640E+04
 0.93922005E+02 -0.12928E+05
 0.93972000E+02 -0.18667E+05
 0.94022003E+02 -0.19954E+05
 0.94072006E+02 -0.17148E+05
 0.94122002E+02 -0.14064E+05
 0.94172005E+02 -0.11246E+05
 0.94222000E+02 -0.88920E+04
 0.94272003E+02 -0.76220E+04
 0.94322006E+02 -0.10524E+05
 0.94372002E+02 -0.14963E+05
 0.94422005E+02 -0.14535E+05
 0.94472000E+02 -0.11453E+05
 0.94522003E+02 -0.89080E+04
 0.94572006E+02 -0.72290E+04
 0.94622002E+02 -0.70530E+04
 0.94672005E+02 -0.73270E+04
 0.94722000E+02 -0.76570E+04
 0.94772003E+02 -0.65910E+04
 0.94822006E+02 -0.15070E+04
 0.94872002E+02  0.38510E+04
 0.94922005E+02  0.50400E+04
 0.94972000E+02  0.47530E+04
 0.95022003E+02  0.49620E+04
 0.95072006E+02  0.42440E+04
 0.95122002E+02  0.15630E+04
 0.95172005E+02 -0.21570E+04
 0.95222000E+02 -0.31990E+04
 0.95272003E+02 -0.20600E+03
 0.95322006E+02  0.45970E+04
 0.95372002E+02  0.72990E+04
 0.95422005E+02  0.61670E+04
 0.95472000E+02  0.46010E+04
 0.95522003E+02  0.39160E+04
 0.95572006E+02  0.29650E+04
 0.95622002E+02  0.16980E+04
 0.95672005E+02  0.26290E+04
 0.95722000E+02  0.56460E+04
 0.95772003E+02  0.49730E+04
 0.95822006E+02  0.18490E+04
 0.95872002E+02 -0.37400E+03
 0.95922005E+02 -0.44830E+04
 0.95972000E+02 -0.10485E+05
 0.96022003E+02 -0.13029E+05
 0.96072006E+02 -0.95100E+04
 0.96122002E+02 -0.42120E+04
 0.96172005E+02  0.56800E+03
 0.96222000E+02  0.31410E+04
 0.96272003E+02  0.27600E+04
 0.96322006E+02  0.31440E+04
 0.96372002E+02  0.36440E+04
 0.96422005E+02  0.29820E+04
 0.96472000E+02 -0.10190E+04
 0.96522003E+02 -0.75330E+04
 0.96572006E+02 -0.95310E+04
 0.96622002E+02 -0.76800E+04
 0.96672005E+02 -0.53450E+04
 0.96722000E+02 -0.37370E+04
 0.96772003E+02 -0.30680E+04
 0.96822006E+02 -0.21230E+04
 0.96872002E+02 -0.18440E+04
 0.96922005E+02 -0.23770E+04
 0.96972000E+02 -0.30640E+04
 0.97022003E+02 -0.43230E+04
 0.97072006E+02 -0.62040E+04
 0.97122002E+02 -0.64960E+04
 0.97172005E+02 -0.34420E+04
 0.97222000E+02  0.13000E+04
 0.97272003E+02  0.39830E+04
 0.97322006E+02  0.33730E+04
 0.97372002E+02  0.36430E+04
 0.97422005E+02  0.57060E+04
 0.97472000E+02  0.62540E+04
 0.97522003E+02  0.60190E+04
 0.97572006E+02  0.84720E+04
 0.97622002E+02  0.13520E+05
 0.97672005E+02  0.16269E+05
 0.97722000E+02  0.13199E+05
 0.97772003E+02  0.49350E+04
 0.97822006E+02 -0.38600E+04
 0.97872002E+02 -0.83930E+04
 0.97922005E+02 -0.91490E+04
 0.97972000E+02 -0.67900E+04
 0.98022003E+02 -0.16390E+04
 0.98072006E+02  0.39570E+04
 0.98122002E+02  0.98530E+04
 0.98172005E+02  0.14391E+05
 0.98222000E+02  0.13881E+05
 0.98272003E+02  0.94590E+04
 0.98322006E+02  0.36520E+04
 0.98372002E+02 -0.11300E+04
 0.98422005E+02 -0.30110E+04
 0.98472000E+02 -0.32100E+04
 0.98522003E+02 -0.19180E+04
 0.98572006E+02 -0.86100E+03
 0.98622002E+02 -0.21790E+04
 0.98672005E+02 -0.40740E+04
 0.98722000E+02 -0.40130E+04
 0.98772003E+02 -0.60000E+01
 0.98822006E+02  0.57050E+04
 0.98872002E+02  0.94150E+04
 0.98922005E+02  0.12509E+05
 0.98972000E+02  0.16215E+05
 0.99022003E+02  0.18141E+05
 0.99072006E+02  0.18122E+05
 0.99122002E+02  0.17500E+05
 0.99172005E+02  0.14951E+05
 0.99222000E+02  0.10162E+05
 0.99272003E+02  0.47820E+04
 0.99322006E+02  0.72900E+03
 0.99372002E+02  0.10900E+03
 0.99422005E+02  0.37040E+04
 0.99472000E+02  0.82340E+04
 0.99522003E+02  0.84010E+04
 0.99572006E+02  0.49620E+04
 0.99622002E+02  0.28610E+04
 0.99672005E+02  0.33250E+04
 0.99722000E+02  0.47470E+04
 0.99772003E+02  0.56490E+04
 0.99822006E+02  0.44550E+04
 0.99872002E+02  0.48000E+02
 0.99922005E+02 -0.60220E+04
 0.99972000E+02 -0.10141E+05
 0.10002200E+03 -0.12260E+05
 0.10007201E+03 -0.14247E+05
 0.10012200E+03 -0.14036E+05
 0.10017200E+03 -0.11869E+05
 0.10022200E+03 -0.10882E+05
 0.10027200E+03 -0.10939E+05
 0.10032201E+03 -0.11053E+05
 0.10037200E+03 -0.10395E+05
 0.10042200E+03 -0.80710E+04
 0.10047200E+03 -0.50550E+04
 0.10052200E+03 -0.36870E+04
 0.10057201E+03 -0.42920E+04
 0.10062200E+03 -0.51570E+04
 0.10067200E+03 -0.46740E+04
 0.10072200E+03 -0.25710E+04
 0.10077200E+03 -0.25000E+02
 0.10082201E+03  0.34200E+04
 0.10087200E+03  0.81610E+04
 0.10092200E+03  0.13164E+05
 0.10097200E+03  0.16648E+05
 0.10102200E+03  0.17330E+05
 0.10107201E+03  0.16854E+05
 0.10112200E+03  0.15137E+05
 0.10117200E+03  0.12608E+05
 0.10122200E+03  0.12120E+05
 0.10127200E+03  0.11805E+05
 0.10132201E+03  0.99830E+04
 0.10137200E+03  0.77970E+04
 0.10142200E+03  0.36030E+04
 0.10147200E+03 -0.20110E+04
 0.10152200E+03 -0.45840E+04
 0.10157201E+03 -0.32850E+04
 0.10162200E+03  0.35500E+03
 0.10167200E+03  0.54230E+04
 0.10172200E+03  0.10531E+05
 0.10177200E+03  0.16415E+05
 0.10182201E+03  0.21847E+05
 0.10187200E+03  0.21288E+05
 0.10192200E+03  0.14649E+05
 0.10197200E+03  0.63650E+04
 0.10202200E+03 -0.55300E+03
 0.10207201E+03 -0.41000E+04
 0.10212200E+03 -0.66490E+04
 0.10217200E+03 -0.10053E+05
 0.10222200E+03 -0.11440E+05
 0.10227200E+03 -0.11153E+05
 0.10232201E+03 -0.11815E+05
 0.10237200E+03 -0.13141E+05
 0.10242200E+03 -0.13700E+05
 0.10247200E+03 -0.13955E+05
 0.10252200E+03 -0.16060E+05
 0.10257201E+03 -0.20113E+05
 0.10262200E+03 -0.22612E+05
 0.10267200E+03 -0.21789E+05
 0.10272200E+03 -0.19709E+05
 0.10277200E+03 -0.17230E+05
 0.10282201E+03 -0.14262E+05
 0.10287200E+03 -0.11118E+05
 0.10292200E+03 -0.95460E+04
 0.10297200E+03 -0.11077E+05
 0.10302200E+03 -0.13974E+05
 0.10307201E+03 -0.16863E+05
 0.10312200E+03 -0.19041E+05
 0.10317200E+03 -0.19088E+05
 0.10322200E+03 -0.15198E+05
 0.10327200E+03 -0.93920E+04
 0.10332201E+03 -0.54380E+04
 0.10337200E+03 -0.19050E+04
 0.10342200E+03  0.20550E+04
 0.10347200E+03  0.43200E+04
 0.10352200E+03  0.46820E+04
 0.10357201E+03  0.56340E+04
 0.10362200E+03  0.68090E+04
 0.10367200E+03  0.61620E+04
 0.10372200E+03  0.57070E+04
 0.10377200E+03  0.57440E+04
 0.10382201E+03  0.43720E+04
 0.10387200E+03  0.16100E+04
 0.10392200E+03 -0.58500E+03
 0.10397200E+03  0.11880E+04
 0.10402200E+03  0.72630E+04
 0.10407201E+03  0.13061E+05
 0.10412200E+03  0.15255E+05
 0.10417200E+03  0.15420E+05
 0.10422200E+03  0.14033E+05
 0.10427200E+03  0.95920E+04
 0.10432201E+03  0.32610E+04
 0.10437200E+03 -0.27300E+04
 0.10442200E+03 -0.78980E+04
 0.10447200E+03 -0.12062E+05
 0.10452200E+03 -0.13849E+05
 0.10457201E+03 -0.14377E+05
 0.10462200E+03 -0.15212E+05
 0.10467200E+03 -0.15170E+05
 0.10472200E+03 -0.14135E+05
 0.10477200E+03 -0.13036E+05
 0.10482201E+03 -0.11409E+05
 0.10487200E+03 -0.86290E+04
 0.10492200E+03 -0.58660E+04
 0.10497200E+03 -0.36800E+04
 0.10502200E+03 -0.28210E+04
 0.10507201E+03 -0.25500E+04
 0.10512200E+03 -0.41500E+03
 0.10517200E+03  0.17010E+04
 0.10522200E+03  0.30870E+04
 0.10527200E+03  0.48800E+04
 0.10532201E+03  0.67820E+04
 0.10537200E+03  0.79450E+04
 0.10542200E+03  0.66540E+04
 0.10547200E+03  0.44310E+04
 0.10552200E+03  0.29380E+04
 0.10557201E+03  0.66300E+03
 0.10562200E+03 -0.20150E+04
 0.10567200E+03 -0.26120E+04
 0.10572200E+03 -0.17150E+04
 0.10577200E+03 -0.20700E+03
 0.10582201E+03  0.27900E+04
 0.10587200E+03  0.57190E+04
 0.10592200E+03  0.81640E+04
 0.10597200E+03  0.97970E+04
 0.10602200E+03  0.86300E+04
 0.10607201E+03  0.53000E+04
 0.10612200E+03  0.10640E+04
 0.10617200E+03 -0.28460E+04
 0.10622200E+03 -0.52200E+04
 0.10627200E+03 -0.59720E+04
 0.10632201E+03 -0.53470E+04
 0.10637200E+03 -0.51350E+04
 0.10642200E+03 -0.61300E+04
 0.10647200E+03 -0.57540E+04
 0.10652200E+03 -0.31270E+04
 0.10657201E+03 -0.16800E+03
 0.10662200E+03  0.22960E+04
 0.10667200E+03  0.47360E+04
 0.10672200E+03  0.64730E+04
 0.10677200E+03  0.61080E+04
 0.10682201E+03  0.46080E+04
 0.10687200E+03  0.39970E+04
 0.10692200E+03  0.45170E+04
 0.10697200E+03  0.52990E+04
 0.10702200E+03  0.58600E+04
 0.10707201E+03  0.56150E+04
 0.10712200E+03  0.39260E+04
 0.10717200E+03  0.11460E+04
 0.10722200E+03 -0.16080E+04
 0.10727200E+03 -0.36260E+04
 0.10732201E+03 -0.50420E+04
 0.10737200E+03 -0.48430E+04
 0.10742200E+03 -0.32610E+04
 0.10747200E+03 -0.23220E+04
 0.10752200E+03 -0.21490E+04
 0.10757201E+03 -0.18020E+04
 0.10762200E+03  0.17800E+03
 0.10767200E+03  0.29860E+04
 0.10772200E+03  0.40160E+04
 0.10777200E+03  0.41080E+04
 0.10782201E+03  0.40750E+04
 0.10787200E+03  0.30730E+04
 0.10792200E+03  0.24640E+04
 0.10797200E+03  0.32770E+04
 0.10802200E+03  0.50230E+04
 0.10807201E+03  0.75980E+04
 0.10812200E+03  0.95710E+04
 0.10817200E+03  0.96770E+04
 0.10822200E+03  0.88950E+04
 0.10827200E+03  0.78640E+04
 0.10832201E+03  0.69340E+04
 0.10837200E+03  0.60000E+04
 0.10842200E+03  0.47450E+04
 0.10847200E+03  0.50110E+04
 0.10852200E+03  0.72950E+04
 0.10857201E+03  0.93020E+04
 0.10862200E+03  0.86940E+04
 0.10867200E+03  0.60480E+04
 0.10872200E+03  0.37060E+04
 0.10877200E+03  0.17080E+04
 0.10882201E+03  0.88000E+03
 0.10887200E+03  0.90200E+03
 0.10892200E+03 -0.52700E+03
 0.10897200E+03 -0.28600E+04
 0.10902200E+03 -0.51580E+04
 0.10907201E+03 -0.72450E+04
 0.10912200E+03 -0.85600E+04
 0.10917200E+03 -0.80270E+04
 0.10922200E+03 -0.58790E+04
 0.10927200E+03 -0.35250E+04
 0.10932201E+03 -0.15320E+04
 0.10937200E+03 -0.45000E+02
 0.10942200E+03  0.20640E+04
 0.10947200E+03  0.55790E+04
 0.10952200E+03  0.95930E+04
 0.10957201E+03  0.12528E+05
 0.10962200E+03  0.13418E+05
 0.10967200E+03  0.13076E+05
 0.10972200E+03  0.12318E+05
 0.10977200E+03  0.11552E+05
 0.10982201E+03  0.11904E+05
 0.10987200E+03  0.13122E+05
 0.10992200E+03  0.13652E+05
 0.10997200E+03  0.13565E+05
 0.11002200E+03  0.12210E+05
 0.11007201E+03  0.91560E+04
 0.11012200E+03  0.67640E+04
 0.11017200E+03  0.48430E+04
 0.11022200E+03  0.20450E+04
 0.11027200E+03 -0.97100E+03
 0.11032201E+03 -0.42120E+04
 0.11037200E+03 -0.72320E+04
 0.11042200E+03 -0.10025E+05
 0.11047200E+03 -0.12449E+05
 0.11052200E+03 -0.13708E+05
 0.11057201E+03 -0.15052E+05
 0.11062200E+03 -0.16241E+05
 0.11067200E+03 -0.15788E+05
 0.11072200E+03 -0.14639E+05
 0.11077200E+03 -0.14274E+05
 0.11082201E+03 -0.14871E+05
 0.11087200E+03 -0.15873E+05
 0.11092200E+03 -0.15998E+05
 0.11097200E+03 -0.14488E+05
 0.11102200E+03 -0.12858E+05
 0.11107201E+03 -0.12274E+05
 0.11112200E+03 -0.11974E+05
 0.11117200E+03 -0.11731E+05
 0.11122200E+03 -0.11634E+05
 0.11127200E+03 -0.10575E+05
 0.11132201E+03 -0.78180E+04
 0.11137200E+03 -0.35040E+04
 0.11142200E+03  0.18790E+04
 0.11147200E+03  0.70040E+04
 0.11152200E+03  0.98140E+04
 0.11157201E+03  0.98120E+04
 0.11162200E+03  0.87010E+04
 0.11167200E+03  0.70040E+04
 0.11172200E+03  0.48310E+04
 0.11177200E+03  0.36580E+04
 0.11182201E+03  0.35050E+04
 0.11187200E+03  0.28810E+04
 0.11192200E+03  0.15040E+04
 0.11197200E+03  0.41000E+02
 0.11202200E+03 -0.62700E+03
 0.11207201E+03 -0.15500E+03
 0.11212200E+03  0.82800E+03
 0.11217200E+03  0.24230E+04
 0.11222200E+03  0.47220E+04
 0.11227200E+03  0.72640E+04
 0.11232201E+03  0.94720E+04
 0.11237200E+03  0.10266E+05
 0.11242200E+03  0.99930E+04
 0.11247200E+03  0.92830E+04
 0.11252200E+03  0.72290E+04
 0.11257201E+03  0.44830E+04
 0.11262200E+03  0.26240E+04
 0.11267200E+03  0.15390E+04
 0.11272200E+03  0.15770E+04
 0.11277200E+03  0.30300E+04
 0.11282201E+03  0.42330E+04
 0.11287200E+03  0.39890E+04
 0.11292200E+03  0.24420E+04
 0.11297200E+03 -0.23200E+03
 0.11302200E+03 -0.36370E+04
 0.11307201E+03 -0.58420E+04
 0.11312200E+03 -0.60910E+04
 0.11317200E+03 -0.66380E+04
 0.11322200E+03 -0.74410E+04
 0.11327200E+03 -0.73610E+04
 0.11332201E+03 -0.75990E+04
 0.11337200E+03 -0.89340E+04
 0.11342200E+03 -0.11322E+05
 0.11347200E+03 -0.13399E+05
 0.11352200E+03 -0.13438E+05
 0.11357201E+03 -0.11813E+05
 0.11362200E+03 -0.96630E+04
 0.11367200E+03 -0.72270E+04
 0.11372200E+03 -0.47200E+04
 0.11377200E+03 -0.25060E+04
 0.11382201E+03  0.14300E+03
 0.11387200E+03  0.28770E+04
 0.11392200E+03  0.38360E+04
 0.11397200E+03  0.27810E+04
 0.11402200E+03  0.15870E+04
 0.11407201E+03  0.19670E+04
 0.11412200E+03  0.36560E+04
 0.11417200E+03  0.52510E+04
 0.11422200E+03  0.57590E+04
 0.11427200E+03  0.52960E+04
 0.11432201E+03  0.36950E+04
 0.11437200E+03  0.12970E+04
 0.11442200E+03 -0.68600E+03
 0.11447200E+03 -0.21200E+04
 0.11452200E+03 -0.30540E+04
 0.11457201E+03 -0.36470E+04
 0.11462200E+03 -0.36980E+04
 0.11467200E+03 -0.32380E+04
 0.11472200E+03 -0.26510E+04
 0.11477200E+03 -0.21850E+04
 0.11482201E+03 -0.31910E+04
 0.11487200E+03 -0.51120E+04
 0.11492200E+03 -0.63570E+04
 0.11497200E+03 -0.70610E+04
 0.11502200E+03 -0.71750E+04
 0.11507201E+03 -0.64950E+04
 0.11512200E+03 -0.52040E+04
 0.11517200E+03 -0.38290E+04
 0.11522200E+03 -0.32880E+04
 0.11527200E+03 -0.35480E+04
 0.11532201E+03 -0.30520E+04
 0.11537200E+03 -0.12240E+04
 0.11542200E+03  0.77300E+03
 0.11547200E+03  0.20830E+04
 0.11552200E+03  0.25190E+04
 0.11557201E+03  0.20550E+04
 0.11562200E+03  0.11910E+04
 0.11567200E+03  0.21600E+03
 0.11572200E+03 -0.14170E+04
 0.11577200E+03 -0.31480E+04
 0.11582201E+03 -0.37920E+04
 0.11587200E+03 -0.34960E+04
 0.11592200E+03 -0.29680E+04
 0.11597200E+03 -0.23780E+04
 0.11602200E+03 -0.24270E+04
 0.11607201E+03 -0.40360E+04
 0.11612200E+03 -0.64570E+04
 0.11617200E+03 -0.82590E+04
 0.11622200E+03 -0.82120E+04
 0.11627200E+03 -0.65360E+04
 0.11632201E+03 -0.46250E+04
 0.11637200E+03 -0.27170E+04
 0.11642200E+03 -0.47800E+03
 0.11647200E+03  0.17060E+04
 0.11652200E+03  0.25020E+04
 0.11657201E+03  0.21160E+04
 0.11662200E+03  0.17300E+04
 0.11667200E+03  0.10420E+04
 0.11672200E+03  0.47100E+03
 0.11677200E+03  0.39700E+03
 0.11682201E+03  0.77100E+03
 0.11687200E+03  0.20130E+04
 0.11692200E+03  0.35260E+04
 0.11697200E+03  0.52960E+04
 0.11702200E+03  0.75240E+04
 0.11707201E+03  0.89370E+04
 0.11712200E+03  0.93440E+04
 0.11717200E+03  0.99780E+04
 0.11722200E+03  0.10387E+05
 0.11727200E+03  0.95290E+04
 0.11732201E+03  0.91260E+04
 0.11737200E+03  0.10939E+05
 0.11742200E+03  0.13790E+05
 0.11747200E+03  0.15632E+05
 0.11752200E+03  0.15521E+05
 0.11757201E+03  0.13858E+05
 0.11762200E+03  0.10803E+05
 0.11767200E+03  0.68180E+04
 0.11772200E+03  0.37470E+04
 0.11777200E+03  0.18430E+04
 0.11782201E+03  0.16400E+03
 0.11787200E+03 -0.87800E+03
 0.11792200E+03 -0.78700E+03
 0.11797200E+03 -0.16400E+03
 0.11802200E+03  0.38900E+03
 0.11807201E+03  0.95600E+03
 0.11812200E+03  0.13890E+04
 0.11817200E+03  0.19800E+04
 0.11822200E+03  0.27910E+04
 0.11827200E+03  0.30020E+04
 0.11832201E+03  0.32190E+04
 0.11837200E+03  0.36500E+04
 0.11842200E+03  0.37280E+04
 0.11847200E+03  0.30730E+04
 0.11852200E+03  0.13950E+04
 0.11857201E+03 -0.34700E+03
 0.11862200E+03 -0.22740E+04
 0.11867200E+03 -0.39460E+04
 0.11872200E+03 -0.43320E+04
 0.11877200E+03 -0.44600E+04
 0.11882201E+03 -0.35240E+04
 0.11887200E+03 -0.76800E+03
 0.11892200E+03  0.17400E+04
 0.11897200E+03  0.26760E+04
 0.11902200E+03  0.15260E+04
 0.11907201E+03 -0.11530E+04
 0.11912200E+03 -0.38540E+04
 0.11917200E+03 -0.66120E+04
 0.11922200E+03 -0.89720E+04
 0.11927200E+03 -0.98500E+04
 0.11932201E+03 -0.88250E+04
 0.11937200E+03 -0.59300E+04
 0.11942200E+03 -0.31440E+04
 0.11947200E+03 -0.17670E+04
 0.11952200E+03 -0.16740E+04
 0.11957201E+03 -0.24080E+04
 0.11962200E+03 -0.26940E+04
 0.11967200E+03 -0.28110E+04
 0.11972200E+03 -0.29250E+04
 0.11977200E+03 -0.18000E+04
 0.11982201E+03  0.81800E+03
 0.11987200E+03  0.44660E+04
 0.11992200E+03  0.84120E+04
 0.11997200E+03  0.12118E+05
 0.12002200E+03  0.14808E+05
 0.12007201E+03  0.16098E+05
 0.12012200E+03  0.17121E+05
 0.12017200E+03  0.17349E+05
 0.12022200E+03  0.15300E+05
 0.12027200E+03  0.11415E+05
 0.12032201E+03  0.67180E+04
 0.12037200E+03  0.20160E+04
 0.12042200E+03 -0.37120E+04
 0.12047200E+03 -0.11385E+05
 0.12052200E+03 -0.18332E+05
 0.12057201E+03 -0.21917E+05
 0.12062200E+03 -0.22053E+05
 0.12067200E+03 -0.20175E+05
 0.12072200E+03 -0.17659E+05
 0.12077200E+03 -0.14734E+05
 0.12082201E+03 -0.11324E+05
 0.12087200E+03 -0.77340E+04
 0.12092200E+03 -0.50350E+04
 0.12097200E+03 -0.37790E+04
 0.12102200E+03 -0.36960E+04
 0.12107201E+03 -0.41160E+04
 0.12112200E+03 -0.41900E+04
 0.12117200E+03 -0.42970E+04
 0.12122200E+03 -0.45820E+04
 0.12127200E+03 -0.54210E+04
 0.12132201E+03 -0.78840E+04
 0.12137200E+03 -0.10763E+05
 0.12142200E+03 -0.12739E+05
 0.12147200E+03 -0.14098E+05
 0.12152200E+03 -0.15150E+05
 0.12157201E+03 -0.16080E+05
 0.12162200E+03 -0.16290E+05
 0.12167200E+03 -0.15744E+05
 0.12172200E+03 -0.15141E+05
 0.12177200E+03 -0.14383E+05
 0.12182201E+03 -0.13008E+05
 0.12187200E+03 -0.10374E+05
 0.12192200E+03 -0.66560E+04
 0.12197200E+03 -0.19790E+04
 0.12202200E+03  0.31620E+04
 0.12207201E+03  0.71210E+04
 0.12212200E+03  0.10129E+05
 0.12217200E+03  0.12233E+05
 0.12222200E+03  0.12774E+05
 0.12227200E+03  0.12177E+05
 0.12232201E+03  0.10262E+05
 0.12237200E+03  0.78500E+04
 0.12242200E+03  0.58240E+04
 0.12247200E+03  0.44130E+04
 0.12252200E+03  0.35530E+04
 0.12257201E+03  0.20930E+04
 0.12262200E+03  0.21100E+03
 0.12267200E+03 -0.24800E+04
 0.12272200E+03 -0.64480E+04
 0.12277200E+03 -0.10860E+05
 0.12282201E+03 -0.14772E+05
 0.12287200E+03 -0.16236E+05
 0.12292200E+03 -0.14653E+05
 0.12297200E+03 -0.10658E+05
 0.12302200E+03 -0.55360E+04
 0.12307201E+03 -0.13060E+04
 0.12312200E+03  0.16170E+04
 0.12317200E+03  0.44100E+04
 0.12322200E+03  0.73270E+04
 0.12327200E+03  0.93360E+04
 0.12332201E+03  0.10673E+05
 0.12337200E+03  0.11532E+05
 0.12342200E+03  0.10779E+05
 0.12347200E+03  0.78130E+04
 0.12352200E+03  0.35810E+04
 0.12357201E+03 -0.23000E+02
 0.12362200E+03 -0.23690E+04
 0.12367200E+03 -0.34060E+04
 0.12372200E+03 -0.28360E+04
 0.12377200E+03 -0.12720E+04
 0.12382201E+03  0.91600E+03
 0.12387200E+03  0.31000E+04
 0.12392200E+03  0.37840E+04
 0.12397200E+03  0.30250E+04
 0.12402200E+03  0.20110E+04
 0.12407201E+03  0.99000E+03
 0.12412200E+03 -0.91000E+02
 0.12417200E+03 -0.14510E+04
 0.12422201E+03 -0.32210E+04
 0.12427201E+03 -0.46650E+04
 0.12432200E+03 -0.53820E+04
 0.12437200E+03 -0.46480E+04
 0.12442200E+03 -0.14870E+04
 0.12447201E+03  0.32140E+04
 0.12452201E+03  0.75550E+04
 0.12457200E+03  0.10309E+05
 0.12462200E+03  0.11230E+05
 0.12467200E+03  0.11190E+05
 0.12472201E+03  0.11403E+05
 0.12477201E+03  0.11431E+05
 0.12482200E+03  0.10531E+05
 0.12487200E+03  0.94690E+04
 0.12492200E+03  0.88870E+04
 0.12497201E+03  0.95210E+04
 0.12502201E+03  0.11707E+05
 0.12507200E+03  0.14133E+05
 0.12512200E+03  0.16072E+05
 0.12517200E+03  0.17824E+05
 0.12522201E+03  0.18975E+05
 0.12527201E+03  0.18303E+05
 0.12532200E+03  0.15572E+05
 0.12537200E+03  0.11863E+05
 0.12542200E+03  0.78990E+04
 0.12547201E+03  0.41640E+04
 0.12552201E+03  0.10880E+04
 0.12557200E+03 -0.90700E+03
 0.12562200E+03 -0.12920E+04
 0.12567200E+03 -0.44300E+03
 0.12572201E+03  0.79900E+03
 0.12577201E+03  0.25670E+04
 0.12582200E+03  0.46230E+04
 0.12587200E+03  0.62710E+04
 0.12592200E+03  0.78700E+04
 0.12597201E+03  0.91410E+04
 0.12602201E+03  0.96750E+04
 0.12607200E+03  0.98280E+04
 0.12612200E+03  0.93060E+04
 0.12617200E+03  0.78800E+04
 0.12622201E+03  0.55790E+04
 0.12627201E+03  0.23460E+04
 0.12632200E+03 -0.13720E+04
 0.12637200E+03 -0.45940E+04
 0.12642200E+03 -0.65190E+04
 0.12647201E+03 -0.75570E+04
 0.12652201E+03 -0.78740E+04
 0.12657200E+03 -0.68730E+04
 0.12662200E+03 -0.50130E+04
 0.12667200E+03 -0.28620E+04
 0.12672201E+03 -0.31200E+03
 0.12677201E+03  0.25730E+04
 0.12682200E+03  0.47100E+04
 0.12687200E+03  0.51490E+04
 0.12692200E+03  0.44680E+04
 0.12697201E+03  0.37270E+04
 0.12702201E+03  0.40450E+04
 0.12707200E+03  0.51970E+04
 0.12712200E+03  0.61930E+04
 0.12717200E+03  0.68120E+04
 0.12722201E+03  0.69180E+04
 0.12727201E+03  0.70790E+04
 0.12732200E+03  0.77420E+04
 0.12737200E+03  0.89580E+04
 0.12742200E+03  0.10613E+05
 0.12747201E+03  0.11992E+05
 0.12752201E+03  0.12691E+05
 0.12757200E+03  0.12078E+05
 0.12762200E+03  0.97540E+04
 0.12767200E+03  0.59730E+04
 0.12772201E+03  0.18130E+04
 0.12777201E+03 -0.72900E+03
 0.12782200E+03 -0.13090E+04
 0.12787200E+03 -0.52400E+03
 0.12792200E+03  0.13240E+04
 0.12797201E+03  0.38240E+04
 0.12802200E+03  0.63060E+04
 0.12807199E+03  0.77640E+04
 0.12812199E+03  0.76610E+04
 0.12817200E+03  0.53530E+04
 0.12822200E+03  0.15650E+04
 0.12827200E+03 -0.18410E+04
 0.12832199E+03 -0.40830E+04
 0.12837199E+03 -0.49360E+04
 0.12842200E+03 -0.51140E+04
 0.12847200E+03 -0.49280E+04
 0.12852200E+03 -0.38800E+04
 0.12857199E+03 -0.24190E+04
 0.12862199E+03 -0.12160E+04
 0.12867200E+03 -0.25500E+03
 0.12872200E+03  0.74500E+03
 0.12877200E+03  0.16110E+04
 0.12882199E+03  0.21340E+04
 0.12887199E+03  0.20430E+04
 0.12892200E+03  0.88600E+03
 0.12897200E+03 -0.84900E+03
 0.12902200E+03 -0.20710E+04
 0.12907199E+03 -0.24760E+04
 0.12912199E+03 -0.22530E+04
 0.12917200E+03 -0.17780E+04
 0.12922200E+03 -0.18990E+04
 0.12927200E+03 -0.23240E+04
 0.12932199E+03 -0.26930E+04
 0.12937199E+03 -0.34720E+04
 0.12942200E+03 -0.41900E+04
 0.12947200E+03 -0.50760E+04
 0.12952200E+03 -0.69420E+04
 0.12957199E+03 -0.92600E+04
 0.12962199E+03 -0.10862E+05
 0.12967200E+03 -0.11450E+05
 0.12972200E+03 -0.11718E+05
 0.12977200E+03 -0.12433E+05
 0.12982199E+03 -0.13628E+05
 0.12987199E+03 -0.14018E+05
 0.12992200E+03 -0.12512E+05
 0.12997200E+03 -0.94750E+04
 0.13002200E+03 -0.61120E+04
 0.13007199E+03 -0.32690E+04
 0.13012199E+03 -0.14150E+04
 0.13017200E+03 -0.90300E+03
 0.13022200E+03 -0.14510E+04
 0.13027200E+03 -0.26070E+04
 0.13032199E+03 -0.39440E+04
 0.13037199E+03 -0.49200E+04
 0.13042200E+03 -0.53080E+04
 0.13047200E+03 -0.54270E+04
 0.13052200E+03 -0.55510E+04
 0.13057199E+03 -0.57870E+04
 0.13062199E+03 -0.65640E+04
 0.13067200E+03 -0.81010E+04
 0.13072200E+03 -0.10040E+05
 0.13077200E+03 -0.11609E+05
 0.13082199E+03 -0.12140E+05
 0.13087199E+03 -0.11624E+05
 0.13092200E+03 -0.99470E+04
 0.13097200E+03 -0.71950E+04
 0.13102200E+03 -0.41590E+04
 0.13107199E+03 -0.11740E+04
 0.13112199E+03  0.94800E+03
 0.13117200E+03  0.11870E+04
 0.13122200E+03  0.45500E+03
 0.13127200E+03 -0.30400E+03
 0.13132199E+03 -0.13010E+04
 0.13137199E+03 -0.26040E+04
 0.13142200E+03 -0.42400E+04
 0.13147200E+03 -0.59400E+04
 0.13152200E+03 -0.70210E+04
 0.13157199E+03 -0.72110E+04
 0.13162199E+03 -0.70080E+04
 0.13167200E+03 -0.72560E+04
 0.13172200E+03 -0.77990E+04
 0.13177200E+03 -0.75760E+04
 0.13182199E+03 -0.67150E+04
 0.13187199E+03 -0.58420E+04
 0.13192200E+03 -0.48710E+04
 0.13197200E+03 -0.36910E+04
 0.13202200E+03 -0.24750E+04
 0.13207199E+03 -0.21450E+04
 0.13212199E+03 -0.27710E+04
 0.13217200E+03 -0.40230E+04
 0.13222200E+03 -0.56550E+04
 0.13227200E+03 -0.59900E+04
 0.13232199E+03 -0.48770E+04
 0.13237199E+03 -0.36880E+04
 0.13242200E+03 -0.27500E+04
 0.13247200E+03 -0.19390E+04
 0.13252200E+03 -0.10400E+04
 0.13257199E+03  0.76000E+02
 0.13262199E+03  0.99200E+03
 0.13267200E+03  0.11370E+04
 0.13272200E+03  0.60600E+03
 0.13277200E+03 -0.75000E+02
 0.13282199E+03 -0.21400E+03
 0.13287199E+03  0.49500E+03
 0.13292200E+03  0.13340E+04
 0.13297200E+03  0.20230E+04
 0.13302200E+03  0.25540E+04
 0.13307199E+03  0.24210E+04
 0.13312199E+03  0.22980E+04
 0.13317200E+03  0.25370E+04
 0.13322200E+03  0.21590E+04
 0.13327200E+03  0.12750E+04
 0.13332199E+03  0.34300E+03
 0.13337199E+03 -0.65000E+03
 0.13342200E+03 -0.10790E+04
 0.13347200E+03 -0.17600E+03
 0.13352200E+03  0.20610E+04
 0.13357199E+03  0.53030E+04
 0.13362199E+03  0.91390E+04
 0.13367200E+03  0.12521E+05
 0.13372200E+03  0.14705E+05
 0.13377200E+03  0.16107E+05
 0.13382199E+03  0.17230E+05
 0.13387199E+03  0.17790E+05
 0.13392200E+03  0.17118E+05
 0.13397200E+03  0.14971E+05
 0.13402200E+03  0.12209E+05
 0.13407199E+03  0.10081E+05
 0.13412199E+03  0.85460E+04
 0.13417200E+03  0.72090E+04
 0.13422200E+03  0.61690E+04
 0.13427200E+03  0.52130E+04
 0.13432199E+03  0.44980E+04
 0.13437199E+03  0.44250E+04
 0.13442200E+03  0.46700E+04
 0.13447200E+03  0.49630E+04
 0.13452200E+03  0.55350E+04
 0.13457199E+03  0.62150E+04
 0.13462199E+03  0.69900E+04
 0.13467200E+03  0.78310E+04
 0.13472200E+03  0.80650E+04
 0.13477200E+03  0.76230E+04
 0.13482199E+03  0.65050E+04
 0.13487199E+03  0.50470E+04
 0.13492200E+03  0.39330E+04
 0.13497200E+03  0.31660E+04
 0.13502200E+03  0.27170E+04
 0.13507199E+03  0.23740E+04
 0.13512199E+03  0.22820E+04
 0.13517200E+03  0.19860E+04
 0.13522200E+03  0.35800E+03
 0.13527200E+03 -0.23330E+04
 0.13532199E+03 -0.52020E+04
 0.13537199E+03 -0.77580E+04
 0.13542200E+03 -0.10660E+05
 0.13547200E+03 -0.14043E+05
 0.13552200E+03 -0.16661E+05
 0.13557199E+03 -0.18247E+05
 0.13562199E+03 -0.18535E+05
 0.13567200E+03 -0.17294E+05
 0.13572200E+03 -0.15117E+05
 0.13577200E+03 -0.12347E+05
 0.13582199E+03 -0.92590E+04
 0.13587199E+03 -0.57480E+04
 0.13592200E+03 -0.24130E+04
 0.13597200E+03 -0.58300E+03
 0.13602200E+03 -0.15600E+03
 0.13607199E+03 -0.50400E+03
 0.13612199E+03 -0.14280E+04
 0.13617200E+03 -0.21180E+04
 0.13622200E+03 -0.16160E+04
 0.13627200E+03 -0.30800E+03
 0.13632199E+03  0.67800E+03
 0.13637199E+03  0.90700E+03
 0.13642200E+03  0.93500E+03
 0.13647200E+03  0.89600E+03
 0.13652200E+03  0.22700E+03
 0.13657199E+03 -0.96000E+02
 0.13662199E+03  0.81800E+03
 0.13667200E+03  0.20460E+04
 0.13672200E+03  0.29140E+04
 0.13677200E+03  0.32520E+04
 0.13682199E+03  0.31760E+04
 0.13687199E+03  0.24970E+04
 0.13692200E+03  0.10810E+04
 0.13697200E+03 -0.18900E+03
 0.13702200E+03 -0.86900E+03
 0.13707199E+03 -0.10630E+04
 0.13712199E+03 -0.61600E+03
 0.13717200E+03  0.55200E+03
 0.13722200E+03  0.16800E+04
 0.13727200E+03  0.23180E+04
 0.13732199E+03  0.25870E+04
 0.13737199E+03  0.25690E+04
 0.13742200E+03  0.28320E+04
 0.13747200E+03  0.34580E+04
 0.13752200E+03  0.44030E+04
 0.13757199E+03  0.52180E+04
 0.13762199E+03  0.56480E+04
 0.13767200E+03  0.57230E+04
 0.13772200E+03  0.49790E+04
 0.13777200E+03  0.38170E+04
 0.13782199E+03  0.24090E+04
 0.13787199E+03  0.11630E+04
 0.13792200E+03  0.24900E+03
 0.13797200E+03 -0.67600E+03
 0.13802200E+03 -0.10720E+04
 0.13807199E+03 -0.10160E+04
 0.13812199E+03 -0.83600E+03
 0.13817200E+03 -0.60100E+03
 0.13822200E+03 -0.57400E+03
 0.13827200E+03 -0.87400E+03
 0.13832199E+03 -0.93400E+03
 0.13837199E+03 -0.12520E+04
 0.13842200E+03 -0.27200E+04
 0.13847200E+03 -0.39840E+04
 0.13852200E+03 -0.48890E+04
 0.13857199E+03 -0.53470E+04
 0.13862199E+03 -0.49050E+04
 0.13867200E+03 -0.44920E+04
 0.13872200E+03 -0.35830E+04
 0.13877200E+03 -0.28370E+04
 0.13882199E+03 -0.29610E+04
 0.13887199E+03 -0.31330E+04
 0.13892200E+03 -0.33820E+04
 0.13897200E+03 -0.29380E+04
 0.13902200E+03 -0.15200E+04
 0.13907199E+03 -0.18800E+03
 0.13912199E+03 -0.13900E+03
 0.13917200E+03 -0.19200E+04
 0.13922200E+03 -0.43330E+04
 0.13927200E+03 -0.59570E+04
 0.13932199E+03 -0.72530E+04
 0.13937199E+03 -0.88300E+04
 0.13942200E+03 -0.95070E+04
 0.13947200E+03 -0.90810E+04
 0.13952200E+03 -0.87820E+04
 0.13957199E+03 -0.88690E+04
 0.13962199E+03 -0.91040E+04
 0.13967200E+03 -0.91390E+04
 0.13972200E+03 -0.90670E+04
 0.13977200E+03 -0.97260E+04
 0.13982199E+03 -0.10682E+05
 0.13987199E+03 -0.10718E+05
 0.13992200E+03 -0.98330E+04
 0.13997200E+03 -0.84260E+04
 0.14002200E+03 -0.67400E+04
 0.14007199E+03 -0.53400E+04
 0.14012199E+03 -0.43470E+04
 0.14017200E+03 -0.36480E+04
 0.14022200E+03 -0.33730E+04
 0.14027200E+03 -0.27900E+04
 0.14032199E+03 -0.12620E+04
 0.14037199E+03  0.64900E+03
 0.14042200E+03  0.25120E+04
 0.14047200E+03  0.39830E+04
 0.14052200E+03  0.47850E+04
 0.14057199E+03  0.50820E+04
 0.14062199E+03  0.46140E+04
 0.14067200E+03  0.34420E+04
 0.14072200E+03  0.19940E+04
 0.14077200E+03  0.90100E+03
 0.14082199E+03  0.12620E+04
 0.14087199E+03  0.25750E+04
 0.14092200E+03  0.40830E+04
 0.14097200E+03  0.61850E+04
 0.14102200E+03  0.82430E+04
 0.14107199E+03  0.92280E+04
 0.14112199E+03  0.83770E+04
 0.14117200E+03  0.58620E+04
 0.14122200E+03  0.32140E+04
 0.14127200E+03  0.10970E+04
 0.14132199E+03 -0.71500E+03
 0.14137199E+03 -0.21980E+04
 0.14142200E+03 -0.25680E+04
 0.14147200E+03 -0.17510E+04
 0.14152200E+03 -0.90300E+03
 0.14157199E+03 -0.13900E+03
 0.14162199E+03  0.10650E+04
 0.14167200E+03  0.29520E+04
 0.14172200E+03  0.41860E+04
 0.14177200E+03  0.32740E+04
 0.14182199E+03  0.10430E+04
 0.14187199E+03 -0.11060E+04
 0.14192200E+03 -0.19070E+04
 0.14197200E+03 -0.85800E+03
 0.14202200E+03  0.17890E+04
 0.14207199E+03  0.47730E+04
 0.14212199E+03  0.68380E+04
 0.14217200E+03  0.81410E+04
 0.14222200E+03  0.85310E+04
 0.14227200E+03  0.81580E+04
 0.14232199E+03  0.67130E+04
 0.14237199E+03  0.44720E+04
 0.14242200E+03  0.29780E+04
 0.14247200E+03  0.20380E+04
 0.14252200E+03  0.97800E+03
 0.14257199E+03  0.49000E+02
 0.14262199E+03 -0.25100E+03
 0.14267200E+03 -0.29700E+03
 0.14272200E+03  0.66600E+03
 0.14277200E+03  0.30420E+04
 0.14282199E+03  0.47380E+04
 0.14287199E+03  0.61130E+04
 0.14292200E+03  0.81120E+04
 0.14297200E+03  0.99690E+04
 0.14302200E+03  0.11070E+05
 0.14307199E+03  0.10533E+05
 0.14312199E+03  0.87370E+04
 0.14317200E+03  0.71120E+04
 0.14322200E+03  0.62160E+04
 0.14327200E+03  0.57520E+04
 0.14332199E+03  0.57230E+04
 0.14337199E+03  0.64490E+04
 0.14342200E+03  0.70400E+04
 0.14347200E+03  0.65120E+04
 0.14352200E+03  0.49770E+04
 0.14357199E+03  0.32490E+04
 0.14362199E+03  0.31440E+04
 0.14367200E+03  0.53970E+04
 0.14372200E+03  0.85300E+04
 0.14377200E+03  0.10709E+05
 0.14382199E+03  0.11167E+05
 0.14387199E+03  0.10764E+05
 0.14392200E+03  0.10119E+05
 0.14397200E+03  0.85550E+04
 0.14402200E+03  0.63000E+04
 0.14407199E+03  0.47360E+04
 0.14412199E+03  0.45030E+04
 0.14417200E+03  0.58830E+04
 0.14422200E+03  0.85250E+04
 0.14427200E+03  0.10573E+05
 0.14432199E+03  0.98060E+04
 0.14437199E+03  0.64220E+04
 0.14442200E+03  0.37830E+04
 0.14447200E+03  0.24690E+04
 0.14452200E+03  0.42700E+03
 0.14457199E+03 -0.22710E+04
 0.14462199E+03 -0.49660E+04
 0.14467200E+03 -0.68480E+04
 0.14472200E+03 -0.80990E+04
 0.14477200E+03 -0.99790E+04
 0.14482199E+03 -0.11907E+05
 0.14487199E+03 -0.12140E+05
 0.14492200E+03 -0.10471E+05
 0.14497200E+03 -0.89450E+04
 0.14502200E+03 -0.86010E+04
 0.14507199E+03 -0.81480E+04
 0.14512199E+03 -0.65250E+04
 0.14517200E+03 -0.41920E+04
 0.14522200E+03 -0.28590E+04
 0.14527200E+03 -0.36280E+04
 0.14532199E+03 -0.62760E+04
 0.14537199E+03 -0.91130E+04
 0.14542200E+03 -0.99730E+04
 0.14547200E+03 -0.99070E+04
 0.14552200E+03 -0.10006E+05
 0.14557199E+03 -0.97420E+04
 0.14562199E+03 -0.99510E+04
 0.14567200E+03 -0.10656E+05
 0.14572200E+03 -0.11548E+05
 0.14577200E+03 -0.11988E+05
 0.14582199E+03 -0.11308E+05
 0.14587199E+03 -0.97570E+04
 0.14592200E+03 -0.73470E+04
 0.14597200E+03 -0.58200E+04
 0.14602200E+03 -0.62490E+04
 0.14607199E+03 -0.72890E+04
 0.14612199E+03 -0.82080E+04
 0.14617200E+03 -0.81690E+04
 0.14622200E+03 -0.59750E+04
 0.14627200E+03 -0.28560E+04
 0.14632199E+03 -0.64000E+02
 0.14637199E+03  0.23190E+04
 0.14642200E+03  0.35340E+04
 0.14647200E+03  0.40680E+04
 0.14652200E+03  0.40900E+04
 0.14657199E+03  0.42180E+04
 0.14662199E+03  0.53450E+04
 0.14667200E+03  0.56710E+04
 0.14672200E+03  0.44190E+04
 0.14677200E+03  0.22600E+04
 0.14682199E+03 -0.86000E+03
 0.14687199E+03 -0.40760E+04
 0.14692200E+03 -0.45920E+04
 0.14697200E+03 -0.23570E+04
 0.14702200E+03 -0.72500E+03
 0.14707199E+03 -0.84500E+03
 0.14712199E+03 -0.27390E+04
 0.14717200E+03 -0.52090E+04
 0.14722200E+03 -0.58970E+04
 0.14727200E+03 -0.64550E+04
 0.14732199E+03 -0.88920E+04
 0.14737199E+03 -0.10182E+05
 0.14742200E+03 -0.82370E+04
 0.14747200E+03 -0.50600E+04
 0.14752200E+03 -0.19880E+04
 0.14757199E+03  0.29000E+02
 0.14762199E+03 -0.44000E+03
 0.14767200E+03 -0.23290E+04
 0.14772200E+03 -0.27450E+04
 0.14777200E+03 -0.10010E+04
 0.14782199E+03  0.10740E+04
 0.14787199E+03  0.25020E+04
 0.14792200E+03  0.30430E+04
 0.14797200E+03  0.18520E+04
 0.14802200E+03 -0.77600E+03
 0.14807199E+03 -0.25870E+04
 0.14812199E+03 -0.26030E+04
 0.14817200E+03 -0.25930E+04
 0.14822200E+03 -0.42780E+04
 0.14827200E+03 -0.77270E+04
 0.14832199E+03 -0.11190E+05
 0.14837199E+03 -0.12760E+05
 0.14842200E+03 -0.11148E+05
 0.14847200E+03 -0.70520E+04
 0.14852200E+03 -0.37490E+04
 0.14857199E+03 -0.25040E+04
 0.14862199E+03 -0.39040E+04
 0.14867200E+03 -0.68130E+04
 0.14872200E+03 -0.68300E+04
 0.14877200E+03 -0.37870E+04
 0.14882199E+03 -0.45300E+03
 0.14887199E+03  0.76000E+03
 0.14892200E+03 -0.84100E+03
 0.14897200E+03 -0.30460E+04
 0.14902200E+03 -0.54930E+04
 0.14907199E+03 -0.74020E+04
