-0.20000000E+01  0.92799E+04
-0.19500000E+01  0.96162E+04
-0.19000000E+01  0.99407E+04
-0.18500000E+01  0.10095E+05
-0.18000000E+01  0.10074E+05
-0.17500000E+01  0.10014E+05
-0.17000000E+01  0.97263E+04
-0.16500001E+01  0.93133E+04
-0.16000000E+01  0.87780E+04
-0.15500000E+01  0.81051E+04
-0.15000000E+01  0.72992E+04
-0.14500000E+01  0.62572E+04
-0.14000001E+01  0.49349E+04
-0.13500000E+01  0.34124E+04
-0.13000001E+01  0.17376E+04
-0.12500000E+01 -0.12846E+03
-0.12000000E+01 -0.19455E+04
-0.11500001E+01 -0.37682E+04
-0.11000000E+01 -0.55472E+04
-0.10500001E+01 -0.72516E+04
-0.10000000E+01 -0.88822E+04
-0.95000005E+00 -0.10243E+05
-0.90000010E+00 -0.11175E+05
-0.85000002E+00 -0.11643E+05
-0.80000007E+00 -0.11663E+05
-0.75000012E+00 -0.11227E+05
-0.70000005E+00 -0.10380E+05
-0.65000010E+00 -0.91770E+04
-0.60000014E+00 -0.76268E+04
-0.55000007E+00 -0.58013E+04
-0.50000012E+00 -0.39090E+04
-0.45000005E+00 -0.19910E+04
-0.40000010E+00 -0.19895E+03
-0.35000014E+00  0.13712E+04
-0.30000007E+00  0.27434E+04
-0.25000012E+00  0.38010E+04
-0.20000005E+00  0.46233E+04
-0.15000010E+00  0.53773E+04
-0.10000014E+00  0.60716E+04
-0.50000072E-01  0.68264E+04
-0.11920929E-06  0.76818E+04
 0.49999952E-01  0.86525E+04
 0.99999905E-01  0.97484E+04
 0.14999986E+00  0.10940E+05
 0.19999981E+00  0.12405E+05
 0.24999976E+00  0.14129E+05
 0.29999995E+00  0.15998E+05
 0.34999990E+00  0.17940E+05
 0.39999986E+00  0.19794E+05
 0.44999981E+00  0.21371E+05
 0.49999976E+00  0.22617E+05
 0.54999995E+00  0.23588E+05
 0.59999990E+00  0.24263E+05
 0.64999986E+00  0.24533E+05
 0.69999981E+00  0.24395E+05
 0.74999976E+00  0.23892E+05
 0.79999971E+00  0.23018E+05
 0.84999990E+00  0.21817E+05
 0.89999986E+00  0.20384E+05
 0.94999981E+00  0.18814E+05
 0.99999976E+00  0.17170E+05
 0.10499997E+01  0.15506E+05
 0.10999999E+01  0.13910E+05
 0.11499999E+01  0.12437E+05
 0.11999998E+01  0.11082E+05
 0.12499998E+01  0.98994E+04
 0.12999997E+01  0.88141E+04
 0.13499999E+01  0.77295E+04
 0.13999999E+01  0.65908E+04
 0.14499998E+01  0.53899E+04
 0.14999998E+01  0.39972E+04
 0.15499997E+01  0.23039E+04
 0.15999999E+01  0.21936E+03
 0.16499999E+01 -0.23094E+04
 0.16999998E+01 -0.50693E+04
 0.17499998E+01 -0.79581E+04
 0.17999997E+01 -0.10745E+05
 0.18499997E+01 -0.13261E+05
 0.18999999E+01 -0.15486E+05
 0.19499998E+01 -0.17334E+05
 0.19999998E+01 -0.18750E+05
 0.20499997E+01 -0.19737E+05
 0.20999999E+01 -0.20309E+05
 0.21499996E+01 -0.20448E+05
 0.21999998E+01 -0.20208E+05
 0.22499995E+01 -0.19632E+05
 0.22999997E+01 -0.18764E+05
 0.23499999E+01 -0.17828E+05
 0.23999996E+01 -0.16895E+05
 0.24499998E+01 -0.15914E+05
 0.24999995E+01 -0.14883E+05
 0.25499997E+01 -0.13770E+05
 0.25999999E+01 -0.12458E+05
 0.26499996E+01 -0.10798E+05
 0.26999998E+01 -0.88585E+04
 0.27499995E+01 -0.66611E+04
 0.27999997E+01 -0.42511E+04
 0.28499999E+01 -0.16266E+04
 0.28999996E+01  0.11428E+04
 0.29499998E+01  0.40082E+04
 0.29999995E+01  0.69536E+04
 0.30499997E+01  0.98241E+04
 0.30999999E+01  0.12558E+05
 0.31499996E+01  0.15076E+05
 0.31999998E+01  0.17305E+05
 0.32499995E+01  0.19093E+05
 0.32999997E+01  0.20429E+05
 0.33499999E+01  0.21178E+05
 0.33999996E+01  0.21302E+05
 0.34499998E+01  0.20928E+05
 0.34999995E+01  0.19976E+05
 0.35499997E+01  0.18521E+05
 0.35999994E+01  0.16638E+05
 0.36499996E+01  0.14357E+05
 0.36999998E+01  0.11718E+05
 0.37499995E+01  0.87460E+04
 0.37999997E+01  0.54911E+04
 0.38499994E+01  0.20169E+04
 0.38999996E+01 -0.14707E+04
 0.39499998E+01 -0.48202E+04
 0.39999995E+01 -0.79618E+04
 0.40499997E+01 -0.10687E+05
 0.40999994E+01 -0.12921E+05
 0.41499996E+01 -0.14639E+05
 0.41999998E+01 -0.15761E+05
 0.42499995E+01 -0.16252E+05
 0.42999997E+01 -0.16093E+05
 0.43499994E+01 -0.15220E+05
 0.43999996E+01 -0.13663E+05
 0.44499998E+01 -0.11692E+05
 0.44999995E+01 -0.94770E+04
 0.45499997E+01 -0.71386E+04
 0.45999994E+01 -0.49137E+04
 0.46499996E+01 -0.29632E+04
 0.46999998E+01 -0.13847E+04
 0.47499995E+01 -0.28025E+03
 0.47999997E+01  0.29963E+03
 0.48499994E+01  0.49644E+03
 0.48999996E+01  0.36347E+03
 0.49499998E+01 -0.58134E+02
 0.49999995E+01 -0.72044E+03
 0.50499997E+01 -0.15885E+04
 0.50999994E+01 -0.26210E+04
 0.51499996E+01 -0.37388E+04
 0.51999998E+01 -0.47652E+04
 0.52499995E+01 -0.58781E+04
 0.52999997E+01 -0.70988E+04
 0.53499994E+01 -0.83675E+04
 0.53999996E+01 -0.97019E+04
 0.54499993E+01 -0.10970E+05
 0.54999995E+01 -0.12024E+05
 0.55499997E+01 -0.12641E+05
 0.55999994E+01 -0.12855E+05
 0.56499996E+01 -0.12685E+05
 0.56999993E+01 -0.12176E+05
 0.57499995E+01 -0.11397E+05
 0.57999997E+01 -0.10488E+05
 0.58499994E+01 -0.95348E+04
 0.58999996E+01 -0.85951E+04
 0.59499993E+01 -0.78363E+04
 0.59999995E+01 -0.70859E+04
 0.60499992E+01 -0.64301E+04
 0.60999994E+01 -0.58157E+04
 0.61499996E+01 -0.51180E+04
 0.61999998E+01 -0.44461E+04
 0.62499990E+01 -0.36580E+04
 0.62999992E+01 -0.27930E+04
 0.63499994E+01 -0.18931E+04
 0.63999996E+01 -0.86697E+03
 0.64499998E+01  0.20746E+03
 0.64999990E+01  0.13368E+04
 0.65499992E+01  0.24771E+04
 0.65999994E+01  0.35536E+04
 0.66499996E+01  0.45964E+04
 0.66999998E+01  0.54655E+04
 0.67499990E+01  0.61183E+04
 0.67999992E+01  0.65339E+04
 0.68499994E+01  0.67332E+04
 0.68999996E+01  0.67832E+04
 0.69499998E+01  0.66874E+04
 0.69999990E+01  0.65462E+04
 0.70499992E+01  0.64731E+04
 0.70999994E+01  0.64588E+04
 0.71499996E+01  0.64181E+04
 0.71999998E+01  0.63238E+04
 0.72499990E+01  0.61569E+04
 0.72999992E+01  0.58387E+04
 0.73499994E+01  0.54043E+04
 0.73999996E+01  0.48600E+04
 0.74499998E+01  0.42497E+04
 0.74999990E+01  0.37085E+04
 0.75499992E+01  0.33498E+04
 0.75999994E+01  0.33549E+04
 0.76499996E+01  0.37221E+04
 0.76999998E+01  0.44654E+04
 0.77499990E+01  0.54754E+04
 0.77999992E+01  0.66485E+04
 0.78499994E+01  0.78469E+04
 0.78999996E+01  0.89746E+04
 0.79499998E+01  0.10062E+05
 0.79999990E+01  0.11018E+05
 0.80499992E+01  0.11939E+05
 0.80999994E+01  0.12850E+05
 0.81499996E+01  0.13765E+05
 0.81999998E+01  0.14655E+05
 0.82499990E+01  0.15403E+05
 0.82999992E+01  0.16025E+05
 0.83499994E+01  0.16435E+05
 0.83999996E+01  0.16645E+05
 0.84499998E+01  0.16673E+05
 0.84999990E+01  0.16360E+05
 0.85499992E+01  0.15745E+05
 0.85999994E+01  0.14860E+05
 0.86499996E+01  0.13708E+05
 0.86999998E+01  0.12412E+05
 0.87499990E+01  0.11075E+05
 0.87999992E+01  0.98418E+04
 0.88499994E+01  0.88013E+04
 0.88999996E+01  0.78985E+04
 0.89499998E+01  0.71174E+04
 0.89999990E+01  0.64788E+04
 0.90499992E+01  0.59218E+04
 0.90999994E+01  0.54678E+04
 0.91499996E+01  0.50846E+04
 0.91999989E+01  0.47506E+04
 0.92499990E+01  0.44876E+04
 0.92999992E+01  0.42005E+04
 0.93499994E+01  0.39323E+04
 0.93999996E+01  0.37324E+04
 0.94499989E+01  0.35761E+04
 0.94999990E+01  0.34286E+04
 0.95499992E+01  0.33573E+04
 0.95999994E+01  0.33655E+04
 0.96499996E+01  0.33306E+04
 0.96999989E+01  0.32694E+04
 0.97499990E+01  0.32161E+04
 0.97999992E+01  0.31482E+04
 0.98499994E+01  0.31290E+04
 0.98999996E+01  0.31666E+04
 0.99499989E+01  0.32094E+04
 0.99999990E+01  0.32556E+04
 0.10049999E+02  0.32135E+04
 0.10099999E+02  0.31964E+04
 0.10150000E+02  0.32323E+04
 0.10199999E+02  0.33000E+04
 0.10249999E+02  0.34892E+04
 0.10299999E+02  0.37280E+04
 0.10349999E+02  0.40197E+04
 0.10400000E+02  0.43439E+04
 0.10449999E+02  0.46605E+04
 0.10499999E+02  0.49097E+04
 0.10549999E+02  0.51116E+04
 0.10599999E+02  0.52754E+04
 0.10650000E+02  0.53903E+04
 0.10699999E+02  0.54258E+04
 0.10749999E+02  0.54323E+04
 0.10799999E+02  0.53296E+04
 0.10849999E+02  0.50232E+04
 0.10900000E+02  0.46460E+04
 0.10949999E+02  0.42063E+04
 0.10999999E+02  0.37843E+04
 0.11049999E+02  0.34503E+04
 0.11099999E+02  0.31559E+04
 0.11150000E+02  0.29548E+04
 0.11199999E+02  0.27953E+04
 0.11249999E+02  0.25885E+04
 0.11299999E+02  0.23364E+04
 0.11349999E+02  0.20252E+04
 0.11400000E+02  0.16879E+04
 0.11449999E+02  0.13802E+04
 0.11499999E+02  0.12688E+04
 0.11549999E+02  0.11404E+04
 0.11599999E+02  0.11464E+04
 0.11650000E+02  0.64107E+03
 0.11699999E+02 -0.19079E+03
 0.11749999E+02 -0.14388E+04
 0.11799999E+02 -0.22778E+04
 0.11849999E+02 -0.31643E+04
 0.11900000E+02 -0.42488E+04
 0.11949999E+02 -0.42935E+04
 0.11999999E+02 -0.45756E+04
 0.12049999E+02 -0.42176E+04
 0.12099999E+02 -0.43987E+04
 0.12150000E+02 -0.42063E+04
 0.12199999E+02 -0.49602E+04
 0.12249999E+02 -0.16060E+04
 0.12299999E+02 -0.93347E+02
 0.12349999E+02 -0.56118E+03
 0.12400000E+02 -0.28079E+05
 0.12449999E+02 -0.74551E+05
 0.12499999E+02 -0.13441E+06
 0.12549999E+02 -0.17898E+06
 0.12599999E+02 -0.16759E+06
 0.12649999E+02 -0.10970E+06
 0.12699999E+02 -0.64381E+04
 0.12749999E+02  0.81918E+05
 0.12799999E+02  0.85459E+05
 0.12849999E+02  0.14071E+05
 0.12899999E+02 -0.34381E+05
 0.12949999E+02 -0.91112E+05
 0.12999999E+02 -0.20095E+06
 0.13049999E+02 -0.21972E+06
 0.13099999E+02 -0.18510E+06
 0.13149999E+02 -0.20354E+06
 0.13199999E+02 -0.22432E+06
 0.13249999E+02 -0.52785E+06
 0.13299999E+02 -0.87710E+06
 0.13349999E+02 -0.77146E+06
 0.13399999E+02 -0.34795E+06
 0.13449999E+02 -0.10789E+06
 0.13499999E+02 -0.44243E+05
 0.13549999E+02 -0.14898E+05
 0.13599999E+02 -0.17573E+06
 0.13649999E+02 -0.37313E+05
 0.13699999E+02  0.43726E+06
 0.13749999E+02  0.31858E+06
 0.13799999E+02  0.14871E+06
 0.13849999E+02  0.23488E+06
 0.13899999E+02  0.30859E+05
 0.13949999E+02 -0.24257E+05
 0.13999999E+02  0.46803E+05
 0.14049999E+02  0.21613E+06
 0.14099998E+02  0.27406E+06
 0.14150000E+02  0.28662E+06
 0.14199999E+02  0.41871E+06
 0.14249998E+02  0.48442E+06
 0.14299999E+02  0.39022E+06
 0.14349998E+02  0.23380E+06
 0.14400000E+02  0.19257E+06
 0.14449999E+02  0.64616E+05
 0.14499998E+02  0.18813E+05
 0.14549999E+02  0.59176E+05
 0.14599998E+02 -0.11219E+06
 0.14650000E+02 -0.13464E+06
 0.14699999E+02 -0.22094E+06
 0.14749998E+02 -0.32559E+06
 0.14799999E+02 -0.28005E+06
 0.14849998E+02 -0.18151E+06
 0.14900000E+02 -0.16150E+06
 0.14949999E+02 -0.24234E+06
 0.14999998E+02 -0.11268E+06
 0.15049999E+02 -0.20296E+06
 0.15099998E+02 -0.27835E+06
 0.15150000E+02 -0.21013E+06
 0.15199999E+02 -0.25067E+06
 0.15249998E+02 -0.29026E+06
 0.15299999E+02 -0.14883E+06
 0.15349998E+02  0.24548E+06
 0.15400000E+02  0.43036E+06
 0.15449999E+02  0.33696E+06
 0.15499998E+02  0.21784E+06
 0.15549999E+02 -0.11962E+06
 0.15599998E+02 -0.21713E+06
 0.15650000E+02 -0.39734E+05
 0.15699999E+02 -0.42829E+05
 0.15749998E+02 -0.13045E+06
 0.15799999E+02 -0.36735E+05
 0.15849998E+02 -0.72730E+05
 0.15900000E+02  0.63587E+05
 0.15949999E+02  0.32918E+06
 0.15999998E+02  0.36859E+06
 0.16049999E+02  0.34760E+06
 0.16099998E+02  0.28188E+06
 0.16150000E+02  0.45982E+06
 0.16199999E+02  0.61943E+06
 0.16249998E+02  0.63043E+06
 0.16299999E+02  0.45108E+06
 0.16349998E+02  0.39113E+06
 0.16400000E+02  0.13390E+06
 0.16449999E+02  0.35491E+04
 0.16499998E+02  0.22281E+06
 0.16549999E+02 -0.90084E+05
 0.16599998E+02 -0.24000E+06
 0.16650000E+02 -0.29027E+06
 0.16699999E+02 -0.44824E+06
 0.16749998E+02 -0.29684E+06
 0.16799999E+02 -0.20943E+06
 0.16849998E+02 -0.99549E+05
 0.16900000E+02 -0.15237E+05
 0.16949999E+02  0.80601E+05
 0.16999998E+02  0.13755E+06
 0.17049999E+02  0.12234E+06
 0.17099998E+02  0.22509E+06
 0.17150000E+02  0.11787E+06
 0.17199999E+02 -0.16391E+06
 0.17249998E+02 -0.94068E+05
 0.17299999E+02 -0.63933E+05
 0.17349998E+02 -0.16026E+06
 0.17400000E+02  0.83082E+05
 0.17449999E+02  0.12521E+06
 0.17499998E+02  0.47328E+05
 0.17549999E+02  0.12737E+06
 0.17599998E+02  0.16143E+06
 0.17650000E+02  0.19107E+06
 0.17699999E+02  0.15675E+06
 0.17749998E+02  0.21123E+06
 0.17799999E+02  0.10967E+06
 0.17849998E+02  0.19955E+05
 0.17900000E+02 -0.68004E+05
 0.17949999E+02 -0.18122E+06
 0.17999998E+02 -0.61475E+05
 0.18049999E+02 -0.17034E+06
 0.18099998E+02 -0.25670E+06
 0.18150000E+02 -0.11709E+06
 0.18199999E+02  0.17741E+05
 0.18249998E+02  0.91086E+05
 0.18299999E+02  0.12693E+06
 0.18349998E+02  0.23631E+06
 0.18400000E+02  0.29351E+06
 0.18449999E+02  0.19411E+06
 0.18499998E+02  0.31875E+06
 0.18549999E+02  0.48652E+06
 0.18599998E+02  0.52330E+06
 0.18650000E+02  0.49015E+06
 0.18699999E+02  0.49030E+06
 0.18749998E+02  0.44032E+06
 0.18799999E+02  0.19699E+06
 0.18849998E+02  0.10668E+06
 0.18900000E+02  0.12038E+06
 0.18949999E+02  0.36372E+05
 0.18999998E+02 -0.17588E+06
 0.19049999E+02 -0.29183E+06
 0.19099998E+02 -0.24153E+06
 0.19150000E+02 -0.20487E+06
 0.19199999E+02 -0.84419E+05
 0.19249998E+02  0.97401E+05
 0.19299999E+02  0.20192E+06
 0.19349998E+02  0.27282E+06
 0.19400000E+02  0.33969E+06
 0.19449999E+02  0.39054E+06
 0.19499998E+02  0.56662E+06
 0.19549999E+02  0.65347E+06
 0.19599998E+02  0.64741E+06
 0.19650000E+02  0.63864E+06
 0.19699999E+02  0.56827E+06
 0.19749998E+02  0.52040E+06
 0.19799999E+02  0.39498E+06
 0.19849998E+02  0.28041E+06
 0.19900000E+02  0.15011E+06
 0.19949999E+02 -0.11225E+05
 0.19999998E+02 -0.15674E+06
 0.20049999E+02 -0.12174E+06
 0.20099998E+02 -0.66373E+05
 0.20150000E+02 -0.37079E+05
 0.20199999E+02  0.22865E+06
 0.20249998E+02  0.67114E+06
 0.20299999E+02  0.50015E+06
 0.20349998E+02  0.95058E+05
 0.20399998E+02 -0.29166E+06
 0.20449999E+02 -0.96204E+06
 0.20499998E+02 -0.12043E+07
 0.20549999E+02 -0.14632E+07
 0.20599998E+02 -0.14265E+07
 0.20649998E+02 -0.12438E+07
 0.20699999E+02 -0.15090E+07
 0.20749998E+02 -0.24512E+07
 0.20799999E+02 -0.31896E+07
 0.20849998E+02 -0.24453E+07
 0.20899998E+02 -0.15118E+07
 0.20949999E+02 -0.80583E+06
 0.20999998E+02  0.34346E+06
 0.21049999E+02  0.90811E+06
 0.21099998E+02  0.86661E+06
 0.21149998E+02  0.10919E+07
 0.21199999E+02  0.82876E+06
 0.21249998E+02  0.14605E+07
 0.21299999E+02  0.24694E+07
 0.21349998E+02  0.31266E+07
 0.21399998E+02  0.26645E+07
 0.21449999E+02  0.20371E+07
 0.21499998E+02  0.20257E+07
 0.21549999E+02  0.22124E+06
 0.21599998E+02 -0.46080E+06
 0.21649998E+02 -0.33286E+06
 0.21699999E+02 -0.13922E+07
 0.21749998E+02 -0.17213E+07
 0.21799999E+02 -0.15581E+07
 0.21849998E+02 -0.21855E+07
 0.21899998E+02 -0.20598E+07
 0.21949999E+02 -0.95217E+06
 0.21999998E+02  0.15273E+06
 0.22049999E+02  0.40002E+06
 0.22099998E+02  0.11825E+07
 0.22149998E+02  0.20188E+07
 0.22199999E+02  0.17363E+07
 0.22249998E+02  0.17732E+07
 0.22299999E+02  0.17282E+07
 0.22349998E+02  0.15719E+07
 0.22399998E+02  0.11781E+07
 0.22449999E+02  0.12073E+07
 0.22499998E+02  0.93219E+06
 0.22549999E+02  0.11111E+07
 0.22599998E+02  0.13469E+07
 0.22649998E+02  0.10393E+07
 0.22699999E+02  0.97816E+06
 0.22749998E+02  0.57608E+06
 0.22799999E+02  0.24466E+05
 0.22849998E+02 -0.68503E+06
 0.22899998E+02 -0.98091E+06
 0.22949999E+02 -0.72911E+06
 0.22999998E+02  0.23335E+06
 0.23049999E+02  0.75904E+06
 0.23099998E+02  0.11300E+07
 0.23149998E+02  0.15801E+07
 0.23199999E+02  0.85285E+06
 0.23249998E+02  0.52245E+06
 0.23299999E+02  0.40118E+06
 0.23349998E+02  0.36729E+04
 0.23399998E+02 -0.10648E+06
 0.23449999E+02 -0.34893E+06
 0.23499998E+02 -0.90038E+05
 0.23549999E+02  0.23004E+06
 0.23599998E+02  0.65511E+06
 0.23649998E+02  0.12376E+07
 0.23699999E+02  0.13893E+07
 0.23749998E+02  0.18889E+07
 0.23799999E+02  0.23767E+07
 0.23849998E+02  0.19428E+07
 0.23899998E+02  0.14474E+07
 0.23949999E+02  0.12412E+07
 0.23999998E+02  0.12506E+07
 0.24049999E+02  0.11060E+07
 0.24099998E+02  0.90296E+06
 0.24149998E+02  0.12923E+07
 0.24199999E+02  0.12808E+07
 0.24249998E+02  0.10548E+07
 0.24299999E+02  0.97811E+06
 0.24349998E+02  0.70650E+06
 0.24399998E+02  0.35894E+06
 0.24449999E+02  0.83638E+05
 0.24499998E+02  0.91734E+05
 0.24549999E+02  0.43450E+06
 0.24599998E+02  0.52975E+06
 0.24649998E+02  0.90281E+06
 0.24699999E+02  0.17817E+07
 0.24749998E+02  0.21044E+07
 0.24799999E+02  0.23652E+07
 0.24849998E+02  0.28808E+07
 0.24899998E+02  0.29717E+07
 0.24949999E+02  0.26441E+07
 0.24999998E+02  0.22883E+07
 0.25049999E+02  0.16485E+07
 0.25099998E+02  0.10225E+07
 0.25149998E+02  0.68108E+06
 0.25199999E+02  0.60641E+06
 0.25249998E+02  0.73455E+06
 0.25299999E+02  0.76655E+06
 0.25349998E+02  0.95680E+06
 0.25399998E+02  0.10347E+07
 0.25449999E+02  0.80269E+06
 0.25499998E+02  0.71472E+06
 0.25549999E+02  0.75004E+06
 0.25599998E+02  0.71138E+06
 0.25649998E+02  0.87665E+06
 0.25699999E+02  0.10566E+07
 0.25749998E+02  0.12512E+07
 0.25799999E+02  0.15797E+07
 0.25849998E+02  0.17757E+07
 0.25899998E+02  0.17550E+07
 0.25949999E+02  0.17114E+07
 0.25999998E+02  0.16631E+07
 0.26049999E+02  0.17580E+07
 0.26099998E+02  0.18406E+07
 0.26149998E+02  0.18797E+07
 0.26199999E+02  0.21826E+07
 0.26249998E+02  0.23190E+07
 0.26299999E+02  0.24787E+07
 0.26349998E+02  0.27643E+07
 0.26399998E+02  0.27638E+07
 0.26449999E+02  0.23667E+07
 0.26499998E+02  0.20036E+07
 0.26549999E+02  0.16493E+07
 0.26599998E+02  0.12326E+07
 0.26649998E+02  0.84483E+06
 0.26699999E+02  0.38843E+06
 0.26749998E+02  0.21444E+06
 0.26799999E+02  0.25109E+06
 0.26849998E+02  0.38787E+06
 0.26899998E+02  0.58830E+06
 0.26949999E+02  0.64699E+06
 0.26999998E+02  0.65924E+06
 0.27049997E+02  0.71651E+06
 0.27099998E+02  0.83503E+06
 0.27149998E+02  0.78451E+06
 0.27199999E+02  0.73816E+06
 0.27249998E+02  0.91497E+06
 0.27299997E+02  0.10517E+07
 0.27349998E+02  0.12028E+07
 0.27399998E+02  0.14019E+07
 0.27449999E+02  0.15557E+07
 0.27499998E+02  0.14984E+07
 0.27549997E+02  0.14763E+07
 0.27599998E+02  0.14459E+07
 0.27649998E+02  0.14506E+07
 0.27699999E+02  0.14784E+07
 0.27749998E+02  0.14454E+07
 0.27799997E+02  0.14457E+07
 0.27849998E+02  0.13719E+07
 0.27899998E+02  0.15207E+07
 0.27949999E+02  0.17197E+07
 0.27999998E+02  0.18576E+07
 0.28049997E+02  0.18330E+07
 0.28099998E+02  0.16708E+07
 0.28149998E+02  0.15759E+07
 0.28199999E+02  0.16164E+07
 0.28249998E+02  0.17134E+07
 0.28299997E+02  0.16450E+07
 0.28349998E+02  0.15903E+07
 0.28399998E+02  0.16659E+07
 0.28449999E+02  0.15857E+07
 0.28499998E+02  0.13893E+07
 0.28549997E+02  0.12386E+07
 0.28599998E+02  0.11276E+07
 0.28649998E+02  0.88903E+06
 0.28699999E+02  0.59506E+06
 0.28749998E+02  0.49549E+06
 0.28799997E+02  0.36348E+06
 0.28849998E+02  0.19892E+06
 0.28899998E+02 -0.12769E+06
 0.28949999E+02 -0.25435E+06
 0.28999998E+02 -0.29383E+06
 0.29049997E+02 -0.40244E+06
 0.29099998E+02 -0.49346E+06
 0.29149998E+02 -0.68760E+06
 0.29199999E+02 -0.70977E+06
 0.29249998E+02 -0.76729E+06
 0.29299997E+02 -0.75761E+06
 0.29349998E+02 -0.64003E+06
 0.29399998E+02 -0.53146E+06
 0.29449999E+02 -0.47865E+06
 0.29499998E+02 -0.47289E+06
 0.29549997E+02 -0.33811E+06
 0.29599998E+02 -0.31247E+06
 0.29649998E+02 -0.31562E+06
 0.29699999E+02 -0.14397E+06
 0.29749998E+02  0.35079E+05
 0.29799997E+02  0.22537E+06
 0.29849998E+02  0.21464E+06
 0.29899998E+02  0.22110E+06
 0.29949999E+02  0.36233E+06
 0.29999998E+02  0.31693E+06
 0.30049999E+02  0.25967E+06
 0.30099998E+02  0.27913E+06
 0.30149998E+02  0.26422E+06
 0.30199997E+02  0.28390E+06
 0.30249996E+02  0.34112E+06
 0.30299999E+02  0.44829E+06
 0.30349998E+02  0.54337E+06
 0.30399998E+02  0.51642E+06
 0.30449997E+02  0.53150E+06
 0.30499996E+02  0.56425E+06
 0.30549999E+02  0.46057E+06
 0.30599998E+02  0.29964E+06
 0.30649998E+02  0.24650E+06
 0.30699997E+02  0.24201E+06
 0.30749996E+02  0.12082E+06
 0.30799999E+02  0.98388E+05
 0.30849998E+02  0.20855E+06
 0.30899998E+02  0.17128E+06
 0.30949997E+02  0.54627E+05
 0.30999996E+02  0.42164E+05
 0.31049999E+02  0.86717E+05
 0.31099998E+02  0.17328E+06
 0.31149998E+02  0.41438E+06
 0.31199997E+02  0.52834E+06
 0.31249996E+02  0.57939E+06
 0.31299999E+02  0.72821E+06
 0.31349998E+02  0.81788E+06
 0.31399998E+02  0.87732E+06
 0.31449997E+02  0.80671E+06
 0.31499996E+02  0.68709E+06
 0.31549999E+02  0.52125E+06
 0.31599998E+02  0.39484E+06
 0.31649998E+02  0.25947E+06
 0.31699997E+02  0.49057E+05
 0.31749996E+02 -0.13483E+06
 0.31799999E+02 -0.37076E+06
 0.31849998E+02 -0.53702E+06
 0.31899998E+02 -0.62321E+06
 0.31949997E+02 -0.62509E+06
 0.31999996E+02 -0.58031E+06
 0.32049999E+02 -0.58825E+06
 0.32099998E+02 -0.61719E+06
 0.32149998E+02 -0.61496E+06
 0.32199997E+02 -0.63531E+06
 0.32249996E+02 -0.59872E+06
 0.32299999E+02 -0.44844E+06
 0.32349998E+02 -0.31720E+06
 0.32399998E+02 -0.27339E+06
 0.32449997E+02 -0.21627E+06
 0.32499996E+02 -0.12532E+06
 0.32549999E+02 -0.89956E+04
 0.32599998E+02  0.10607E+06
 0.32649998E+02  0.21529E+06
 0.32699997E+02  0.25501E+06
 0.32749996E+02  0.16387E+06
 0.32799999E+02  0.17744E+06
 0.32849998E+02  0.18067E+06
 0.32899998E+02  0.15011E+06
 0.32949997E+02  0.15737E+06
 0.32999996E+02  0.14505E+06
 0.33049999E+02  0.20738E+06
 0.33099998E+02  0.35809E+06
 0.33149998E+02  0.49056E+06
 0.33199997E+02  0.71403E+06
 0.33249996E+02  0.93335E+06
 0.33299999E+02  0.10547E+07
 0.33349998E+02  0.12604E+07
 0.33399998E+02  0.14754E+07
 0.33449997E+02  0.16413E+07
 0.33499996E+02  0.17706E+07
 0.33549999E+02  0.18561E+07
 0.33599998E+02  0.18127E+07
 0.33649998E+02  0.16837E+07
 0.33699997E+02  0.15082E+07
 0.33749996E+02  0.13988E+07
 0.33799999E+02  0.13386E+07
 0.33849998E+02  0.12347E+07
 0.33899998E+02  0.11201E+07
 0.33949997E+02  0.93787E+06
 0.33999996E+02  0.68489E+06
 0.34049999E+02  0.43408E+06
 0.34099998E+02  0.19365E+06
 0.34149998E+02 -0.15403E+06
 0.34199997E+02 -0.44942E+06
 0.34249996E+02 -0.77264E+06
 0.34299999E+02 -0.10844E+07
 0.34349998E+02 -0.12242E+07
 0.34399998E+02 -0.13282E+07
 0.34449997E+02 -0.12585E+07
 0.34499996E+02 -0.11398E+07
 0.34549999E+02 -0.10139E+07
 0.34599998E+02 -0.86101E+06
 0.34649998E+02 -0.79585E+06
 0.34699997E+02 -0.72847E+06
 0.34749996E+02 -0.61626E+06
 0.34799999E+02 -0.44648E+06
 0.34849998E+02 -0.23195E+06
 0.34899998E+02 -0.53667E+04
 0.34949997E+02  0.27074E+06
 0.34999996E+02  0.51444E+06
 0.35049999E+02  0.70877E+06
 0.35099998E+02  0.83699E+06
 0.35149998E+02  0.86281E+06
 0.35199997E+02  0.89156E+06
 0.35249996E+02  0.85547E+06
 0.35299999E+02  0.79502E+06
 0.35349998E+02  0.71795E+06
 0.35399998E+02  0.62081E+06
 0.35449997E+02  0.50204E+06
 0.35499996E+02  0.40728E+06
 0.35549999E+02  0.30590E+06
 0.35599998E+02  0.23721E+06
 0.35649998E+02  0.28358E+06
 0.35699997E+02  0.33315E+06
 0.35749996E+02  0.41548E+06
 0.35799999E+02  0.53634E+06
 0.35849998E+02  0.68755E+06
 0.35899998E+02  0.77398E+06
 0.35949997E+02  0.83213E+06
 0.35999996E+02  0.96391E+06
 0.36049999E+02  0.11135E+07
 0.36099998E+02  0.11791E+07
 0.36149998E+02  0.12050E+07
 0.36199997E+02  0.12613E+07
 0.36249996E+02  0.12520E+07
 0.36299999E+02  0.11606E+07
 0.36349998E+02  0.10414E+07
 0.36399998E+02  0.91775E+06
 0.36449997E+02  0.70146E+06
 0.36499996E+02  0.44524E+06
 0.36549999E+02  0.26349E+06
 0.36599998E+02  0.11126E+06
 0.36649998E+02  0.22401E+05
 0.36699997E+02 -0.18881E+05
 0.36749996E+02 -0.67994E+05
 0.36799999E+02 -0.84800E+05
 0.36849998E+02 -0.81926E+05
 0.36899998E+02 -0.19692E+05
 0.36949997E+02  0.40239E+05
 0.36999996E+02  0.53201E+05
 0.37049999E+02  0.61718E+05
 0.37099998E+02  0.99574E+04
 0.37149998E+02 -0.28315E+05
 0.37199997E+02 -0.26662E+05
 0.37249996E+02  0.58250E+05
 0.37299999E+02  0.92160E+05
 0.37349998E+02  0.54645E+05
 0.37399998E+02  0.64844E+05
 0.37449997E+02 -0.32673E+04
 0.37499996E+02 -0.96529E+05
 0.37549999E+02 -0.18194E+06
 0.37599998E+02 -0.24488E+06
 0.37649998E+02 -0.29786E+06
 0.37699997E+02 -0.31981E+06
 0.37749996E+02 -0.32933E+06
 0.37799999E+02 -0.35123E+06
 0.37849998E+02 -0.32558E+06
 0.37899998E+02 -0.27447E+06
 0.37949997E+02 -0.16833E+06
 0.37999996E+02  0.51144E+04
 0.38049999E+02  0.20536E+06
 0.38099998E+02  0.36120E+06
 0.38149998E+02  0.47001E+06
 0.38199997E+02  0.52898E+06
 0.38249996E+02  0.50086E+06
 0.38299999E+02  0.43052E+06
 0.38349998E+02  0.44178E+06
 0.38399998E+02  0.49649E+06
 0.38449997E+02  0.56075E+06
 0.38499996E+02  0.66216E+06
 0.38549999E+02  0.75977E+06
 0.38599998E+02  0.82941E+06
 0.38649998E+02  0.91518E+06
 0.38699997E+02  0.10143E+07
 0.38749996E+02  0.10361E+07
 0.38799999E+02  0.99820E+06
 0.38849998E+02  0.89320E+06
 0.38899998E+02  0.72728E+06
 0.38949997E+02  0.49984E+06
 0.38999996E+02  0.29028E+06
 0.39049999E+02  0.12632E+06
 0.39099998E+02 -0.67652E+05
 0.39149998E+02 -0.19986E+06
 0.39199997E+02 -0.27691E+06
 0.39249996E+02 -0.30403E+06
 0.39299999E+02 -0.32227E+06
 0.39349998E+02 -0.33492E+06
 0.39399998E+02 -0.24898E+06
 0.39449997E+02 -0.20818E+06
 0.39499996E+02 -0.14539E+06
 0.39549999E+02 -0.77637E+04
 0.39599998E+02  0.14130E+06
 0.39649998E+02  0.28734E+06
 0.39699997E+02  0.39555E+06
 0.39749996E+02  0.48216E+06
 0.39799999E+02  0.50844E+06
 0.39849998E+02  0.52822E+06
 0.39899998E+02  0.51982E+06
 0.39949997E+02  0.48352E+06
 0.39999996E+02  0.48262E+06
 0.40049999E+02  0.46174E+06
 0.40099998E+02  0.43769E+06
 0.40149998E+02  0.43732E+06
 0.40199997E+02  0.38677E+06
 0.40249996E+02  0.30187E+06
 0.40299999E+02  0.20582E+06
 0.40349998E+02  0.84545E+05
 0.40399998E+02 -0.45429E+05
 0.40449997E+02 -0.18731E+06
 0.40499996E+02 -0.34362E+06
 0.40549999E+02 -0.45673E+06
 0.40599998E+02 -0.55585E+06
 0.40649998E+02 -0.64234E+06
 0.40699997E+02 -0.69640E+06
 0.40749996E+02 -0.76680E+06
 0.40799999E+02 -0.80377E+06
 0.40849998E+02 -0.74197E+06
 0.40899998E+02 -0.65201E+06
 0.40949997E+02 -0.62005E+06
 0.40999996E+02 -0.54192E+06
 0.41049999E+02 -0.41242E+06
 0.41099998E+02 -0.31619E+06
 0.41149998E+02 -0.20441E+06
 0.41199997E+02 -0.92558E+04
 0.41249996E+02  0.16524E+06
 0.41299999E+02  0.30296E+06
 0.41349998E+02  0.44820E+06
 0.41399998E+02  0.60857E+06
 0.41449997E+02  0.75447E+06
 0.41499996E+02  0.85247E+06
 0.41549999E+02  0.94754E+06
 0.41599998E+02  0.99700E+06
 0.41649998E+02  0.99782E+06
 0.41699997E+02  0.96094E+06
 0.41749996E+02  0.89603E+06
 0.41799999E+02  0.80781E+06
 0.41849998E+02  0.68717E+06
 0.41899998E+02  0.54814E+06
 0.41949997E+02  0.43975E+06
 0.41999996E+02  0.35708E+06
 0.42049999E+02  0.29399E+06
 0.42099998E+02  0.25505E+06
 0.42149998E+02  0.21801E+06
 0.42199997E+02  0.16361E+06
 0.42249996E+02  0.12929E+06
 0.42299999E+02  0.10247E+06
 0.42349998E+02  0.38232E+05
 0.42399998E+02 -0.15382E+05
 0.42449997E+02 -0.41815E+05
 0.42499996E+02 -0.90354E+05
 0.42549999E+02 -0.18246E+06
 0.42599998E+02 -0.24027E+06
 0.42649998E+02 -0.27041E+06
 0.42699997E+02 -0.33959E+06
 0.42749996E+02 -0.41184E+06
 0.42799995E+02 -0.44336E+06
 0.42849998E+02 -0.49491E+06
 0.42899998E+02 -0.53842E+06
 0.42949997E+02 -0.53687E+06
 0.42999996E+02 -0.53535E+06
 0.43049995E+02 -0.51994E+06
 0.43099998E+02 -0.49524E+06
 0.43149998E+02 -0.50852E+06
 0.43199997E+02 -0.57567E+06
 0.43249996E+02 -0.64513E+06
 0.43299995E+02 -0.70594E+06
 0.43349998E+02 -0.71744E+06
 0.43399998E+02 -0.66203E+06
 0.43449997E+02 -0.54202E+06
 0.43499996E+02 -0.40051E+06
 0.43549995E+02 -0.29641E+06
 0.43599998E+02 -0.18785E+06
 0.43649998E+02 -0.90286E+05
 0.43699997E+02  0.65321E+04
 0.43749996E+02  0.10055E+06
 0.43799995E+02  0.17829E+06
 0.43849998E+02  0.26760E+06
 0.43899998E+02  0.34968E+06
 0.43949997E+02  0.39535E+06
 0.43999996E+02  0.44830E+06
 0.44049995E+02  0.50620E+06
 0.44099998E+02  0.53844E+06
 0.44149998E+02  0.58034E+06
 0.44199997E+02  0.60218E+06
 0.44249996E+02  0.60412E+06
 0.44299995E+02  0.58706E+06
 0.44349998E+02  0.48729E+06
 0.44399998E+02  0.38407E+06
 0.44449997E+02  0.27067E+06
 0.44499996E+02  0.13289E+06
 0.44549995E+02  0.17662E+05
 0.44599998E+02 -0.97374E+05
 0.44649998E+02 -0.16298E+06
 0.44699997E+02 -0.21483E+06
 0.44749996E+02 -0.26131E+06
 0.44799995E+02 -0.28098E+06
 0.44849998E+02 -0.27652E+06
 0.44899998E+02 -0.26030E+06
 0.44949997E+02 -0.25240E+06
 0.44999996E+02 -0.25273E+06
 0.45049995E+02 -0.26449E+06
 0.45099998E+02 -0.25076E+06
 0.45149998E+02 -0.21290E+06
 0.45199997E+02 -0.15897E+06
 0.45249996E+02 -0.98923E+05
 0.45299995E+02 -0.19692E+05
 0.45349998E+02  0.59850E+05
 0.45399998E+02  0.12064E+06
 0.45449997E+02  0.16115E+06
 0.45499996E+02  0.17551E+06
 0.45549995E+02  0.17133E+06
 0.45599998E+02  0.15042E+06
 0.45649998E+02  0.14065E+06
 0.45699997E+02  0.14334E+06
 0.45749996E+02  0.15124E+06
 0.45799995E+02  0.15661E+06
 0.45849998E+02  0.16765E+06
 0.45899998E+02  0.19268E+06
 0.45949997E+02  0.22329E+06
 0.45999996E+02  0.24814E+06
 0.46049995E+02  0.23627E+06
 0.46099998E+02  0.20484E+06
 0.46149998E+02  0.17780E+06
 0.46199997E+02  0.13490E+06
 0.46249996E+02  0.59602E+05
 0.46299995E+02 -0.20364E+05
 0.46349998E+02 -0.79454E+05
 0.46399998E+02 -0.12359E+06
 0.46449997E+02 -0.14021E+06
 0.46499996E+02 -0.14893E+06
 0.46549995E+02 -0.15002E+06
 0.46599998E+02 -0.16527E+06
 0.46649998E+02 -0.19858E+06
 0.46699997E+02 -0.23649E+06
 0.46749996E+02 -0.29192E+06
 0.46799995E+02 -0.35492E+06
 0.46849998E+02 -0.41196E+06
 0.46899998E+02 -0.45959E+06
 0.46949997E+02 -0.49398E+06
 0.46999996E+02 -0.50463E+06
 0.47049995E+02 -0.51377E+06
 0.47099998E+02 -0.52977E+06
 0.47149998E+02 -0.54636E+06
 0.47199997E+02 -0.54762E+06
 0.47249996E+02 -0.55470E+06
 0.47299995E+02 -0.56323E+06
 0.47349998E+02 -0.57447E+06
 0.47399998E+02 -0.60125E+06
 0.47449997E+02 -0.60797E+06
 0.47499996E+02 -0.58295E+06
 0.47549995E+02 -0.51580E+06
 0.47599998E+02 -0.42092E+06
 0.47649998E+02 -0.32953E+06
 0.47699997E+02 -0.22311E+06
 0.47749996E+02 -0.88011E+05
 0.47799995E+02  0.38842E+05
 0.47849998E+02  0.15438E+06
 0.47899998E+02  0.30123E+06
 0.47949997E+02  0.42092E+06
 0.47999996E+02  0.47997E+06
 0.48049995E+02  0.54562E+06
 0.48099998E+02  0.59647E+06
 0.48149998E+02  0.62107E+06
 0.48199997E+02  0.64339E+06
 0.48249996E+02  0.65587E+06
 0.48299995E+02  0.66617E+06
 0.48349998E+02  0.64981E+06
 0.48399998E+02  0.59289E+06
 0.48449997E+02  0.53779E+06
 0.48499996E+02  0.47296E+06
 0.48549995E+02  0.40577E+06
 0.48599998E+02  0.36024E+06
 0.48649998E+02  0.31320E+06
 0.48699997E+02  0.24932E+06
 0.48749996E+02  0.17571E+06
 0.48799995E+02  0.10491E+06
 0.48849998E+02  0.23315E+05
 0.48899998E+02 -0.77650E+05
 0.48949997E+02 -0.17000E+06
 0.48999996E+02 -0.24207E+06
 0.49049995E+02 -0.30886E+06
 0.49099998E+02 -0.37566E+06
 0.49149998E+02 -0.45185E+06
 0.49199997E+02 -0.52053E+06
 0.49249996E+02 -0.55999E+06
 0.49299995E+02 -0.57636E+06
 0.49349998E+02 -0.56176E+06
 0.49399998E+02 -0.52452E+06
 0.49449997E+02 -0.50268E+06
 0.49499996E+02 -0.49862E+06
 0.49549995E+02 -0.49186E+06
 0.49599998E+02 -0.49310E+06
 0.49649998E+02 -0.50180E+06
 0.49699997E+02 -0.49814E+06
 0.49749996E+02 -0.48823E+06
 0.49799995E+02 -0.46428E+06
 0.49849998E+02 -0.43810E+06
 0.49899998E+02 -0.41637E+06
 0.49949997E+02 -0.39661E+06
 0.49999996E+02 -0.37647E+06
 0.50049995E+02 -0.34279E+06
 0.50099998E+02 -0.30251E+06
 0.50149998E+02 -0.25423E+06
 0.50199997E+02 -0.20477E+06
 0.50249996E+02 -0.15477E+06
 0.50299995E+02 -0.10796E+06
 0.50349998E+02 -0.76978E+05
 0.50399998E+02 -0.45972E+05
 0.50449997E+02 -0.13207E+05
 0.50499996E+02 -0.34447E+04
 0.50549995E+02 -0.84382E+04
 0.50599998E+02 -0.19945E+05
 0.50649998E+02 -0.57443E+05
 0.50699997E+02 -0.10519E+06
 0.50749996E+02 -0.13704E+06
 0.50799995E+02 -0.14782E+06
 0.50849998E+02 -0.14056E+06
 0.50899998E+02 -0.13133E+06
 0.50949997E+02 -0.11466E+06
 0.50999996E+02 -0.84966E+05
 0.51049995E+02 -0.54222E+05
 0.51099998E+02 -0.30909E+05
 0.51149998E+02 -0.26472E+04
 0.51199997E+02  0.21915E+05
 0.51249996E+02  0.27447E+05
 0.51299995E+02  0.28319E+05
 0.51349998E+02  0.29385E+05
 0.51399998E+02  0.76386E+04
 0.51449997E+02 -0.53442E+05
 0.51499996E+02 -0.11408E+06
 0.51549995E+02 -0.17975E+06
 0.51599998E+02 -0.24804E+06
 0.51649998E+02 -0.29827E+06
 0.51699997E+02 -0.34205E+06
 0.51749996E+02 -0.36215E+06
 0.51799995E+02 -0.36723E+06
 0.51849998E+02 -0.36651E+06
 0.51899998E+02 -0.34189E+06
 0.51949997E+02 -0.30216E+06
 0.51999996E+02 -0.27490E+06
 0.52049995E+02 -0.24073E+06
 0.52099998E+02 -0.20831E+06
 0.52149998E+02 -0.19956E+06
 0.52199997E+02 -0.21035E+06
 0.52249996E+02 -0.24024E+06
 0.52299995E+02 -0.27318E+06
 0.52349998E+02 -0.30831E+06
 0.52399998E+02 -0.34119E+06
 0.52449997E+02 -0.36164E+06
 0.52499996E+02 -0.36952E+06
 0.52549995E+02 -0.38110E+06
 0.52599998E+02 -0.39275E+06
 0.52649998E+02 -0.39271E+06
 0.52699997E+02 -0.38246E+06
 0.52749996E+02 -0.35374E+06
 0.52799995E+02 -0.32186E+06
 0.52849998E+02 -0.29569E+06
 0.52899998E+02 -0.24689E+06
 0.52949997E+02 -0.18037E+06
 0.52999996E+02 -0.10967E+06
 0.53049995E+02 -0.46542E+05
 0.53099998E+02  0.12966E+05
 0.53149998E+02  0.88059E+05
 0.53199997E+02  0.13351E+06
 0.53249996E+02  0.15318E+06
 0.53299995E+02  0.15091E+06
 0.53349998E+02  0.12779E+06
 0.53399998E+02  0.10174E+06
 0.53449997E+02  0.57049E+05
 0.53499996E+02  0.17200E+05
 0.53549995E+02 -0.20251E+05
 0.53599998E+02 -0.50405E+05
 0.53649998E+02 -0.81712E+05
 0.53699997E+02 -0.12150E+06
 0.53749996E+02 -0.14997E+06
 0.53799995E+02 -0.17957E+06
 0.53849998E+02 -0.20502E+06
 0.53899998E+02 -0.24577E+06
 0.53949997E+02 -0.31402E+06
 0.53999996E+02 -0.37599E+06
 0.54049995E+02 -0.41142E+06
 0.54099998E+02 -0.42618E+06
 0.54149998E+02 -0.42626E+06
 0.54199997E+02 -0.41841E+06
 0.54249996E+02 -0.40076E+06
 0.54299995E+02 -0.36861E+06
 0.54349998E+02 -0.33312E+06
 0.54399998E+02 -0.29636E+06
 0.54449997E+02 -0.25172E+06
 0.54499996E+02 -0.19728E+06
 0.54549995E+02 -0.15526E+06
 0.54599998E+02 -0.12618E+06
 0.54649998E+02 -0.10351E+06
 0.54699997E+02 -0.93034E+05
 0.54749996E+02 -0.92038E+05
 0.54799995E+02 -0.10439E+06
 0.54849998E+02 -0.11815E+06
 0.54899998E+02 -0.12901E+06
 0.54949997E+02 -0.16187E+06
 0.54999996E+02 -0.20765E+06
 0.55049995E+02 -0.25294E+06
 0.55099998E+02 -0.30067E+06
 0.55149998E+02 -0.33038E+06
 0.55199997E+02 -0.35160E+06
 0.55249996E+02 -0.36115E+06
 0.55299995E+02 -0.34375E+06
 0.55349998E+02 -0.30994E+06
 0.55399998E+02 -0.26615E+06
 0.55449997E+02 -0.22989E+06
 0.55499996E+02 -0.22308E+06
 0.55549995E+02 -0.25009E+06
 0.55599998E+02 -0.29454E+06
 0.55649998E+02 -0.35225E+06
 0.55699997E+02 -0.40926E+06
 0.55749996E+02 -0.44042E+06
 0.55799995E+02 -0.43631E+06
 0.55849995E+02 -0.39984E+06
 0.55899998E+02 -0.34880E+06
 0.55949997E+02 -0.29048E+06
 0.55999996E+02 -0.23655E+06
 0.56049995E+02 -0.19091E+06
 0.56099995E+02 -0.14329E+06
 0.56149998E+02 -0.97258E+05
 0.56199997E+02 -0.56591E+05
 0.56249996E+02 -0.18057E+05
 0.56299995E+02  0.96207E+04
 0.56349995E+02  0.35923E+05
 0.56399998E+02  0.53142E+05
 0.56449997E+02  0.35718E+05
 0.56499996E+02 -0.75450E+04
 0.56549995E+02 -0.57448E+05
 0.56599995E+02 -0.10302E+06
 0.56649998E+02 -0.14320E+06
 0.56699997E+02 -0.17553E+06
 0.56749996E+02 -0.19895E+06
 0.56799995E+02 -0.20140E+06
 0.56849995E+02 -0.20141E+06
 0.56899998E+02 -0.20472E+06
 0.56949997E+02 -0.19495E+06
 0.56999996E+02 -0.17192E+06
 0.57049995E+02 -0.13017E+06
 0.57099995E+02 -0.78776E+05
 0.57149998E+02 -0.27680E+05
 0.57199997E+02  0.11999E+05
 0.57249996E+02  0.43803E+05
 0.57299995E+02  0.57342E+05
 0.57349995E+02  0.50600E+05
 0.57399998E+02  0.32404E+05
 0.57449997E+02  0.40576E+04
 0.57499996E+02 -0.27795E+05
 0.57549995E+02 -0.75595E+05
 0.57599995E+02 -0.14408E+06
 0.57649998E+02 -0.22220E+06
 0.57699997E+02 -0.29369E+06
 0.57749996E+02 -0.34471E+06
 0.57799995E+02 -0.37458E+06
 0.57849995E+02 -0.38446E+06
 0.57899998E+02 -0.36434E+06
 0.57949997E+02 -0.33671E+06
 0.57999996E+02 -0.30253E+06
 0.58049995E+02 -0.26593E+06
 0.58099995E+02 -0.24368E+06
 0.58149998E+02 -0.23133E+06
 0.58199997E+02 -0.22963E+06
 0.58249996E+02 -0.23235E+06
 0.58299995E+02 -0.23483E+06
 0.58349995E+02 -0.23172E+06
 0.58399998E+02 -0.22703E+06
 0.58449997E+02 -0.22592E+06
 0.58499996E+02 -0.22594E+06
 0.58549995E+02 -0.21812E+06
 0.58599995E+02 -0.21358E+06
 0.58649998E+02 -0.20791E+06
 0.58699997E+02 -0.19922E+06
 0.58749996E+02 -0.20440E+06
 0.58799995E+02 -0.21157E+06
 0.58849995E+02 -0.22048E+06
 0.58899998E+02 -0.24125E+06
 0.58949997E+02 -0.27351E+06
 0.58999996E+02 -0.32568E+06
 0.59049995E+02 -0.37800E+06
 0.59099995E+02 -0.42266E+06
 0.59149998E+02 -0.46822E+06
 0.59199997E+02 -0.50966E+06
 0.59249996E+02 -0.54701E+06
 0.59299995E+02 -0.56435E+06
 0.59349995E+02 -0.56784E+06
 0.59399998E+02 -0.56047E+06
 0.59449997E+02 -0.54457E+06
 0.59499996E+02 -0.52548E+06
 0.59549995E+02 -0.50632E+06
 0.59599995E+02 -0.50095E+06
 0.59649998E+02 -0.50397E+06
 0.59699997E+02 -0.50729E+06
 0.59749996E+02 -0.49632E+06
 0.59799995E+02 -0.46951E+06
 0.59849995E+02 -0.43082E+06
 0.59899998E+02 -0.38054E+06
 0.59949997E+02 -0.32847E+06
 0.59999996E+02 -0.27596E+06
 0.60049995E+02 -0.22213E+06
 0.60099995E+02 -0.17635E+06
 0.60149998E+02 -0.13690E+06
 0.60199997E+02 -0.95664E+05
 0.60249996E+02 -0.67317E+05
 0.60299995E+02 -0.44953E+05
 0.60349995E+02 -0.27011E+05
 0.60399998E+02 -0.17629E+05
 0.60449997E+02 -0.14212E+05
 0.60499996E+02 -0.54479E+04
 0.60549995E+02  0.12660E+05
 0.60599995E+02  0.36593E+05
 0.60649998E+02  0.71136E+05
 0.60699997E+02  0.10267E+06
 0.60749996E+02  0.12922E+06
 0.60799995E+02  0.13578E+06
 0.60849995E+02  0.11936E+06
 0.60899998E+02  0.84105E+05
 0.60949997E+02  0.26025E+05
 0.60999996E+02 -0.54121E+05
 0.61049995E+02 -0.15694E+06
 0.61099995E+02 -0.26904E+06
 0.61149998E+02 -0.37417E+06
 0.61199997E+02 -0.46843E+06
 0.61249996E+02 -0.54233E+06
 0.61299995E+02 -0.58668E+06
 0.61349995E+02 -0.59652E+06
 0.61399998E+02 -0.57459E+06
 0.61449997E+02 -0.53311E+06
 0.61499996E+02 -0.46685E+06
 0.61549995E+02 -0.39148E+06
 0.61599995E+02 -0.32846E+06
 0.61649998E+02 -0.28215E+06
 0.61699997E+02 -0.24825E+06
 0.61749996E+02 -0.22657E+06
 0.61799995E+02 -0.22300E+06
 0.61849995E+02 -0.23476E+06
 0.61899998E+02 -0.25382E+06
 0.61949997E+02 -0.27379E+06
 0.61999996E+02 -0.29853E+06
 0.62049995E+02 -0.32531E+06
 0.62099998E+02 -0.35198E+06
 0.62149994E+02 -0.37635E+06
 0.62199997E+02 -0.40386E+06
 0.62249992E+02 -0.41881E+06
 0.62299995E+02 -0.41388E+06
 0.62349998E+02 -0.39488E+06
 0.62399994E+02 -0.35230E+06
 0.62449997E+02 -0.30315E+06
 0.62499992E+02 -0.25752E+06
 0.62549995E+02 -0.22459E+06
 0.62599998E+02 -0.21167E+06
 0.62649994E+02 -0.21744E+06
 0.62699997E+02 -0.23579E+06
 0.62749992E+02 -0.26486E+06
 0.62799995E+02 -0.29600E+06
 0.62849998E+02 -0.32426E+06
 0.62899994E+02 -0.35702E+06
 0.62949997E+02 -0.38914E+06
 0.62999992E+02 -0.41562E+06
 0.63049995E+02 -0.42755E+06
 0.63099998E+02 -0.42734E+06
 0.63149994E+02 -0.41724E+06
 0.63199997E+02 -0.39407E+06
 0.63249992E+02 -0.36146E+06
 0.63299995E+02 -0.33021E+06
 0.63349998E+02 -0.30337E+06
 0.63399994E+02 -0.27823E+06
 0.63449997E+02 -0.26194E+06
 0.63499992E+02 -0.25378E+06
 0.63549995E+02 -0.24697E+06
 0.63599998E+02 -0.23964E+06
 0.63649994E+02 -0.23395E+06
 0.63699997E+02 -0.22948E+06
 0.63749992E+02 -0.22126E+06
 0.63799995E+02 -0.21314E+06
 0.63849998E+02 -0.21293E+06
 0.63899994E+02 -0.20784E+06
 0.63949997E+02 -0.19526E+06
 0.63999992E+02 -0.18218E+06
 0.64049995E+02 -0.16585E+06
 0.64099998E+02 -0.14785E+06
 0.64149994E+02 -0.12771E+06
 0.64199997E+02 -0.11103E+06
 0.64249992E+02 -0.10437E+06
 0.64299995E+02 -0.10239E+06
 0.64349998E+02 -0.98712E+05
 0.64399994E+02 -0.99106E+05
 0.64449997E+02 -0.10381E+06
 0.64499992E+02 -0.11405E+06
 0.64549995E+02 -0.13407E+06
 0.64599998E+02 -0.15337E+06
 0.64649994E+02 -0.17297E+06
 0.64699997E+02 -0.20338E+06
 0.64749992E+02 -0.23584E+06
 0.64799995E+02 -0.26446E+06
 0.64849998E+02 -0.29357E+06
 0.64899994E+02 -0.32392E+06
 0.64949997E+02 -0.34628E+06
 0.64999992E+02 -0.35749E+06
 0.65049995E+02 -0.35337E+06
 0.65099998E+02 -0.33370E+06
 0.65149994E+02 -0.30473E+06
 0.65199997E+02 -0.26799E+06
 0.65249992E+02 -0.23774E+06
 0.65299995E+02 -0.21316E+06
 0.65349998E+02 -0.18918E+06
 0.65399994E+02 -0.17013E+06
 0.65449997E+02 -0.15433E+06
 0.65499992E+02 -0.12873E+06
 0.65549995E+02 -0.10217E+06
 0.65599998E+02 -0.75672E+05
 0.65649994E+02 -0.43177E+05
 0.65699997E+02 -0.18576E+05
 0.65749992E+02 -0.31484E+04
 0.65799995E+02  0.30023E+04
 0.65849998E+02  0.48552E+04
 0.65899994E+02 -0.15981E+04
 0.65949997E+02 -0.13479E+05
 0.65999992E+02 -0.29124E+05
 0.66049995E+02 -0.51808E+05
 0.66099998E+02 -0.76443E+05
 0.66149994E+02 -0.10322E+06
 0.66199997E+02 -0.12807E+06
 0.66249992E+02 -0.14554E+06
 0.66299995E+02 -0.15701E+06
 0.66349998E+02 -0.16740E+06
 0.66399994E+02 -0.18119E+06
 0.66449997E+02 -0.20379E+06
 0.66499992E+02 -0.23559E+06
 0.66549995E+02 -0.27695E+06
 0.66599998E+02 -0.32772E+06
 0.66649994E+02 -0.37372E+06
 0.66699997E+02 -0.40667E+06
 0.66749992E+02 -0.43294E+06
 0.66799995E+02 -0.45052E+06
 0.66849998E+02 -0.45575E+06
 0.66899994E+02 -0.44623E+06
 0.66949997E+02 -0.42634E+06
 0.66999992E+02 -0.39814E+06
 0.67049995E+02 -0.36201E+06
 0.67099998E+02 -0.32319E+06
 0.67149994E+02 -0.28664E+06
 0.67199997E+02 -0.25811E+06
 0.67249992E+02 -0.23930E+06
 0.67299995E+02 -0.23068E+06
 0.67349998E+02 -0.22591E+06
 0.67399994E+02 -0.21958E+06
 0.67449997E+02 -0.21844E+06
 0.67499992E+02 -0.22226E+06
 0.67549995E+02 -0.23539E+06
 0.67599998E+02 -0.26484E+06
 0.67649994E+02 -0.29985E+06
 0.67699997E+02 -0.33260E+06
 0.67749992E+02 -0.36303E+06
 0.67799995E+02 -0.38994E+06
 0.67849998E+02 -0.41074E+06
 0.67899994E+02 -0.42800E+06
 0.67949997E+02 -0.43688E+06
 0.67999992E+02 -0.43322E+06
 0.68049995E+02 -0.41622E+06
 0.68099998E+02 -0.38744E+06
 0.68149994E+02 -0.35117E+06
 0.68199997E+02 -0.30854E+06
 0.68249992E+02 -0.26378E+06
 0.68299995E+02 -0.23002E+06
 0.68349998E+02 -0.20977E+06
 0.68399994E+02 -0.19426E+06
 0.68449997E+02 -0.18131E+06
 0.68499992E+02 -0.16834E+06
 0.68549995E+02 -0.15654E+06
 0.68599998E+02 -0.14578E+06
 0.68649994E+02 -0.14777E+06
 0.68699997E+02 -0.15729E+06
 0.68749992E+02 -0.16928E+06
 0.68799995E+02 -0.19030E+06
 0.68849998E+02 -0.21384E+06
 0.68899994E+02 -0.23939E+06
 0.68949997E+02 -0.26489E+06
 0.68999992E+02 -0.29106E+06
 0.69049995E+02 -0.31274E+06
 0.69099998E+02 -0.32583E+06
 0.69149994E+02 -0.33443E+06
 0.69199997E+02 -0.34297E+06
 0.69249992E+02 -0.34913E+06
 0.69299995E+02 -0.34438E+06
 0.69349998E+02 -0.33054E+06
 0.69399994E+02 -0.31417E+06
 0.69449997E+02 -0.28890E+06
 0.69499992E+02 -0.25732E+06
 0.69549995E+02 -0.23088E+06
 0.69599998E+02 -0.19881E+06
 0.69649994E+02 -0.15895E+06
 0.69699997E+02 -0.12068E+06
 0.69749992E+02 -0.81996E+05
 0.69799995E+02 -0.42992E+05
 0.69849998E+02 -0.13170E+05
 0.69899994E+02  0.47351E+03
 0.69949997E+02 -0.30563E+04
 0.69999992E+02 -0.19996E+05
 0.70049995E+02 -0.37462E+05
 0.70099998E+02 -0.48706E+05
 0.70149994E+02 -0.53357E+05
 0.70199997E+02 -0.50457E+05
 0.70249992E+02 -0.42732E+05
 0.70299995E+02 -0.40919E+05
 0.70349998E+02 -0.50498E+05
 0.70399994E+02 -0.72148E+05
 0.70449997E+02 -0.10403E+06
 0.70499992E+02 -0.13805E+06
 0.70549995E+02 -0.17050E+06
 0.70599998E+02 -0.20403E+06
 0.70649994E+02 -0.23773E+06
 0.70699997E+02 -0.26608E+06
 0.70749992E+02 -0.29587E+06
 0.70799995E+02 -0.32809E+06
 0.70849998E+02 -0.35721E+06
 0.70899994E+02 -0.38431E+06
 0.70949997E+02 -0.41369E+06
 0.70999992E+02 -0.44347E+06
 0.71049995E+02 -0.46754E+06
 0.71099998E+02 -0.49137E+06
 0.71149994E+02 -0.51510E+06
 0.71199997E+02 -0.53251E+06
 0.71249992E+02 -0.54352E+06
 0.71299995E+02 -0.54953E+06
 0.71349998E+02 -0.55515E+06
 0.71399994E+02 -0.55612E+06
 0.71449997E+02 -0.54736E+06
 0.71499992E+02 -0.53178E+06
 0.71549995E+02 -0.50670E+06
 0.71599998E+02 -0.47427E+06
 0.71649994E+02 -0.44016E+06
 0.71699997E+02 -0.40883E+06
 0.71749992E+02 -0.38257E+06
 0.71799995E+02 -0.35660E+06
 0.71849998E+02 -0.32596E+06
 0.71899994E+02 -0.28963E+06
 0.71949997E+02 -0.25037E+06
 0.71999992E+02 -0.20704E+06
 0.72049995E+02 -0.16470E+06
 0.72099998E+02 -0.12573E+06
 0.72149994E+02 -0.84551E+05
 0.72199997E+02 -0.49160E+05
 0.72249992E+02 -0.22515E+05
 0.72299995E+02 -0.60120E+04
 0.72349998E+02  0.26957E+04
 0.72399994E+02  0.31675E+04
 0.72449997E+02 -0.73051E+04
 0.72499992E+02 -0.24430E+05
 0.72549995E+02 -0.48864E+05
 0.72599998E+02 -0.77969E+05
 0.72649994E+02 -0.11068E+06
 0.72699997E+02 -0.14170E+06
 0.72749992E+02 -0.17357E+06
 0.72799995E+02 -0.21098E+06
 0.72849998E+02 -0.24768E+06
 0.72899994E+02 -0.28292E+06
 0.72949997E+02 -0.31824E+06
 0.72999992E+02 -0.34876E+06
 0.73049995E+02 -0.37013E+06
 0.73099998E+02 -0.38203E+06
 0.73149994E+02 -0.39081E+06
 0.73199997E+02 -0.40134E+06
 0.73249992E+02 -0.40599E+06
 0.73299995E+02 -0.40806E+06
 0.73349998E+02 -0.41338E+06
 0.73399994E+02 -0.41743E+06
 0.73449997E+02 -0.41745E+06
 0.73499992E+02 -0.41492E+06
 0.73549995E+02 -0.40528E+06
 0.73599998E+02 -0.38838E+06
 0.73649994E+02 -0.36622E+06
 0.73699997E+02 -0.34030E+06
 0.73749992E+02 -0.31412E+06
 0.73799995E+02 -0.28820E+06
 0.73849998E+02 -0.26527E+06
 0.73899994E+02 -0.23980E+06
 0.73949997E+02 -0.21925E+06
 0.73999992E+02 -0.20591E+06
 0.74049995E+02 -0.19766E+06
 0.74099998E+02 -0.19579E+06
 0.74149994E+02 -0.19397E+06
 0.74199997E+02 -0.19075E+06
 0.74249992E+02 -0.18570E+06
 0.74299995E+02 -0.17901E+06
 0.74349998E+02 -0.17275E+06
 0.74399994E+02 -0.16924E+06
 0.74449997E+02 -0.16784E+06
 0.74499992E+02 -0.17127E+06
 0.74549995E+02 -0.18059E+06
 0.74599998E+02 -0.19515E+06
 0.74649994E+02 -0.21098E+06
 0.74699997E+02 -0.22546E+06
 0.74749992E+02 -0.23748E+06
 0.74799995E+02 -0.24363E+06
 0.74849998E+02 -0.25036E+06
 0.74899994E+02 -0.26210E+06
 0.74949997E+02 -0.27888E+06
 0.74999992E+02 -0.29964E+06
 0.75049995E+02 -0.31735E+06
 0.75099998E+02 -0.32698E+06
 0.75149994E+02 -0.32650E+06
 0.75199997E+02 -0.31548E+06
 0.75249992E+02 -0.29822E+06
 0.75299995E+02 -0.27903E+06
 0.75349998E+02 -0.25811E+06
 0.75399994E+02 -0.23889E+06
 0.75449997E+02 -0.22016E+06
 0.75499992E+02 -0.19886E+06
 0.75549995E+02 -0.17688E+06
 0.75599998E+02 -0.15109E+06
 0.75649994E+02 -0.12156E+06
 0.75699997E+02 -0.94410E+05
 0.75749992E+02 -0.71090E+05
 0.75799995E+02 -0.50241E+05
 0.75849998E+02 -0.33580E+05
 0.75899994E+02 -0.21369E+05
 0.75949997E+02 -0.11785E+05
 0.75999992E+02 -0.69834E+04
 0.76049995E+02 -0.77624E+04
 0.76099998E+02 -0.16330E+05
 0.76149994E+02 -0.30906E+05
 0.76199997E+02 -0.47932E+05
 0.76249992E+02 -0.68872E+05
 0.76299995E+02 -0.86580E+05
 0.76349998E+02 -0.98058E+05
 0.76399994E+02 -0.10972E+06
 0.76449997E+02 -0.12282E+06
 0.76499992E+02 -0.13435E+06
 0.76549995E+02 -0.14579E+06
 0.76599998E+02 -0.15896E+06
 0.76649994E+02 -0.17163E+06
 0.76699997E+02 -0.18138E+06
 0.76749992E+02 -0.18976E+06
 0.76799995E+02 -0.19808E+06
 0.76849998E+02 -0.20625E+06
 0.76899994E+02 -0.21498E+06
 0.76949997E+02 -0.22251E+06
 0.76999992E+02 -0.22622E+06
 0.77049995E+02 -0.22529E+06
 0.77099998E+02 -0.22129E+06
 0.77149994E+02 -0.20920E+06
 0.77199997E+02 -0.19083E+06
 0.77249992E+02 -0.17445E+06
 0.77299995E+02 -0.15840E+06
 0.77349998E+02 -0.14304E+06
 0.77399994E+02 -0.12895E+06
 0.77449997E+02 -0.11793E+06
 0.77499992E+02 -0.11021E+06
 0.77549995E+02 -0.10646E+06
 0.77599998E+02 -0.10949E+06
 0.77649994E+02 -0.11440E+06
 0.77699997E+02 -0.11993E+06
 0.77749992E+02 -0.12899E+06
 0.77799995E+02 -0.14360E+06
 0.77849998E+02 -0.16253E+06
 0.77899994E+02 -0.18187E+06
 0.77949997E+02 -0.20190E+06
 0.77999992E+02 -0.22369E+06
 0.78049995E+02 -0.24605E+06
 0.78099998E+02 -0.26793E+06
 0.78149994E+02 -0.29041E+06
 0.78199997E+02 -0.31109E+06
 0.78249992E+02 -0.32338E+06
 0.78299995E+02 -0.32736E+06
 0.78349998E+02 -0.32493E+06
 0.78399994E+02 -0.31388E+06
 0.78449997E+02 -0.29774E+06
 0.78499992E+02 -0.28239E+06
 0.78549995E+02 -0.26949E+06
 0.78599998E+02 -0.25747E+06
 0.78649994E+02 -0.24752E+06
 0.78699997E+02 -0.24155E+06
 0.78749992E+02 -0.23935E+06
 0.78799995E+02 -0.23884E+06
 0.78849998E+02 -0.23753E+06
 0.78899994E+02 -0.23443E+06
 0.78949997E+02 -0.22712E+06
 0.78999992E+02 -0.21433E+06
 0.79049995E+02 -0.19961E+06
 0.79099998E+02 -0.18146E+06
 0.79149994E+02 -0.15864E+06
 0.79199997E+02 -0.13627E+06
 0.79249992E+02 -0.11885E+06
 0.79299995E+02 -0.10972E+06
 0.79349998E+02 -0.10464E+06
 0.79399994E+02 -0.10076E+06
 0.79449997E+02 -0.99290E+05
 0.79499992E+02 -0.99874E+05
 0.79549995E+02 -0.10204E+06
 0.79599998E+02 -0.10635E+06
 0.79649994E+02 -0.11460E+06
 0.79699997E+02 -0.12956E+06
 0.79749992E+02 -0.14817E+06
 0.79799995E+02 -0.17436E+06
 0.79849998E+02 -0.21164E+06
 0.79899994E+02 -0.25181E+06
 0.79949997E+02 -0.29296E+06
 0.79999992E+02 -0.33225E+06
 0.80049995E+02 -0.36616E+06
 0.80099998E+02 -0.39765E+06
 0.80149994E+02 -0.42498E+06
 0.80199997E+02 -0.44439E+06
 0.80249992E+02 -0.45918E+06
 0.80299995E+02 -0.46843E+06
 0.80349998E+02 -0.46995E+06
 0.80399994E+02 -0.46839E+06
 0.80449997E+02 -0.46716E+06
 0.80499992E+02 -0.46577E+06
 0.80549995E+02 -0.46128E+06
 0.80599998E+02 -0.45442E+06
 0.80649994E+02 -0.44053E+06
 0.80699997E+02 -0.41626E+06
 0.80749992E+02 -0.38731E+06
 0.80799995E+02 -0.35727E+06
 0.80849998E+02 -0.33104E+06
 0.80899994E+02 -0.30982E+06
 0.80949997E+02 -0.29173E+06
 0.80999992E+02 -0.27361E+06
 0.81049995E+02 -0.25370E+06
 0.81099998E+02 -0.23325E+06
 0.81149994E+02 -0.21471E+06
 0.81199997E+02 -0.19393E+06
 0.81249992E+02 -0.16685E+06
 0.81299995E+02 -0.13744E+06
 0.81349998E+02 -0.10895E+06
 0.81399994E+02 -0.84068E+05
 0.81449997E+02 -0.63413E+05
 0.81499992E+02 -0.52838E+05
 0.81549995E+02 -0.52942E+05
 0.81599998E+02 -0.56000E+05
 0.81649994E+02 -0.64843E+05
 0.81699997E+02 -0.81987E+05
 0.81749992E+02 -0.10199E+06
 0.81799995E+02 -0.12470E+06
 0.81849998E+02 -0.14916E+06
 0.81899994E+02 -0.16807E+06
 0.81949997E+02 -0.17871E+06
 0.81999992E+02 -0.18072E+06
 0.82049995E+02 -0.17567E+06
 0.82099998E+02 -0.16514E+06
 0.82149994E+02 -0.15083E+06
 0.82199997E+02 -0.13790E+06
 0.82249992E+02 -0.12949E+06
 0.82299995E+02 -0.12650E+06
 0.82349998E+02 -0.12730E+06
 0.82399994E+02 -0.12951E+06
 0.82449997E+02 -0.13100E+06
 0.82499992E+02 -0.13137E+06
 0.82549995E+02 -0.12949E+06
 0.82599998E+02 -0.12643E+06
 0.82649994E+02 -0.12042E+06
 0.82699997E+02 -0.11009E+06
 0.82749992E+02 -0.99216E+05
 0.82799995E+02 -0.90069E+05
 0.82849998E+02 -0.87507E+05
 0.82899994E+02 -0.91970E+05
 0.82949997E+02 -0.10086E+06
 0.82999992E+02 -0.11274E+06
 0.83049995E+02 -0.12440E+06
 0.83099998E+02 -0.13477E+06
 0.83149994E+02 -0.14336E+06
 0.83199997E+02 -0.14744E+06
 0.83249992E+02 -0.14985E+06
 0.83299995E+02 -0.15280E+06
 0.83349998E+02 -0.15713E+06
 0.83399994E+02 -0.16360E+06
 0.83449997E+02 -0.16974E+06
 0.83499992E+02 -0.17710E+06
 0.83549995E+02 -0.18405E+06
 0.83599998E+02 -0.19094E+06
 0.83649994E+02 -0.19796E+06
 0.83699997E+02 -0.20301E+06
 0.83749992E+02 -0.20541E+06
 0.83799995E+02 -0.20324E+06
 0.83849998E+02 -0.19749E+06
 0.83899994E+02 -0.18750E+06
 0.83949997E+02 -0.17473E+06
 0.83999992E+02 -0.16354E+06
 0.84049995E+02 -0.15531E+06
 0.84099998E+02 -0.15387E+06
 0.84149994E+02 -0.16273E+06
 0.84199997E+02 -0.17742E+06
 0.84249992E+02 -0.19406E+06
 0.84299995E+02 -0.20612E+06
 0.84349998E+02 -0.21105E+06
 0.84399994E+02 -0.21000E+06
 0.84449997E+02 -0.19865E+06
 0.84499992E+02 -0.17834E+06
 0.84549995E+02 -0.15492E+06
 0.84599998E+02 -0.13436E+06
 0.84649994E+02 -0.11978E+06
 0.84699997E+02 -0.11387E+06
 0.84749992E+02 -0.11395E+06
 0.84799995E+02 -0.11444E+06
 0.84849998E+02 -0.11834E+06
 0.84899994E+02 -0.12489E+06
 0.84949997E+02 -0.13084E+06
 0.84999992E+02 -0.13556E+06
 0.85049995E+02 -0.13620E+06
 0.85099998E+02 -0.13286E+06
 0.85149994E+02 -0.12730E+06
 0.85199997E+02 -0.12302E+06
 0.85249992E+02 -0.12514E+06
 0.85299995E+02 -0.13486E+06
 0.85349998E+02 -0.14891E+06
 0.85399994E+02 -0.16526E+06
 0.85449997E+02 -0.17921E+06
 0.85499992E+02 -0.18647E+06
 0.85549995E+02 -0.18644E+06
 0.85599998E+02 -0.17799E+06
 0.85649994E+02 -0.16025E+06
 0.85699997E+02 -0.13344E+06
 0.85749992E+02 -0.10199E+06
 0.85799995E+02 -0.69332E+05
 0.85849998E+02 -0.38369E+05
 0.85899994E+02 -0.11554E+05
 0.85949997E+02  0.68512E+04
 0.85999992E+02  0.13239E+05
 0.86049995E+02  0.11040E+05
 0.86099998E+02  0.40267E+04
 0.86149994E+02 -0.49427E+04
 0.86199997E+02 -0.15316E+05
 0.86249992E+02 -0.28275E+05
 0.86299995E+02 -0.43653E+05
 0.86349998E+02 -0.62274E+05
 0.86399994E+02 -0.81825E+05
 0.86449997E+02 -0.98991E+05
 0.86499992E+02 -0.11055E+06
 0.86549995E+02 -0.11624E+06
 0.86599998E+02 -0.12041E+06
 0.86649994E+02 -0.12436E+06
 0.86699997E+02 -0.12882E+06
 0.86749992E+02 -0.13508E+06
 0.86799995E+02 -0.14406E+06
 0.86849998E+02 -0.15424E+06
 0.86899994E+02 -0.16586E+06
 0.86949997E+02 -0.17972E+06
 0.86999992E+02 -0.19073E+06
 0.87049995E+02 -0.19622E+06
 0.87099998E+02 -0.19631E+06
 0.87149994E+02 -0.19183E+06
 0.87199997E+02 -0.18459E+06
 0.87249992E+02 -0.17581E+06
 0.87299995E+02 -0.16833E+06
 0.87349998E+02 -0.16277E+06
 0.87399994E+02 -0.16146E+06
 0.87449997E+02 -0.16511E+06
 0.87499992E+02 -0.17276E+06
 0.87549995E+02 -0.18511E+06
 0.87599991E+02 -0.19999E+06
 0.87649994E+02 -0.21452E+06
 0.87699997E+02 -0.22679E+06
 0.87749992E+02 -0.23423E+06
 0.87799995E+02 -0.23427E+06
 0.87849991E+02 -0.22852E+06
 0.87899994E+02 -0.22069E+06
 0.87949997E+02 -0.21335E+06
 0.87999992E+02 -0.20834E+06
 0.88049995E+02 -0.20501E+06
 0.88099991E+02 -0.20297E+06
 0.88149994E+02 -0.20286E+06
 0.88199997E+02 -0.20201E+06
 0.88249992E+02 -0.20091E+06
 0.88299995E+02 -0.20071E+06
 0.88349991E+02 -0.20020E+06
 0.88399994E+02 -0.20202E+06
 0.88449997E+02 -0.20899E+06
 0.88499992E+02 -0.21980E+06
 0.88549995E+02 -0.23179E+06
 0.88599991E+02 -0.24524E+06
 0.88649994E+02 -0.25890E+06
 0.88699997E+02 -0.27160E+06
 0.88749992E+02 -0.28234E+06
 0.88799995E+02 -0.29025E+06
 0.88849991E+02 -0.29890E+06
 0.88899994E+02 -0.30736E+06
 0.88949997E+02 -0.31313E+06
 0.88999992E+02 -0.31558E+06
 0.89049995E+02 -0.31336E+06
 0.89099991E+02 -0.30604E+06
 0.89149994E+02 -0.29420E+06
 0.89199997E+02 -0.27937E+06
 0.89249992E+02 -0.26391E+06
 0.89299995E+02 -0.24891E+06
 0.89349991E+02 -0.23532E+06
 0.89399994E+02 -0.22565E+06
 0.89449997E+02 -0.22040E+06
 0.89499992E+02 -0.21869E+06
 0.89549995E+02 -0.21884E+06
 0.89599991E+02 -0.21874E+06
 0.89649994E+02 -0.21949E+06
 0.89699997E+02 -0.22027E+06
 0.89749992E+02 -0.21961E+06
 0.89799995E+02 -0.22023E+06
 0.89849991E+02 -0.22283E+06
 0.89899994E+02 -0.22402E+06
 0.89949997E+02 -0.22201E+06
 0.89999992E+02 -0.21756E+06
 0.90049995E+02 -0.21028E+06
 0.90099991E+02 -0.20231E+06
 0.90149994E+02 -0.19842E+06
 0.90199997E+02 -0.19988E+06
 0.90249992E+02 -0.20686E+06
 0.90299995E+02 -0.22049E+06
 0.90349991E+02 -0.23892E+06
 0.90399994E+02 -0.25760E+06
 0.90449997E+02 -0.27518E+06
 0.90499992E+02 -0.29168E+06
 0.90549995E+02 -0.30424E+06
 0.90599991E+02 -0.31007E+06
 0.90649994E+02 -0.31017E+06
 0.90699997E+02 -0.30644E+06
 0.90749992E+02 -0.29858E+06
 0.90799995E+02 -0.28806E+06
 0.90849991E+02 -0.27550E+06
 0.90899994E+02 -0.26175E+06
 0.90949997E+02 -0.24742E+06
 0.90999992E+02 -0.23218E+06
 0.91049995E+02 -0.21789E+06
 0.91099991E+02 -0.20419E+06
 0.91149994E+02 -0.19086E+06
 0.91199997E+02 -0.17835E+06
 0.91249992E+02 -0.16601E+06
 0.91299995E+02 -0.15242E+06
 0.91349991E+02 -0.13579E+06
 0.91399994E+02 -0.11535E+06
 0.91449997E+02 -0.91673E+05
 0.91499992E+02 -0.68882E+05
 0.91549995E+02 -0.49693E+05
 0.91599991E+02 -0.35548E+05
 0.91649994E+02 -0.27063E+05
 0.91699997E+02 -0.21476E+05
 0.91749992E+02 -0.18446E+05
 0.91799995E+02 -0.16369E+05
 0.91849991E+02 -0.11983E+05
 0.91899994E+02 -0.68891E+04
 0.91949997E+02 -0.62868E+03
 0.91999992E+02  0.82097E+04
 0.92049995E+02  0.19946E+05
 0.92099991E+02  0.34838E+05
 0.92149994E+02  0.51809E+05
 0.92199997E+02  0.70103E+05
 0.92249992E+02  0.89781E+05
 0.92299995E+02  0.10880E+06
 0.92349991E+02  0.12455E+06
 0.92399994E+02  0.13889E+06
 0.92449997E+02  0.14997E+06
 0.92499992E+02  0.15628E+06
 0.92549995E+02  0.15981E+06
 0.92599991E+02  0.15944E+06
 0.92649994E+02  0.15420E+06
 0.92699997E+02  0.14695E+06
 0.92749992E+02  0.13808E+06
 0.92799995E+02  0.12561E+06
 0.92849991E+02  0.11164E+06
 0.92899994E+02  0.95384E+05
 0.92949997E+02  0.75179E+05
 0.92999992E+02  0.53402E+05
 0.93049995E+02  0.28750E+05
 0.93099991E+02 -0.43552E+03
 0.93149994E+02 -0.31820E+05
 0.93199997E+02 -0.63670E+05
 0.93249992E+02 -0.94774E+05
 0.93299995E+02 -0.11973E+06
 0.93349991E+02 -0.13608E+06
 0.93399994E+02 -0.14649E+06
 0.93449997E+02 -0.15251E+06
 0.93499992E+02 -0.15502E+06
 0.93549995E+02 -0.15488E+06
 0.93599991E+02 -0.15492E+06
 0.93649994E+02 -0.15461E+06
 0.93699997E+02 -0.15397E+06
 0.93749992E+02 -0.15254E+06
 0.93799995E+02 -0.14989E+06
 0.93849991E+02 -0.14667E+06
 0.93899994E+02 -0.14102E+06
 0.93949997E+02 -0.13322E+06
 0.93999992E+02 -0.12434E+06
 0.94049995E+02 -0.11348E+06
 0.94099991E+02 -0.10044E+06
 0.94149994E+02 -0.87558E+05
 0.94199997E+02 -0.74959E+05
 0.94249992E+02 -0.63782E+05
 0.94299995E+02 -0.53703E+05
 0.94349991E+02 -0.43249E+05
 0.94399994E+02 -0.32782E+05
 0.94449997E+02 -0.22519E+05
 0.94499992E+02 -0.13521E+05
 0.94549995E+02 -0.73552E+04
 0.94599991E+02 -0.47842E+04
 0.94649994E+02 -0.58750E+04
 0.94699997E+02 -0.10896E+05
 0.94749992E+02 -0.18507E+05
 0.94799995E+02 -0.27179E+05
 0.94849991E+02 -0.36791E+05
 0.94899994E+02 -0.48270E+05
 0.94949997E+02 -0.61869E+05
 0.94999992E+02 -0.77566E+05
 0.95049995E+02 -0.94251E+05
 0.95099991E+02 -0.11161E+06
 0.95149994E+02 -0.13111E+06
 0.95199997E+02 -0.15151E+06
 0.95249992E+02 -0.17057E+06
 0.95299995E+02 -0.18767E+06
 0.95349991E+02 -0.20210E+06
 0.95399994E+02 -0.21266E+06
 0.95449997E+02 -0.21972E+06
 0.95499992E+02 -0.22432E+06
 0.95549995E+02 -0.22692E+06
 0.95599991E+02 -0.22851E+06
 0.95649994E+02 -0.23073E+06
 0.95699997E+02 -0.23383E+06
 0.95749992E+02 -0.23873E+06
 0.95799995E+02 -0.24610E+06
 0.95849991E+02 -0.25554E+06
 0.95899994E+02 -0.26462E+06
 0.95949997E+02 -0.27010E+06
 0.95999992E+02 -0.27034E+06
 0.96049995E+02 -0.26391E+06
 0.96099991E+02 -0.25171E+06
 0.96149994E+02 -0.23826E+06
 0.96199997E+02 -0.22548E+06
 0.96249992E+02 -0.21395E+06
 0.96299995E+02 -0.20681E+06
 0.96349991E+02 -0.20265E+06
 0.96399994E+02 -0.19909E+06
 0.96449997E+02 -0.19642E+06
 0.96499992E+02 -0.19421E+06
 0.96549995E+02 -0.19207E+06
 0.96599991E+02 -0.19063E+06
 0.96649994E+02 -0.18984E+06
 0.96699997E+02 -0.18847E+06
 0.96749992E+02 -0.18499E+06
 0.96799995E+02 -0.17869E+06
 0.96849991E+02 -0.16891E+06
 0.96899994E+02 -0.15431E+06
 0.96949997E+02 -0.13595E+06
 0.96999992E+02 -0.11715E+06
 0.97049995E+02 -0.99238E+05
 0.97099991E+02 -0.83076E+05
 0.97149994E+02 -0.68794E+05
 0.97199997E+02 -0.55391E+05
 0.97249992E+02 -0.41294E+05
 0.97299995E+02 -0.25908E+05
 0.97349991E+02 -0.90655E+04
 0.97399994E+02  0.85981E+04
 0.97449997E+02  0.23610E+05
 0.97499992E+02  0.34241E+05
 0.97549995E+02  0.40818E+05
 0.97599991E+02  0.43968E+05
 0.97649994E+02  0.42822E+05
 0.97699997E+02  0.40655E+05
 0.97749992E+02  0.38143E+05
 0.97799995E+02  0.33720E+05
 0.97849991E+02  0.27402E+05
 0.97899994E+02  0.17177E+05
 0.97949997E+02  0.39719E+04
 0.97999992E+02 -0.12196E+05
