-0.30000000E+01  0.10466E+06
-0.29500000E+01  0.10526E+06
-0.29000001E+01  0.10589E+06
-0.28499999E+01  0.10653E+06
-0.28000000E+01  0.10719E+06
-0.27500000E+01  0.10784E+06
-0.27000000E+01  0.10853E+06
-0.26500001E+01  0.10920E+06
-0.25999999E+01  0.10989E+06
-0.25500000E+01  0.11060E+06
-0.25000000E+01  0.11131E+06
-0.24500000E+01  0.11201E+06
-0.24000001E+01  0.11274E+06
-0.23499999E+01  0.11347E+06
-0.23000002E+01  0.11419E+06
-0.22500000E+01  0.11494E+06
-0.22000000E+01  0.11568E+06
-0.21500001E+01  0.11645E+06
-0.20999999E+01  0.11722E+06
-0.20500002E+01  0.11795E+06
-0.20000000E+01  0.11870E+06
-0.19500000E+01  0.11943E+06
-0.19000001E+01  0.12017E+06
-0.18500000E+01  0.12093E+06
-0.18000001E+01  0.12167E+06
-0.17500001E+01  0.12243E+06
-0.17000000E+01  0.12319E+06
-0.16500001E+01  0.12394E+06
-0.16000001E+01  0.12469E+06
-0.15500001E+01  0.12544E+06
-0.15000001E+01  0.12620E+06
-0.14500000E+01  0.12696E+06
-0.14000001E+01  0.12770E+06
-0.13500001E+01  0.12844E+06
-0.13000001E+01  0.12918E+06
-0.12500001E+01  0.12989E+06
-0.12000000E+01  0.13061E+06
-0.11500001E+01  0.13134E+06
-0.11000001E+01  0.13202E+06
-0.10500001E+01  0.13271E+06
-0.10000001E+01  0.13342E+06
-0.95000005E+00  0.13410E+06
-0.90000010E+00  0.13476E+06
-0.85000014E+00  0.13543E+06
-0.80000019E+00  0.13608E+06
-0.75000024E+00  0.13671E+06
-0.70000005E+00  0.13736E+06
-0.65000010E+00  0.13798E+06
-0.60000014E+00  0.13858E+06
-0.55000019E+00  0.13916E+06
-0.50000024E+00  0.13974E+06
-0.45000005E+00  0.14029E+06
-0.40000010E+00  0.14084E+06
-0.35000014E+00  0.14137E+06
-0.30000019E+00  0.14187E+06
-0.25000024E+00  0.14237E+06
-0.20000029E+00  0.14285E+06
-0.15000010E+00  0.14330E+06
-0.10000014E+00  0.14376E+06
-0.50000191E-01  0.14421E+06
-0.23841858E-06  0.14464E+06
 0.49999714E-01  0.14507E+06
 0.99999905E-01  0.14550E+06
 0.14999986E+00  0.14590E+06
 0.19999981E+00  0.14632E+06
 0.24999976E+00  0.14673E+06
 0.29999971E+00  0.14711E+06
 0.34999990E+00  0.14752E+06
 0.39999986E+00  0.14793E+06
 0.44999981E+00  0.14830E+06
 0.49999976E+00  0.14868E+06
 0.54999971E+00  0.14907E+06
 0.59999990E+00  0.14943E+06
 0.64999986E+00  0.14977E+06
 0.69999981E+00  0.15011E+06
 0.74999976E+00  0.15045E+06
 0.79999971E+00  0.15076E+06
 0.84999967E+00  0.15106E+06
 0.89999986E+00  0.15136E+06
 0.94999981E+00  0.15166E+06
 0.99999976E+00  0.15193E+06
 0.10499997E+01  0.15218E+06
 0.10999999E+01  0.15243E+06
 0.11499996E+01  0.15267E+06
 0.11999998E+01  0.15291E+06
 0.12499995E+01  0.15314E+06
 0.12999997E+01  0.15337E+06
 0.13499999E+01  0.15359E+06
 0.13999996E+01  0.15380E+06
 0.14499998E+01  0.15401E+06
 0.14999995E+01  0.15422E+06
 0.15499997E+01  0.15442E+06
 0.15999999E+01  0.15461E+06
 0.16499996E+01  0.15482E+06
 0.16999998E+01  0.15504E+06
 0.17499995E+01  0.15524E+06
 0.17999997E+01  0.15543E+06
 0.18499999E+01  0.15565E+06
 0.18999996E+01  0.15587E+06
 0.19499998E+01  0.15606E+06
 0.19999995E+01  0.15627E+06
 0.20499997E+01  0.15649E+06
 0.20999999E+01  0.15669E+06
 0.21499996E+01  0.15688E+06
 0.21999998E+01  0.15710E+06
 0.22499995E+01  0.15732E+06
 0.22999997E+01  0.15752E+06
 0.23499999E+01  0.15776E+06
 0.23999996E+01  0.15799E+06
 0.24499998E+01  0.15820E+06
 0.24999995E+01  0.15844E+06
 0.25499997E+01  0.15865E+06
 0.25999994E+01  0.15887E+06
 0.26499996E+01  0.15910E+06
 0.26999998E+01  0.15931E+06
 0.27499995E+01  0.15951E+06
 0.27999997E+01  0.15970E+06
 0.28499994E+01  0.15990E+06
 0.28999996E+01  0.16007E+06
 0.29499998E+01  0.16025E+06
 0.29999995E+01  0.16042E+06
 0.30499997E+01  0.16058E+06
 0.30999994E+01  0.16074E+06
 0.31499996E+01  0.16087E+06
 0.31999998E+01  0.16099E+06
 0.32499995E+01  0.16111E+06
 0.32999997E+01  0.16121E+06
 0.33499994E+01  0.16128E+06
 0.33999996E+01  0.16134E+06
 0.34499998E+01  0.16141E+06
 0.34999995E+01  0.16144E+06
 0.35499997E+01  0.16146E+06
 0.35999994E+01  0.16146E+06
 0.36499996E+01  0.16144E+06
 0.36999998E+01  0.16144E+06
 0.37499995E+01  0.16139E+06
 0.37999997E+01  0.16133E+06
 0.38499994E+01  0.16129E+06
 0.38999996E+01  0.16122E+06
 0.39499998E+01  0.16116E+06
 0.39999995E+01  0.16109E+06
 0.40499997E+01  0.16102E+06
 0.40999994E+01  0.16095E+06
 0.41499996E+01  0.16088E+06
 0.41999998E+01  0.16080E+06
 0.42499995E+01  0.16071E+06
 0.42999997E+01  0.16063E+06
 0.43499994E+01  0.16055E+06
 0.43999996E+01  0.16046E+06
 0.44499993E+01  0.16038E+06
 0.44999995E+01  0.16028E+06
 0.45499997E+01  0.16019E+06
 0.45999994E+01  0.16012E+06
 0.46499996E+01  0.16003E+06
 0.46999993E+01  0.15994E+06
 0.47499995E+01  0.15988E+06
 0.47999997E+01  0.15979E+06
 0.48499994E+01  0.15970E+06
 0.48999996E+01  0.15962E+06
 0.49499993E+01  0.15954E+06
 0.49999995E+01  0.15947E+06
 0.50499992E+01  0.15937E+06
 0.50999994E+01  0.15928E+06
 0.51499996E+01  0.15921E+06
 0.51999998E+01  0.15912E+06
 0.52499990E+01  0.15901E+06
 0.52999992E+01  0.15891E+06
 0.53499994E+01  0.15880E+06
 0.53999996E+01  0.15866E+06
 0.54499998E+01  0.15852E+06
 0.54999990E+01  0.15837E+06
 0.55499992E+01  0.15819E+06
 0.55999994E+01  0.15803E+06
 0.56499996E+01  0.15787E+06
 0.56999998E+01  0.15768E+06
 0.57499990E+01  0.15750E+06
 0.57999992E+01  0.15735E+06
 0.58499994E+01  0.15717E+06
 0.58999996E+01  0.15700E+06
 0.59499998E+01  0.15683E+06
 0.59999990E+01  0.15667E+06
 0.60499992E+01  0.15650E+06
 0.60999994E+01  0.15634E+06
 0.61499996E+01  0.15618E+06
 0.61999998E+01  0.15601E+06
 0.62499990E+01  0.15585E+06
 0.62999992E+01  0.15569E+06
 0.63499994E+01  0.15553E+06
 0.63999996E+01  0.15538E+06
 0.64499998E+01  0.15524E+06
 0.64999990E+01  0.15509E+06
 0.65499992E+01  0.15496E+06
 0.65999994E+01  0.15483E+06
 0.66499996E+01  0.15471E+06
 0.66999998E+01  0.15462E+06
 0.67499990E+01  0.15451E+06
 0.67999992E+01  0.15440E+06
 0.68499994E+01  0.15433E+06
 0.68999996E+01  0.15422E+06
 0.69499998E+01  0.15413E+06
 0.69999990E+01  0.15408E+06
 0.70499992E+01  0.15400E+06
 0.70999994E+01  0.15393E+06
 0.71499996E+01  0.15390E+06
 0.71999998E+01  0.15385E+06
 0.72499990E+01  0.15383E+06
 0.72999992E+01  0.15384E+06
 0.73499994E+01  0.15384E+06
 0.73999996E+01  0.15385E+06
 0.74499998E+01  0.15390E+06
 0.74999990E+01  0.15393E+06
 0.75499992E+01  0.15399E+06
 0.75999994E+01  0.15408E+06
 0.76499996E+01  0.15416E+06
 0.76999998E+01  0.15425E+06
 0.77499990E+01  0.15437E+06
 0.77999992E+01  0.15449E+06
 0.78499994E+01  0.15462E+06
 0.78999996E+01  0.15477E+06
 0.79499998E+01  0.15493E+06
 0.79999990E+01  0.15510E+06
 0.80499992E+01  0.15527E+06
 0.80999994E+01  0.15544E+06
 0.81499996E+01  0.15563E+06
 0.81999989E+01  0.15582E+06
 0.82499990E+01  0.15601E+06
 0.82999992E+01  0.15621E+06
 0.83499994E+01  0.15641E+06
 0.83999996E+01  0.15664E+06
 0.84499989E+01  0.15685E+06
 0.84999990E+01  0.15705E+06
 0.85499992E+01  0.15731E+06
 0.85999994E+01  0.15753E+06
 0.86499996E+01  0.15777E+06
 0.86999989E+01  0.15802E+06
 0.87499990E+01  0.15825E+06
 0.87999992E+01  0.15849E+06
 0.88499994E+01  0.15877E+06
 0.88999996E+01  0.15900E+06
 0.89499989E+01  0.15924E+06
 0.89999990E+01  0.15952E+06
 0.90499992E+01  0.15975E+06
 0.90999994E+01  0.16001E+06
 0.91499996E+01  0.16029E+06
 0.91999989E+01  0.16054E+06
 0.92499990E+01  0.16080E+06
 0.92999992E+01  0.16107E+06
 0.93499994E+01  0.16133E+06
 0.93999996E+01  0.16158E+06
 0.94499989E+01  0.16185E+06
 0.94999990E+01  0.16211E+06
 0.95499992E+01  0.16236E+06
 0.95999994E+01  0.16264E+06
 0.96499996E+01  0.16291E+06
 0.96999989E+01  0.16318E+06
 0.97499990E+01  0.16348E+06
 0.97999992E+01  0.16378E+06
 0.98499994E+01  0.16406E+06
 0.98999996E+01  0.16436E+06
 0.99499989E+01  0.16465E+06
 0.99999990E+01  0.16494E+06
 0.10049999E+02  0.16523E+06
 0.10099999E+02  0.16551E+06
 0.10150000E+02  0.16578E+06
 0.10199999E+02  0.16607E+06
 0.10249999E+02  0.16634E+06
 0.10299999E+02  0.16659E+06
 0.10349999E+02  0.16684E+06
 0.10400000E+02  0.16709E+06
 0.10449999E+02  0.16731E+06
 0.10499999E+02  0.16754E+06
 0.10549999E+02  0.16777E+06
 0.10599999E+02  0.16797E+06
 0.10650000E+02  0.16816E+06
 0.10699999E+02  0.16834E+06
 0.10749999E+02  0.16850E+06
 0.10799999E+02  0.16865E+06
 0.10849999E+02  0.16877E+06
 0.10900000E+02  0.16888E+06
 0.10949999E+02  0.16899E+06
 0.10999999E+02  0.16906E+06
 0.11049999E+02  0.16911E+06
 0.11099999E+02  0.16915E+06
 0.11150000E+02  0.16918E+06
 0.11199999E+02  0.16919E+06
 0.11249999E+02  0.16919E+06
 0.11299999E+02  0.16919E+06
 0.11349999E+02  0.16918E+06
 0.11400000E+02  0.16915E+06
 0.11449999E+02  0.16911E+06
 0.11499999E+02  0.16908E+06
 0.11549999E+02  0.16903E+06
 0.11599999E+02  0.16896E+06
 0.11649999E+02  0.16890E+06
 0.11699999E+02  0.16883E+06
 0.11749999E+02  0.16877E+06
 0.11799999E+02  0.16869E+06
 0.11849999E+02  0.16862E+06
 0.11899999E+02  0.16856E+06
 0.11949999E+02  0.16849E+06
 0.11999999E+02  0.16843E+06
 0.12049999E+02  0.16838E+06
 0.12099999E+02  0.16833E+06
 0.12149999E+02  0.16830E+06
 0.12199999E+02  0.16828E+06
 0.12249999E+02  0.16828E+06
 0.12299999E+02  0.16830E+06
 0.12349999E+02  0.16831E+06
 0.12399999E+02  0.16834E+06
 0.12449999E+02  0.16839E+06
 0.12499999E+02  0.16845E+06
 0.12549999E+02  0.16851E+06
 0.12599999E+02  0.16859E+06
 0.12649999E+02  0.16867E+06
 0.12699999E+02  0.16878E+06
 0.12749999E+02  0.16889E+06
 0.12799999E+02  0.16901E+06
 0.12849999E+02  0.16915E+06
 0.12899999E+02  0.16928E+06
 0.12949999E+02  0.16943E+06
 0.12999999E+02  0.16962E+06
 0.13049999E+02  0.16978E+06
 0.13099998E+02  0.16997E+06
 0.13150000E+02  0.17016E+06
 0.13199999E+02  0.17035E+06
 0.13249998E+02  0.17057E+06
 0.13299999E+02  0.17080E+06
 0.13349998E+02  0.17102E+06
 0.13400000E+02  0.17125E+06
 0.13449999E+02  0.17151E+06
 0.13499998E+02  0.17176E+06
 0.13549999E+02  0.17203E+06
 0.13599998E+02  0.17232E+06
 0.13650000E+02  0.17260E+06
 0.13699999E+02  0.17289E+06
 0.13749998E+02  0.17321E+06
 0.13799999E+02  0.17352E+06
 0.13849998E+02  0.17385E+06
 0.13900000E+02  0.17420E+06
 0.13949999E+02  0.17455E+06
 0.13999998E+02  0.17491E+06
 0.14049999E+02  0.17527E+06
 0.14099998E+02  0.17565E+06
 0.14150000E+02  0.17604E+06
 0.14199999E+02  0.17644E+06
 0.14249998E+02  0.17686E+06
 0.14299999E+02  0.17726E+06
 0.14349998E+02  0.17770E+06
 0.14400000E+02  0.17814E+06
 0.14449999E+02  0.17858E+06
 0.14499998E+02  0.17901E+06
 0.14549999E+02  0.17948E+06
 0.14599998E+02  0.17994E+06
 0.14650000E+02  0.18039E+06
 0.14699999E+02  0.18084E+06
 0.14749998E+02  0.18128E+06
 0.14799999E+02  0.18174E+06
 0.14849998E+02  0.18218E+06
 0.14900000E+02  0.18262E+06
 0.14949999E+02  0.18306E+06
 0.14999998E+02  0.18350E+06
 0.15049999E+02  0.18392E+06
 0.15099998E+02  0.18434E+06
 0.15150000E+02  0.18479E+06
 0.15199999E+02  0.18521E+06
 0.15249998E+02  0.18563E+06
 0.15299999E+02  0.18607E+06
 0.15349998E+02  0.18650E+06
 0.15400000E+02  0.18690E+06
 0.15449999E+02  0.18732E+06
 0.15499998E+02  0.18771E+06
 0.15549999E+02  0.18811E+06
 0.15599998E+02  0.18850E+06
 0.15650000E+02  0.18886E+06
 0.15699999E+02  0.18922E+06
 0.15749998E+02  0.18958E+06
 0.15799999E+02  0.18992E+06
 0.15849998E+02  0.19024E+06
 0.15900000E+02  0.19056E+06
 0.15949999E+02  0.19087E+06
 0.15999998E+02  0.19115E+06
 0.16049999E+02  0.19143E+06
 0.16099998E+02  0.19168E+06
 0.16150000E+02  0.19192E+06
 0.16199999E+02  0.19215E+06
 0.16249998E+02  0.19235E+06
 0.16299999E+02  0.19254E+06
 0.16349998E+02  0.19273E+06
 0.16400000E+02  0.19288E+06
 0.16449999E+02  0.19301E+06
 0.16499998E+02  0.19314E+06
 0.16549999E+02  0.19323E+06
 0.16599998E+02  0.19329E+06
 0.16650000E+02  0.19334E+06
 0.16699999E+02  0.19337E+06
 0.16749998E+02  0.19336E+06
 0.16799999E+02  0.19335E+06
 0.16849998E+02  0.19332E+06
 0.16900000E+02  0.19325E+06
 0.16949999E+02  0.19318E+06
 0.16999998E+02  0.19308E+06
 0.17049999E+02  0.19294E+06
 0.17099998E+02  0.19281E+06
 0.17150000E+02  0.19266E+06
 0.17199999E+02  0.19246E+06
 0.17249998E+02  0.19228E+06
 0.17299999E+02  0.19208E+06
 0.17349998E+02  0.19184E+06
 0.17400000E+02  0.19160E+06
 0.17449999E+02  0.19136E+06
 0.17499998E+02  0.19107E+06
 0.17549999E+02  0.19079E+06
 0.17599998E+02  0.19050E+06
 0.17650000E+02  0.19016E+06
 0.17699999E+02  0.18984E+06
 0.17749998E+02  0.18949E+06
 0.17799999E+02  0.18912E+06
 0.17849998E+02  0.18875E+06
 0.17900000E+02  0.18838E+06
 0.17949999E+02  0.18798E+06
 0.17999998E+02  0.18759E+06
 0.18049999E+02  0.18720E+06
 0.18099998E+02  0.18679E+06
 0.18150000E+02  0.18640E+06
 0.18199999E+02  0.18602E+06
 0.18249998E+02  0.18563E+06
 0.18299999E+02  0.18525E+06
 0.18349998E+02  0.18489E+06
 0.18400000E+02  0.18451E+06
 0.18449999E+02  0.18416E+06
 0.18499998E+02  0.18383E+06
 0.18549999E+02  0.18348E+06
 0.18599998E+02  0.18316E+06
 0.18650000E+02  0.18284E+06
 0.18699999E+02  0.18252E+06
 0.18749998E+02  0.18221E+06
 0.18799999E+02  0.18190E+06
 0.18849998E+02  0.18159E+06
 0.18900000E+02  0.18130E+06
 0.18949999E+02  0.18101E+06
 0.18999998E+02  0.18072E+06
 0.19049999E+02  0.18045E+06
 0.19099998E+02  0.18018E+06
 0.19150000E+02  0.17993E+06
 0.19199999E+02  0.17970E+06
 0.19249998E+02  0.17950E+06
 0.19299999E+02  0.17928E+06
 0.19349998E+02  0.17909E+06
 0.19399998E+02  0.17891E+06
 0.19449999E+02  0.17874E+06
 0.19499998E+02  0.17857E+06
 0.19549999E+02  0.17842E+06
 0.19599998E+02  0.17828E+06
 0.19649998E+02  0.17814E+06
 0.19699999E+02  0.17801E+06
 0.19749998E+02  0.17790E+06
 0.19799999E+02  0.17780E+06
 0.19849998E+02  0.17769E+06
 0.19899998E+02  0.17759E+06
 0.19949999E+02  0.17751E+06
 0.19999998E+02  0.17743E+06
 0.20049999E+02  0.17737E+06
 0.20099998E+02  0.17731E+06
 0.20149998E+02  0.17727E+06
 0.20199999E+02  0.17723E+06
 0.20249998E+02  0.17720E+06
 0.20299999E+02  0.17718E+06
 0.20349998E+02  0.17716E+06
 0.20399998E+02  0.17716E+06
 0.20449999E+02  0.17716E+06
 0.20499998E+02  0.17716E+06
 0.20549999E+02  0.17717E+06
 0.20599998E+02  0.17718E+06
 0.20649998E+02  0.17722E+06
 0.20699999E+02  0.17725E+06
 0.20749998E+02  0.17727E+06
 0.20799999E+02  0.17734E+06
 0.20849998E+02  0.17738E+06
 0.20899998E+02  0.17742E+06
 0.20949999E+02  0.17750E+06
 0.20999998E+02  0.17756E+06
 0.21049999E+02  0.17762E+06
 0.21099998E+02  0.17769E+06
 0.21149998E+02  0.17778E+06
 0.21199999E+02  0.17786E+06
 0.21249998E+02  0.17795E+06
 0.21299999E+02  0.17805E+06
 0.21349998E+02  0.17815E+06
 0.21399998E+02  0.17826E+06
 0.21449999E+02  0.17840E+06
 0.21499998E+02  0.17852E+06
 0.21549999E+02  0.17867E+06
 0.21599998E+02  0.17882E+06
 0.21649998E+02  0.17898E+06
 0.21699999E+02  0.17919E+06
 0.21749998E+02  0.17939E+06
 0.21799999E+02  0.17961E+06
 0.21849998E+02  0.17986E+06
 0.21899998E+02  0.18010E+06
 0.21949999E+02  0.18037E+06
 0.21999998E+02  0.18065E+06
 0.22049999E+02  0.18096E+06
 0.22099998E+02  0.18128E+06
 0.22149998E+02  0.18159E+06
 0.22199999E+02  0.18192E+06
 0.22249998E+02  0.18228E+06
 0.22299999E+02  0.18262E+06
 0.22349998E+02  0.18299E+06
 0.22399998E+02  0.18338E+06
 0.22449999E+02  0.18377E+06
 0.22499998E+02  0.18416E+06
 0.22549999E+02  0.18457E+06
 0.22599998E+02  0.18501E+06
 0.22649998E+02  0.18543E+06
 0.22699999E+02  0.18585E+06
 0.22749998E+02  0.18630E+06
 0.22799999E+02  0.18676E+06
 0.22849998E+02  0.18717E+06
 0.22899998E+02  0.18759E+06
 0.22949999E+02  0.18803E+06
 0.22999998E+02  0.18843E+06
 0.23049999E+02  0.18884E+06
 0.23099998E+02  0.18931E+06
 0.23149998E+02  0.18979E+06
 0.23199999E+02  0.19022E+06
 0.23249998E+02  0.19066E+06
 0.23299999E+02  0.19108E+06
 0.23349998E+02  0.19147E+06
 0.23399998E+02  0.19192E+06
 0.23449999E+02  0.19236E+06
 0.23499998E+02  0.19275E+06
 0.23549999E+02  0.19317E+06
 0.23599998E+02  0.19360E+06
 0.23649998E+02  0.19404E+06
 0.23699999E+02  0.19449E+06
 0.23749998E+02  0.19492E+06
 0.23799999E+02  0.19536E+06
 0.23849998E+02  0.19583E+06
 0.23899998E+02  0.19626E+06
 0.23949999E+02  0.19671E+06
 0.23999998E+02  0.19719E+06
 0.24049999E+02  0.19765E+06
 0.24099998E+02  0.19805E+06
 0.24149998E+02  0.19847E+06
 0.24199999E+02  0.19896E+06
 0.24249998E+02  0.19937E+06
 0.24299999E+02  0.19970E+06
 0.24349998E+02  0.20011E+06
 0.24399998E+02  0.20054E+06
 0.24449999E+02  0.20093E+06
 0.24499998E+02  0.20130E+06
 0.24549999E+02  0.20164E+06
 0.24599998E+02  0.20200E+06
 0.24649998E+02  0.20235E+06
 0.24699999E+02  0.20262E+06
 0.24749998E+02  0.20291E+06
 0.24799999E+02  0.20324E+06
 0.24849998E+02  0.20352E+06
 0.24899998E+02  0.20375E+06
 0.24949999E+02  0.20398E+06
 0.24999998E+02  0.20422E+06
 0.25049999E+02  0.20444E+06
 0.25099998E+02  0.20462E+06
 0.25149998E+02  0.20481E+06
 0.25199999E+02  0.20503E+06
 0.25249998E+02  0.20519E+06
 0.25299999E+02  0.20531E+06
 0.25349998E+02  0.20546E+06
 0.25399998E+02  0.20560E+06
 0.25449999E+02  0.20572E+06
 0.25499998E+02  0.20583E+06
 0.25549999E+02  0.20591E+06
 0.25599998E+02  0.20603E+06
 0.25649998E+02  0.20613E+06
 0.25699999E+02  0.20616E+06
 0.25749998E+02  0.20621E+06
 0.25799999E+02  0.20628E+06
 0.25849998E+02  0.20634E+06
 0.25899998E+02  0.20637E+06
 0.25949999E+02  0.20643E+06
 0.25999998E+02  0.20648E+06
 0.26049997E+02  0.20650E+06
 0.26099998E+02  0.20651E+06
 0.26149998E+02  0.20657E+06
 0.26199999E+02  0.20662E+06
 0.26249998E+02  0.20665E+06
 0.26299997E+02  0.20672E+06
 0.26349998E+02  0.20678E+06
 0.26399998E+02  0.20682E+06
 0.26449999E+02  0.20691E+06
 0.26499998E+02  0.20703E+06
 0.26549997E+02  0.20711E+06
 0.26599998E+02  0.20720E+06
 0.26649998E+02  0.20728E+06
 0.26699999E+02  0.20738E+06
 0.26749998E+02  0.20750E+06
 0.26799997E+02  0.20762E+06
 0.26849998E+02  0.20773E+06
 0.26899998E+02  0.20783E+06
 0.26949999E+02  0.20798E+06
 0.26999998E+02  0.20812E+06
 0.27049997E+02  0.20823E+06
 0.27099998E+02  0.20834E+06
 0.27149998E+02  0.20844E+06
 0.27199999E+02  0.20850E+06
 0.27249998E+02  0.20856E+06
 0.27299997E+02  0.20865E+06
 0.27349998E+02  0.20871E+06
 0.27399998E+02  0.20877E+06
 0.27449999E+02  0.20882E+06
 0.27499998E+02  0.20885E+06
 0.27549997E+02  0.20889E+06
 0.27599998E+02  0.20894E+06
 0.27649998E+02  0.20900E+06
 0.27699999E+02  0.20902E+06
 0.27749998E+02  0.20905E+06
 0.27799997E+02  0.20908E+06
 0.27849998E+02  0.20913E+06
 0.27899998E+02  0.20919E+06
 0.27949999E+02  0.20917E+06
 0.27999998E+02  0.20919E+06
 0.28049997E+02  0.20926E+06
 0.28099998E+02  0.20924E+06
 0.28149998E+02  0.20922E+06
 0.28199999E+02  0.20924E+06
 0.28249998E+02  0.20924E+06
 0.28299997E+02  0.20921E+06
 0.28349998E+02  0.20919E+06
 0.28399998E+02  0.20917E+06
 0.28449999E+02  0.20913E+06
 0.28499998E+02  0.20908E+06
 0.28549997E+02  0.20907E+06
 0.28599998E+02  0.20907E+06
 0.28649998E+02  0.20902E+06
 0.28699999E+02  0.20897E+06
 0.28749998E+02  0.20896E+06
 0.28799997E+02  0.20893E+06
 0.28849998E+02  0.20889E+06
 0.28899998E+02  0.20887E+06
 0.28949999E+02  0.20885E+06
 0.28999998E+02  0.20883E+06
 0.29049999E+02  0.20883E+06
 0.29099998E+02  0.20884E+06
 0.29149998E+02  0.20884E+06
 0.29199997E+02  0.20885E+06
 0.29249996E+02  0.20889E+06
 0.29299999E+02  0.20892E+06
 0.29349998E+02  0.20889E+06
 0.29399998E+02  0.20891E+06
 0.29449997E+02  0.20896E+06
 0.29499996E+02  0.20891E+06
 0.29549999E+02  0.20891E+06
 0.29599998E+02  0.20892E+06
 0.29649998E+02  0.20888E+06
 0.29699997E+02  0.20886E+06
 0.29749996E+02  0.20884E+06
 0.29799999E+02  0.20881E+06
 0.29849998E+02  0.20878E+06
 0.29899998E+02  0.20874E+06
 0.29949997E+02  0.20873E+06
 0.29999996E+02  0.20868E+06
 0.30049999E+02  0.20858E+06
 0.30099998E+02  0.20850E+06
 0.30149998E+02  0.20845E+06
 0.30199997E+02  0.20838E+06
 0.30249996E+02  0.20829E+06
 0.30299999E+02  0.20821E+06
 0.30349998E+02  0.20812E+06
 0.30399998E+02  0.20801E+06
 0.30449997E+02  0.20791E+06
 0.30499996E+02  0.20781E+06
 0.30549999E+02  0.20767E+06
 0.30599998E+02  0.20752E+06
 0.30649998E+02  0.20740E+06
 0.30699997E+02  0.20726E+06
 0.30749996E+02  0.20708E+06
 0.30799999E+02  0.20694E+06
 0.30849998E+02  0.20680E+06
 0.30899998E+02  0.20661E+06
 0.30949997E+02  0.20639E+06
 0.30999996E+02  0.20620E+06
 0.31049999E+02  0.20604E+06
 0.31099998E+02  0.20584E+06
 0.31149998E+02  0.20564E+06
 0.31199997E+02  0.20547E+06
 0.31249996E+02  0.20534E+06
 0.31299999E+02  0.20515E+06
 0.31349998E+02  0.20493E+06
 0.31399998E+02  0.20480E+06
 0.31449997E+02  0.20464E+06
 0.31499996E+02  0.20441E+06
 0.31549999E+02  0.20427E+06
 0.31599998E+02  0.20414E+06
 0.31649998E+02  0.20398E+06
 0.31699997E+02  0.20386E+06
 0.31749996E+02  0.20376E+06
 0.31799999E+02  0.20358E+06
 0.31849998E+02  0.20344E+06
 0.31899998E+02  0.20336E+06
 0.31949997E+02  0.20325E+06
 0.31999996E+02  0.20317E+06
 0.32049999E+02  0.20312E+06
 0.32099998E+02  0.20301E+06
 0.32149998E+02  0.20292E+06
 0.32199997E+02  0.20290E+06
 0.32249996E+02  0.20286E+06
 0.32299999E+02  0.20277E+06
 0.32349998E+02  0.20269E+06
 0.32399998E+02  0.20268E+06
 0.32449997E+02  0.20268E+06
 0.32499996E+02  0.20265E+06
 0.32549999E+02  0.20262E+06
 0.32599998E+02  0.20261E+06
 0.32649998E+02  0.20258E+06
 0.32699997E+02  0.20253E+06
 0.32749996E+02  0.20250E+06
 0.32799999E+02  0.20250E+06
 0.32849998E+02  0.20252E+06
 0.32899998E+02  0.20253E+06
 0.32949997E+02  0.20253E+06
 0.32999996E+02  0.20253E+06
 0.33049999E+02  0.20253E+06
 0.33099998E+02  0.20252E+06
 0.33149998E+02  0.20252E+06
 0.33199997E+02  0.20254E+06
 0.33249996E+02  0.20257E+06
 0.33299999E+02  0.20257E+06
 0.33349998E+02  0.20254E+06
 0.33399998E+02  0.20256E+06
 0.33449997E+02  0.20262E+06
 0.33499996E+02  0.20264E+06
 0.33549999E+02  0.20263E+06
 0.33599998E+02  0.20268E+06
 0.33649998E+02  0.20274E+06
 0.33699997E+02  0.20277E+06
 0.33749996E+02  0.20282E+06
 0.33799999E+02  0.20291E+06
 0.33849998E+02  0.20296E+06
 0.33899998E+02  0.20303E+06
 0.33949997E+02  0.20314E+06
 0.33999996E+02  0.20323E+06
 0.34049999E+02  0.20335E+06
 0.34099998E+02  0.20349E+06
 0.34149998E+02  0.20362E+06
 0.34199997E+02  0.20377E+06
 0.34249996E+02  0.20393E+06
 0.34299999E+02  0.20411E+06
 0.34349998E+02  0.20427E+06
 0.34399998E+02  0.20443E+06
 0.34449997E+02  0.20466E+06
 0.34499996E+02  0.20489E+06
 0.34549999E+02  0.20508E+06
 0.34599998E+02  0.20529E+06
 0.34649998E+02  0.20553E+06
 0.34699997E+02  0.20578E+06
 0.34749996E+02  0.20601E+06
 0.34799999E+02  0.20622E+06
 0.34849998E+02  0.20646E+06
 0.34899998E+02  0.20671E+06
 0.34949997E+02  0.20693E+06
 0.34999996E+02  0.20721E+06
 0.35049999E+02  0.20750E+06
 0.35099998E+02  0.20773E+06
 0.35149998E+02  0.20799E+06
 0.35199997E+02  0.20827E+06
 0.35249996E+02  0.20852E+06
 0.35299999E+02  0.20879E+06
 0.35349998E+02  0.20907E+06
 0.35399998E+02  0.20934E+06
 0.35449997E+02  0.20962E+06
 0.35499996E+02  0.20988E+06
 0.35549999E+02  0.21012E+06
 0.35599998E+02  0.21041E+06
 0.35649998E+02  0.21069E+06
 0.35699997E+02  0.21092E+06
 0.35749996E+02  0.21119E+06
 0.35799999E+02  0.21146E+06
 0.35849998E+02  0.21168E+06
 0.35899998E+02  0.21196E+06
 0.35949997E+02  0.21224E+06
 0.35999996E+02  0.21249E+06
 0.36049999E+02  0.21275E+06
 0.36099998E+02  0.21302E+06
 0.36149998E+02  0.21327E+06
 0.36199997E+02  0.21352E+06
 0.36249996E+02  0.21378E+06
 0.36299999E+02  0.21403E+06
 0.36349998E+02  0.21428E+06
 0.36399998E+02  0.21452E+06
 0.36449997E+02  0.21477E+06
 0.36499996E+02  0.21503E+06
 0.36549999E+02  0.21525E+06
 0.36599998E+02  0.21547E+06
 0.36649998E+02  0.21572E+06
 0.36699997E+02  0.21595E+06
 0.36749996E+02  0.21615E+06
 0.36799999E+02  0.21635E+06
 0.36849998E+02  0.21658E+06
 0.36899998E+02  0.21682E+06
 0.36949997E+02  0.21701E+06
 0.36999996E+02  0.21721E+06
 0.37049999E+02  0.21746E+06
 0.37099998E+02  0.21767E+06
 0.37149998E+02  0.21786E+06
 0.37199997E+02  0.21808E+06
 0.37249996E+02  0.21832E+06
 0.37299999E+02  0.21852E+06
 0.37349998E+02  0.21874E+06
 0.37399998E+02  0.21895E+06
 0.37449997E+02  0.21916E+06
 0.37499996E+02  0.21937E+06
 0.37549999E+02  0.21957E+06
 0.37599998E+02  0.21978E+06
 0.37649998E+02  0.21999E+06
 0.37699997E+02  0.22021E+06
 0.37749996E+02  0.22042E+06
 0.37799999E+02  0.22063E+06
 0.37849998E+02  0.22087E+06
 0.37899998E+02  0.22111E+06
 0.37949997E+02  0.22131E+06
 0.37999996E+02  0.22155E+06
 0.38049999E+02  0.22180E+06
 0.38099998E+02  0.22204E+06
 0.38149998E+02  0.22226E+06
 0.38199997E+02  0.22247E+06
 0.38249996E+02  0.22269E+06
 0.38299999E+02  0.22295E+06
 0.38349998E+02  0.22319E+06
 0.38399998E+02  0.22339E+06
 0.38449997E+02  0.22364E+06
 0.38499996E+02  0.22391E+06
 0.38549999E+02  0.22413E+06
 0.38599998E+02  0.22437E+06
 0.38649998E+02  0.22463E+06
 0.38699997E+02  0.22484E+06
 0.38749996E+02  0.22503E+06
 0.38799999E+02  0.22526E+06
 0.38849998E+02  0.22551E+06
 0.38899998E+02  0.22572E+06
 0.38949997E+02  0.22590E+06
 0.38999996E+02  0.22609E+06
 0.39049999E+02  0.22630E+06
 0.39099998E+02  0.22646E+06
 0.39149998E+02  0.22661E+06
 0.39199997E+02  0.22677E+06
 0.39249996E+02  0.22690E+06
 0.39299999E+02  0.22702E+06
 0.39349998E+02  0.22718E+06
 0.39399998E+02  0.22732E+06
 0.39449997E+02  0.22744E+06
 0.39499996E+02  0.22756E+06
 0.39549999E+02  0.22768E+06
 0.39599998E+02  0.22779E+06
 0.39649998E+02  0.22790E+06
 0.39699997E+02  0.22803E+06
 0.39749996E+02  0.22814E+06
 0.39799999E+02  0.22823E+06
 0.39849998E+02  0.22834E+06
 0.39899998E+02  0.22848E+06
 0.39949997E+02  0.22859E+06
 0.39999996E+02  0.22868E+06
 0.40049999E+02  0.22879E+06
 0.40099998E+02  0.22887E+06
 0.40149998E+02  0.22896E+06
 0.40199997E+02  0.22907E+06
 0.40249996E+02  0.22919E+06
 0.40299999E+02  0.22932E+06
 0.40349998E+02  0.22945E+06
 0.40399998E+02  0.22958E+06
 0.40449997E+02  0.22971E+06
 0.40499996E+02  0.22988E+06
 0.40549999E+02  0.23006E+06
 0.40599998E+02  0.23025E+06
 0.40649998E+02  0.23043E+06
 0.40699997E+02  0.23060E+06
 0.40749996E+02  0.23078E+06
 0.40799999E+02  0.23097E+06
 0.40849998E+02  0.23113E+06
 0.40899998E+02  0.23132E+06
 0.40949997E+02  0.23153E+06
 0.40999996E+02  0.23171E+06
 0.41049999E+02  0.23189E+06
 0.41099998E+02  0.23210E+06
 0.41149998E+02  0.23229E+06
 0.41199997E+02  0.23250E+06
 0.41249996E+02  0.23273E+06
 0.41299999E+02  0.23290E+06
 0.41349998E+02  0.23305E+06
 0.41399998E+02  0.23327E+06
 0.41449997E+02  0.23345E+06
 0.41499996E+02  0.23361E+06
 0.41549999E+02  0.23380E+06
 0.41599998E+02  0.23396E+06
 0.41649998E+02  0.23407E+06
 0.41699997E+02  0.23421E+06
 0.41749996E+02  0.23436E+06
 0.41799995E+02  0.23449E+06
 0.41849998E+02  0.23459E+06
 0.41899998E+02  0.23466E+06
 0.41949997E+02  0.23475E+06
 0.41999996E+02  0.23484E+06
 0.42049995E+02  0.23489E+06
 0.42099998E+02  0.23492E+06
 0.42149998E+02  0.23496E+06
 0.42199997E+02  0.23496E+06
 0.42249996E+02  0.23493E+06
 0.42299995E+02  0.23489E+06
 0.42349998E+02  0.23485E+06
 0.42399998E+02  0.23481E+06
 0.42449997E+02  0.23474E+06
 0.42499996E+02  0.23466E+06
 0.42549995E+02  0.23455E+06
 0.42599998E+02  0.23445E+06
 0.42649998E+02  0.23433E+06
 0.42699997E+02  0.23420E+06
 0.42749996E+02  0.23409E+06
 0.42799995E+02  0.23394E+06
 0.42849998E+02  0.23378E+06
 0.42899998E+02  0.23366E+06
 0.42949997E+02  0.23350E+06
 0.42999996E+02  0.23331E+06
 0.43049995E+02  0.23315E+06
 0.43099998E+02  0.23298E+06
 0.43149998E+02  0.23280E+06
 0.43199997E+02  0.23263E+06
 0.43249996E+02  0.23246E+06
 0.43299995E+02  0.23229E+06
 0.43349998E+02  0.23211E+06
 0.43399998E+02  0.23196E+06
 0.43449997E+02  0.23180E+06
 0.43499996E+02  0.23162E+06
 0.43549995E+02  0.23147E+06
 0.43599998E+02  0.23134E+06
 0.43649998E+02  0.23121E+06
 0.43699997E+02  0.23110E+06
 0.43749996E+02  0.23101E+06
 0.43799995E+02  0.23091E+06
 0.43849998E+02  0.23082E+06
 0.43899998E+02  0.23075E+06
 0.43949997E+02  0.23070E+06
 0.43999996E+02  0.23064E+06
 0.44049995E+02  0.23060E+06
 0.44099998E+02  0.23058E+06
 0.44149998E+02  0.23056E+06
 0.44199997E+02  0.23054E+06
 0.44249996E+02  0.23055E+06
 0.44299995E+02  0.23058E+06
 0.44349998E+02  0.23059E+06
 0.44399998E+02  0.23059E+06
 0.44449997E+02  0.23061E+06
 0.44499996E+02  0.23066E+06
 0.44549995E+02  0.23071E+06
 0.44599998E+02  0.23074E+06
 0.44649998E+02  0.23077E+06
 0.44699997E+02  0.23079E+06
 0.44749996E+02  0.23085E+06
 0.44799995E+02  0.23090E+06
 0.44849998E+02  0.23092E+06
 0.44899998E+02  0.23097E+06
 0.44949997E+02  0.23099E+06
 0.44999996E+02  0.23100E+06
 0.45049995E+02  0.23107E+06
 0.45099998E+02  0.23113E+06
 0.45149998E+02  0.23116E+06
 0.45199997E+02  0.23122E+06
 0.45249996E+02  0.23125E+06
 0.45299995E+02  0.23125E+06
 0.45349998E+02  0.23129E+06
 0.45399998E+02  0.23133E+06
 0.45449997E+02  0.23138E+06
 0.45499996E+02  0.23140E+06
 0.45549995E+02  0.23139E+06
 0.45599998E+02  0.23145E+06
 0.45649998E+02  0.23149E+06
 0.45699997E+02  0.23147E+06
 0.45749996E+02  0.23148E+06
 0.45799995E+02  0.23152E+06
 0.45849998E+02  0.23154E+06
 0.45899998E+02  0.23157E+06
 0.45949997E+02  0.23163E+06
 0.45999996E+02  0.23167E+06
 0.46049995E+02  0.23171E+06
 0.46099998E+02  0.23176E+06
 0.46149998E+02  0.23180E+06
 0.46199997E+02  0.23186E+06
 0.46249996E+02  0.23190E+06
 0.46299995E+02  0.23194E+06
 0.46349998E+02  0.23205E+06
 0.46399998E+02  0.23212E+06
 0.46449997E+02  0.23214E+06
 0.46499996E+02  0.23225E+06
 0.46549995E+02  0.23240E+06
 0.46599998E+02  0.23250E+06
 0.46649998E+02  0.23259E+06
 0.46699997E+02  0.23271E+06
 0.46749996E+02  0.23284E+06
 0.46799995E+02  0.23294E+06
 0.46849998E+02  0.23304E+06
 0.46899998E+02  0.23316E+06
 0.46949997E+02  0.23334E+06
 0.46999996E+02  0.23347E+06
 0.47049995E+02  0.23354E+06
 0.47099998E+02  0.23370E+06
 0.47149998E+02  0.23386E+06
 0.47199997E+02  0.23398E+06
 0.47249996E+02  0.23410E+06
 0.47299995E+02  0.23424E+06
 0.47349998E+02  0.23434E+06
 0.47399998E+02  0.23446E+06
 0.47449997E+02  0.23460E+06
 0.47499996E+02  0.23475E+06
 0.47549995E+02  0.23488E+06
 0.47599998E+02  0.23500E+06
 0.47649998E+02  0.23510E+06
 0.47699997E+02  0.23523E+06
 0.47749996E+02  0.23533E+06
 0.47799995E+02  0.23544E+06
 0.47849998E+02  0.23557E+06
 0.47899998E+02  0.23570E+06
 0.47949997E+02  0.23580E+06
 0.47999996E+02  0.23589E+06
 0.48049995E+02  0.23601E+06
 0.48099998E+02  0.23613E+06
 0.48149998E+02  0.23621E+06
 0.48199997E+02  0.23627E+06
 0.48249996E+02  0.23634E+06
 0.48299995E+02  0.23640E+06
 0.48349998E+02  0.23644E+06
 0.48399998E+02  0.23649E+06
 0.48449997E+02  0.23655E+06
 0.48499996E+02  0.23659E+06
 0.48549995E+02  0.23658E+06
 0.48599998E+02  0.23660E+06
 0.48649998E+02  0.23662E+06
 0.48699997E+02  0.23659E+06
 0.48749996E+02  0.23657E+06
 0.48799995E+02  0.23655E+06
 0.48849998E+02  0.23652E+06
 0.48899998E+02  0.23649E+06
 0.48949997E+02  0.23641E+06
 0.48999996E+02  0.23633E+06
 0.49049995E+02  0.23628E+06
 0.49099998E+02  0.23618E+06
 0.49149998E+02  0.23605E+06
 0.49199997E+02  0.23593E+06
 0.49249996E+02  0.23579E+06
 0.49299995E+02  0.23561E+06
 0.49349998E+02  0.23547E+06
 0.49399998E+02  0.23528E+06
 0.49449997E+02  0.23506E+06
 0.49499996E+02  0.23490E+06
 0.49549995E+02  0.23471E+06
 0.49599998E+02  0.23448E+06
 0.49649998E+02  0.23425E+06
 0.49699997E+02  0.23401E+06
 0.49749996E+02  0.23373E+06
 0.49799995E+02  0.23341E+06
 0.49849998E+02  0.23309E+06
 0.49899998E+02  0.23280E+06
 0.49949997E+02  0.23249E+06
 0.49999996E+02  0.23216E+06
 0.50049995E+02  0.23184E+06
 0.50099998E+02  0.23147E+06
 0.50149998E+02  0.23115E+06
 0.50199997E+02  0.23083E+06
 0.50249996E+02  0.23046E+06
 0.50299995E+02  0.23013E+06
 0.50349998E+02  0.22980E+06
 0.50399998E+02  0.22940E+06
 0.50449997E+02  0.22905E+06
 0.50499996E+02  0.22873E+06
 0.50549995E+02  0.22837E+06
 0.50599998E+02  0.22803E+06
 0.50649998E+02  0.22767E+06
 0.50699997E+02  0.22730E+06
 0.50749996E+02  0.22696E+06
 0.50799995E+02  0.22662E+06
 0.50849998E+02  0.22625E+06
 0.50899998E+02  0.22587E+06
 0.50949997E+02  0.22549E+06
 0.50999996E+02  0.22514E+06
 0.51049995E+02  0.22480E+06
 0.51099998E+02  0.22440E+06
 0.51149998E+02  0.22405E+06
 0.51199997E+02  0.22378E+06
 0.51249996E+02  0.22345E+06
 0.51299995E+02  0.22312E+06
 0.51349998E+02  0.22284E+06
 0.51399998E+02  0.22256E+06
 0.51449997E+02  0.22224E+06
 0.51499996E+02  0.22193E+06
 0.51549995E+02  0.22165E+06
 0.51599998E+02  0.22140E+06
 0.51649998E+02  0.22114E+06
 0.51699997E+02  0.22090E+06
 0.51749996E+02  0.22066E+06
 0.51799995E+02  0.22044E+06
 0.51849998E+02  0.22020E+06
 0.51899998E+02  0.21998E+06
 0.51949997E+02  0.21980E+06
 0.51999996E+02  0.21961E+06
 0.52049995E+02  0.21944E+06
 0.52099998E+02  0.21929E+06
 0.52149998E+02  0.21916E+06
 0.52199997E+02  0.21905E+06
 0.52249996E+02  0.21892E+06
 0.52299995E+02  0.21883E+06
 0.52349998E+02  0.21875E+06
 0.52399998E+02  0.21865E+06
 0.52449997E+02  0.21861E+06
 0.52499996E+02  0.21858E+06
 0.52549995E+02  0.21851E+06
 0.52599998E+02  0.21854E+06
 0.52649998E+02  0.21859E+06
 0.52699997E+02  0.21862E+06
 0.52749996E+02  0.21866E+06
 0.52799995E+02  0.21873E+06
 0.52849998E+02  0.21882E+06
 0.52899998E+02  0.21893E+06
 0.52949997E+02  0.21906E+06
 0.52999996E+02  0.21919E+06
 0.53049995E+02  0.21934E+06
 0.53099998E+02  0.21950E+06
 0.53149998E+02  0.21969E+06
 0.53199997E+02  0.21993E+06
 0.53249996E+02  0.22014E+06
 0.53299995E+02  0.22038E+06
 0.53349998E+02  0.22066E+06
 0.53399998E+02  0.22090E+06
 0.53449997E+02  0.22118E+06
 0.53499996E+02  0.22150E+06
 0.53549995E+02  0.22180E+06
 0.53599998E+02  0.22211E+06
 0.53649998E+02  0.22242E+06
 0.53699997E+02  0.22275E+06
 0.53749996E+02  0.22306E+06
 0.53799995E+02  0.22335E+06
 0.53849998E+02  0.22368E+06
 0.53899998E+02  0.22402E+06
 0.53949997E+02  0.22434E+06
 0.53999996E+02  0.22470E+06
 0.54049995E+02  0.22508E+06
 0.54099998E+02  0.22540E+06
 0.54149998E+02  0.22571E+06
 0.54199997E+02  0.22611E+06
 0.54249996E+02  0.22651E+06
 0.54299995E+02  0.22689E+06
 0.54349998E+02  0.22725E+06
 0.54399998E+02  0.22759E+06
 0.54449997E+02  0.22791E+06
 0.54499996E+02  0.22824E+06
 0.54549995E+02  0.22858E+06
 0.54599998E+02  0.22893E+06
 0.54649998E+02  0.22930E+06
 0.54699997E+02  0.22962E+06
 0.54749996E+02  0.22991E+06
 0.54799995E+02  0.23020E+06
 0.54849995E+02  0.23046E+06
 0.54899998E+02  0.23074E+06
 0.54949997E+02  0.23099E+06
 0.54999996E+02  0.23121E+06
 0.55049995E+02  0.23143E+06
 0.55099995E+02  0.23168E+06
 0.55149998E+02  0.23188E+06
 0.55199997E+02  0.23205E+06
 0.55249996E+02  0.23227E+06
 0.55299995E+02  0.23247E+06
 0.55349995E+02  0.23262E+06
 0.55399998E+02  0.23277E+06
 0.55449997E+02  0.23290E+06
 0.55499996E+02  0.23304E+06
 0.55549995E+02  0.23317E+06
 0.55599995E+02  0.23328E+06
 0.55649998E+02  0.23339E+06
 0.55699997E+02  0.23350E+06
 0.55749996E+02  0.23359E+06
 0.55799995E+02  0.23370E+06
 0.55849995E+02  0.23379E+06
 0.55899998E+02  0.23384E+06
 0.55949997E+02  0.23389E+06
 0.55999996E+02  0.23395E+06
 0.56049995E+02  0.23401E+06
 0.56099995E+02  0.23404E+06
 0.56149998E+02  0.23406E+06
 0.56199997E+02  0.23409E+06
 0.56249996E+02  0.23413E+06
 0.56299995E+02  0.23417E+06
 0.56349995E+02  0.23420E+06
 0.56399998E+02  0.23421E+06
 0.56449997E+02  0.23422E+06
 0.56499996E+02  0.23424E+06
 0.56549995E+02  0.23424E+06
 0.56599995E+02  0.23427E+06
 0.56649998E+02  0.23430E+06
 0.56699997E+02  0.23430E+06
 0.56749996E+02  0.23432E+06
 0.56799995E+02  0.23438E+06
 0.56849995E+02  0.23441E+06
 0.56899998E+02  0.23442E+06
 0.56949997E+02  0.23448E+06
 0.56999996E+02  0.23453E+06
 0.57049995E+02  0.23454E+06
 0.57099995E+02  0.23458E+06
 0.57149998E+02  0.23462E+06
 0.57199997E+02  0.23466E+06
 0.57249996E+02  0.23471E+06
 0.57299995E+02  0.23475E+06
 0.57349995E+02  0.23479E+06
 0.57399998E+02  0.23482E+06
 0.57449997E+02  0.23486E+06
 0.57499996E+02  0.23492E+06
 0.57549995E+02  0.23494E+06
 0.57599995E+02  0.23495E+06
 0.57649998E+02  0.23502E+06
 0.57699997E+02  0.23509E+06
 0.57749996E+02  0.23511E+06
 0.57799995E+02  0.23514E+06
 0.57849995E+02  0.23521E+06
 0.57899998E+02  0.23528E+06
 0.57949997E+02  0.23533E+06
 0.57999996E+02  0.23536E+06
 0.58049995E+02  0.23542E+06
 0.58099995E+02  0.23552E+06
 0.58149998E+02  0.23558E+06
 0.58199997E+02  0.23562E+06
 0.58249996E+02  0.23570E+06
 0.58299995E+02  0.23580E+06
 0.58349995E+02  0.23591E+06
 0.58399998E+02  0.23601E+06
 0.58449997E+02  0.23616E+06
 0.58499996E+02  0.23634E+06
 0.58549995E+02  0.23649E+06
 0.58599995E+02  0.23664E+06
 0.58649998E+02  0.23681E+06
 0.58699997E+02  0.23698E+06
 0.58749996E+02  0.23715E+06
 0.58799995E+02  0.23735E+06
 0.58849995E+02  0.23757E+06
 0.58899998E+02  0.23779E+06
 0.58949997E+02  0.23799E+06
 0.58999996E+02  0.23821E+06
 0.59049995E+02  0.23845E+06
 0.59099995E+02  0.23867E+06
 0.59149998E+02  0.23889E+06
 0.59199997E+02  0.23917E+06
 0.59249996E+02  0.23943E+06
 0.59299995E+02  0.23969E+06
 0.59349995E+02  0.24000E+06
 0.59399998E+02  0.24028E+06
 0.59449997E+02  0.24053E+06
 0.59499996E+02  0.24080E+06
 0.59549995E+02  0.24107E+06
 0.59599995E+02  0.24135E+06
 0.59649998E+02  0.24161E+06
 0.59699997E+02  0.24187E+06
 0.59749996E+02  0.24216E+06
 0.59799995E+02  0.24244E+06
 0.59849995E+02  0.24268E+06
 0.59899998E+02  0.24295E+06
 0.59949997E+02  0.24321E+06
 0.59999996E+02  0.24342E+06
 0.60049995E+02  0.24368E+06
 0.60099995E+02  0.24395E+06
 0.60149998E+02  0.24419E+06
 0.60199997E+02  0.24446E+06
 0.60249996E+02  0.24470E+06
 0.60299995E+02  0.24490E+06
 0.60349995E+02  0.24510E+06
 0.60399998E+02  0.24527E+06
 0.60449997E+02  0.24543E+06
 0.60499996E+02  0.24560E+06
 0.60549995E+02  0.24573E+06
 0.60599995E+02  0.24584E+06
 0.60649998E+02  0.24596E+06
 0.60699997E+02  0.24610E+06
 0.60749996E+02  0.24625E+06
 0.60799995E+02  0.24636E+06
 0.60849995E+02  0.24646E+06
 0.60899998E+02  0.24657E+06
 0.60949997E+02  0.24663E+06
 0.60999996E+02  0.24669E+06
 0.61049995E+02  0.24681E+06
 0.61099998E+02  0.24689E+06
 0.61149994E+02  0.24694E+06
 0.61199997E+02  0.24698E+06
 0.61249992E+02  0.24703E+06
 0.61299995E+02  0.24708E+06
 0.61349998E+02  0.24709E+06
 0.61399994E+02  0.24707E+06
 0.61449997E+02  0.24697E+06
 0.61499992E+02  0.24687E+06
 0.61549995E+02  0.24674E+06
 0.61599998E+02  0.24652E+06
 0.61649994E+02  0.24636E+06
 0.61699997E+02  0.24625E+06
 0.61749992E+02  0.24609E+06
 0.61799995E+02  0.24595E+06
 0.61849998E+02  0.24571E+06
 0.61899994E+02  0.24526E+06
 0.61949997E+02  0.24472E+06
 0.61999992E+02  0.24389E+06
 0.62049995E+02  0.24228E+06
 0.62099998E+02  0.23960E+06
 0.62149994E+02  0.23569E+06
 0.62199997E+02  0.23012E+06
 0.62249992E+02  0.22287E+06
 0.62299995E+02  0.21435E+06
 0.62349998E+02  0.20455E+06
 0.62399994E+02  0.19323E+06
 0.62449997E+02  0.18047E+06
 0.62499992E+02  0.16636E+06
 0.62549995E+02  0.15035E+06
 0.62599998E+02  0.13178E+06
 0.62649994E+02  0.11143E+06
 0.62699997E+02  0.91081E+05
 0.62749992E+02  0.71631E+05
 0.62799995E+02  0.53214E+05
 0.62849998E+02  0.36768E+05
 0.62899994E+02  0.22464E+05
 0.62949997E+02  0.89970E+04
 0.62999992E+02 -0.39580E+04
 0.63049995E+02 -0.15419E+05
 0.63099998E+02 -0.26051E+05
 0.63149994E+02 -0.37657E+05
 0.63199997E+02 -0.48877E+05
 0.63249992E+02 -0.57670E+05
 0.63299995E+02 -0.64474E+05
 0.63349998E+02 -0.69333E+05
 0.63399994E+02 -0.70819E+05
 0.63449997E+02 -0.70422E+05
 0.63499992E+02 -0.71575E+05
 0.63549995E+02 -0.71879E+05
 0.63599998E+02 -0.65939E+05
 0.63649994E+02 -0.53765E+05
 0.63699997E+02 -0.40627E+05
 0.63749992E+02 -0.28349E+05
 0.63799995E+02 -0.13329E+05
 0.63849998E+02  0.69800E+04
 0.63899994E+02  0.32453E+05
 0.63949997E+02  0.60586E+05
 0.63999992E+02  0.87489E+05
 0.64049995E+02  0.10772E+06
 0.64099998E+02  0.12176E+06
 0.64149994E+02  0.13912E+06
 0.64199997E+02  0.16368E+06
 0.64249992E+02  0.18832E+06
 0.64299995E+02  0.20504E+06
 0.64349998E+02  0.21695E+06
 0.64399994E+02  0.23102E+06
 0.64449997E+02  0.24676E+06
 0.64499992E+02  0.26204E+06
 0.64549995E+02  0.27437E+06
 0.64599998E+02  0.27900E+06
 0.64649994E+02  0.27489E+06
 0.64699997E+02  0.27104E+06
 0.64749992E+02  0.27175E+06
 0.64799995E+02  0.26497E+06
 0.64849998E+02  0.23870E+06
 0.64899994E+02  0.19422E+06
 0.64949997E+02  0.14637E+06
 0.64999992E+02  0.10263E+06
 0.65049995E+02  0.55686E+05
 0.65099998E+02  0.11491E+05
 0.65149994E+02 -0.13562E+05
 0.65199997E+02 -0.23421E+05
 0.65249992E+02 -0.32803E+05
 0.65299995E+02 -0.36654E+05
 0.65349998E+02 -0.22260E+05
 0.65399994E+02  0.91200E+03
 0.65449997E+02  0.65640E+04
 0.65499992E+02 -0.90510E+04
 0.65549995E+02 -0.22723E+05
 0.65599998E+02 -0.31628E+05
 0.65649994E+02 -0.51595E+05
 0.65699997E+02 -0.79730E+05
 0.65749992E+02 -0.99860E+05
 0.65799995E+02 -0.11770E+06
 0.65849998E+02 -0.14776E+06
 0.65899994E+02 -0.17136E+06
 0.65949997E+02 -0.17011E+06
 0.65999992E+02 -0.15867E+06
 0.66049995E+02 -0.15783E+06
 0.66099998E+02 -0.16226E+06
 0.66149994E+02 -0.15429E+06
 0.66199997E+02 -0.14086E+06
 0.66249992E+02 -0.13516E+06
 0.66299995E+02 -0.14091E+06
 0.66349998E+02 -0.15993E+06
 0.66399994E+02 -0.18897E+06
 0.66449997E+02 -0.21807E+06
 0.66499992E+02 -0.24295E+06
 0.66549995E+02 -0.27450E+06
 0.66599998E+02 -0.32163E+06
 0.66649994E+02 -0.38326E+06
 0.66699997E+02 -0.44638E+06
 0.66749992E+02 -0.50487E+06
 0.66799995E+02 -0.56906E+06
 0.66849998E+02 -0.64584E+06
 0.66899994E+02 -0.72469E+06
 0.66949997E+02 -0.78588E+06
 0.66999992E+02 -0.84249E+06
 0.67049995E+02 -0.91629E+06
 0.67099998E+02 -0.10006E+07
 0.67149994E+02 -0.10740E+07
 0.67199997E+02 -0.11243E+07
 0.67249992E+02 -0.11623E+07
 0.67299995E+02 -0.11866E+07
 0.67349998E+02 -0.11775E+07
 0.67399994E+02 -0.11264E+07
 0.67449997E+02 -0.10437E+07
 0.67499992E+02 -0.94518E+06
 0.67549995E+02 -0.83567E+06
 0.67599998E+02 -0.72066E+06
 0.67649994E+02 -0.60690E+06
 0.67699997E+02 -0.49541E+06
 0.67749992E+02 -0.38688E+06
 0.67799995E+02 -0.27976E+06
 0.67849998E+02 -0.17250E+06
 0.67899994E+02 -0.65269E+05
 0.67949997E+02  0.22533E+05
 0.67999992E+02  0.49096E+05
 0.68049995E+02  0.35950E+04
 0.68099998E+02 -0.87302E+05
 0.68149994E+02 -0.19676E+06
 0.68199997E+02 -0.31181E+06
 0.68249992E+02 -0.43150E+06
 0.68299995E+02 -0.54126E+06
 0.68349998E+02 -0.58428E+06
 0.68399994E+02 -0.51202E+06
 0.68449997E+02 -0.34790E+06
 0.68499992E+02 -0.14891E+06
 0.68549995E+02  0.32172E+05
 0.68599998E+02  0.17034E+06
 0.68649994E+02  0.27609E+06
 0.68699997E+02  0.34708E+06
 0.68749992E+02  0.36017E+06
 0.68799995E+02  0.30508E+06
 0.68849998E+02  0.19362E+06
 0.68899994E+02  0.82885E+05
 0.68949997E+02  0.21948E+05
 0.68999992E+02 -0.80880E+04
 0.69049995E+02 -0.34534E+05
 0.69099998E+02 -0.56812E+05
 0.69149994E+02 -0.13600E+05
 0.69199997E+02  0.12107E+06
 0.69249992E+02  0.31074E+06
 0.69299995E+02  0.52354E+06
 0.69349998E+02  0.73073E+06
 0.69399994E+02  0.92356E+06
 0.69449997E+02  0.10537E+07
 0.69499992E+02  0.11082E+07
 0.69549995E+02  0.10885E+07
 0.69599998E+02  0.10486E+07
 0.69649994E+02  0.10908E+07
 0.69699997E+02  0.11741E+07
 0.69749992E+02  0.12433E+07
 0.69799995E+02  0.12725E+07
 0.69849998E+02  0.12630E+07
 0.69899994E+02  0.12358E+07
 0.69949997E+02  0.11975E+07
 0.69999992E+02  0.11667E+07
 0.70049995E+02  0.11384E+07
 0.70099998E+02  0.11069E+07
 0.70149994E+02  0.10689E+07
 0.70199997E+02  0.10434E+07
 0.70249992E+02  0.10375E+07
 0.70299995E+02  0.10263E+07
 0.70349998E+02  0.10032E+07
 0.70399994E+02  0.97321E+06
 0.70449997E+02  0.97102E+06
 0.70499992E+02  0.10295E+07
 0.70549995E+02  0.11464E+07
 0.70599998E+02  0.13135E+07
 0.70649994E+02  0.14975E+07
 0.70699997E+02  0.16487E+07
 0.70749992E+02  0.17313E+07
 0.70799995E+02  0.17040E+07
 0.70849998E+02  0.15722E+07
 0.70899994E+02  0.14104E+07
 0.70949997E+02  0.12890E+07
 0.70999992E+02  0.12297E+07
 0.71049995E+02  0.11906E+07
 0.71099998E+02  0.11245E+07
 0.71149994E+02  0.10539E+07
 0.71199997E+02  0.10312E+07
 0.71249992E+02  0.10672E+07
 0.71299995E+02  0.11347E+07
 0.71349998E+02  0.12009E+07
 0.71399994E+02  0.12571E+07
 0.71449997E+02  0.13162E+07
 0.71499992E+02  0.13766E+07
 0.71549995E+02  0.14182E+07
 0.71599998E+02  0.14280E+07
 0.71649994E+02  0.13926E+07
 0.71699997E+02  0.13013E+07
 0.71749992E+02  0.11727E+07
 0.71799995E+02  0.10402E+07
 0.71849998E+02  0.94392E+06
 0.71899994E+02  0.88898E+06
 0.71949997E+02  0.81902E+06
 0.71999992E+02  0.69160E+06
 0.72049995E+02  0.51996E+06
 0.72099998E+02  0.35831E+06
 0.72149994E+02  0.26606E+06
 0.72199997E+02  0.26710E+06
 0.72249992E+02  0.32645E+06
 0.72299995E+02  0.37129E+06
 0.72349998E+02  0.37203E+06
 0.72399994E+02  0.36855E+06
 0.72449997E+02  0.39514E+06
 0.72499992E+02  0.43200E+06
 0.72549995E+02  0.43600E+06
 0.72599998E+02  0.38618E+06
 0.72649994E+02  0.29049E+06
 0.72699997E+02  0.16968E+06
 0.72749992E+02  0.55445E+05
 0.72799995E+02 -0.18328E+05
 0.72849998E+02 -0.38712E+05
 0.72899994E+02 -0.32517E+05
 0.72949997E+02 -0.35600E+05
 0.72999992E+02 -0.57433E+05
 0.73049995E+02 -0.93005E+05
 0.73099998E+02 -0.13255E+06
 0.73149994E+02 -0.16770E+06
 0.73199997E+02 -0.20267E+06
 0.73249992E+02 -0.25466E+06
 0.73299995E+02 -0.33209E+06
 0.73349998E+02 -0.41950E+06
 0.73399994E+02 -0.47561E+06
 0.73449997E+02 -0.47263E+06
 0.73499992E+02 -0.43099E+06
 0.73549995E+02 -0.39042E+06
 0.73599998E+02 -0.38731E+06
 0.73649994E+02 -0.43012E+06
 0.73699997E+02 -0.50442E+06
 0.73749992E+02 -0.59227E+06
 0.73799995E+02 -0.66378E+06
 0.73849998E+02 -0.69114E+06
 0.73899994E+02 -0.67303E+06
 0.73949997E+02 -0.65034E+06
 0.73999992E+02 -0.67190E+06
 0.74049995E+02 -0.73545E+06
 0.74099998E+02 -0.78085E+06
 0.74149994E+02 -0.76377E+06
 0.74199997E+02 -0.70297E+06
 0.74249992E+02 -0.62768E+06
 0.74299995E+02 -0.55016E+06
 0.74349998E+02 -0.46243E+06
 0.74399994E+02 -0.34790E+06
 0.74449997E+02 -0.21015E+06
 0.74499992E+02 -0.65632E+05
 0.74549995E+02  0.47010E+05
 0.74599998E+02  0.67976E+05
 0.74649994E+02 -0.23724E+05
 0.74699997E+02 -0.17015E+06
 0.74749992E+02 -0.26090E+06
 0.74799995E+02 -0.22729E+06
 0.74849998E+02 -0.10995E+06
 0.74899994E+02  0.17088E+05
 0.74949997E+02  0.10712E+06
 0.74999992E+02  0.16018E+06
 0.75049995E+02  0.22066E+06
 0.75099998E+02  0.28170E+06
 0.75149994E+02  0.29912E+06
 0.75199997E+02  0.26501E+06
 0.75249992E+02  0.20687E+06
 0.75299995E+02  0.16688E+06
 0.75349998E+02  0.15952E+06
 0.75399994E+02  0.17874E+06
 0.75449997E+02  0.23495E+06
 0.75499992E+02  0.33766E+06
 0.75549995E+02  0.46755E+06
 0.75599998E+02  0.58360E+06
 0.75649994E+02  0.65366E+06
 0.75699997E+02  0.67687E+06
 0.75749992E+02  0.67162E+06
 0.75799995E+02  0.66464E+06
 0.75849998E+02  0.66514E+06
 0.75899994E+02  0.64665E+06
 0.75949997E+02  0.57321E+06
 0.75999992E+02  0.44632E+06
 0.76049995E+02  0.32674E+06
 0.76099998E+02  0.27947E+06
 0.76149994E+02  0.33238E+06
 0.76199997E+02  0.43464E+06
 0.76249992E+02  0.49804E+06
 0.76299995E+02  0.50587E+06
 0.76349998E+02  0.48031E+06
 0.76399994E+02  0.44981E+06
 0.76449997E+02  0.42744E+06
 0.76499992E+02  0.38954E+06
 0.76549995E+02  0.33975E+06
 0.76599998E+02  0.31640E+06
 0.76649994E+02  0.34328E+06
 0.76699997E+02  0.40052E+06
 0.76749992E+02  0.43491E+06
 0.76799995E+02  0.41576E+06
 0.76849998E+02  0.36714E+06
 0.76899994E+02  0.34924E+06
 0.76949997E+02  0.38538E+06
 0.76999992E+02  0.43491E+06
 0.77049995E+02  0.45626E+06
 0.77099998E+02  0.44677E+06
 0.77149994E+02  0.45121E+06
 0.77199997E+02  0.50945E+06
 0.77249992E+02  0.59811E+06
 0.77299995E+02  0.66505E+06
 0.77349998E+02  0.67642E+06
 0.77399994E+02  0.64222E+06
 0.77449997E+02  0.61304E+06
 0.77499992E+02  0.62860E+06
 0.77549995E+02  0.66994E+06
 0.77599998E+02  0.68976E+06
 0.77649994E+02  0.67108E+06
 0.77699997E+02  0.61841E+06
 0.77749992E+02  0.55036E+06
 0.77799995E+02  0.50318E+06
 0.77849998E+02  0.49757E+06
 0.77899994E+02  0.52122E+06
 0.77949997E+02  0.55143E+06
 0.77999992E+02  0.58697E+06
 0.78049995E+02  0.64025E+06
 0.78099998E+02  0.69893E+06
 0.78149994E+02  0.72256E+06
 0.78199997E+02  0.69456E+06
 0.78249992E+02  0.65037E+06
 0.78299995E+02  0.63901E+06
 0.78349998E+02  0.67213E+06
 0.78399994E+02  0.68966E+06
 0.78449997E+02  0.62686E+06
 0.78499992E+02  0.49675E+06
 0.78549995E+02  0.35911E+06
 0.78599998E+02  0.28018E+06
 0.78649994E+02  0.25262E+06
 0.78699997E+02  0.19593E+06
 0.78749992E+02  0.60458E+05
 0.78799995E+02 -0.13243E+06
 0.78849998E+02 -0.31012E+06
 0.78899994E+02 -0.40962E+06
 0.78949997E+02 -0.39228E+06
 0.78999992E+02 -0.31674E+06
 0.79049995E+02 -0.30598E+06
 0.79099998E+02 -0.40229E+06
 0.79149994E+02 -0.56624E+06
 0.79199997E+02 -0.69824E+06
 0.79249992E+02 -0.71524E+06
 0.79299995E+02 -0.63340E+06
 0.79349998E+02 -0.53048E+06
 0.79399994E+02 -0.44408E+06
 0.79449997E+02 -0.37644E+06
 0.79499992E+02 -0.33282E+06
 0.79549995E+02 -0.30142E+06
 0.79599998E+02 -0.28512E+06
 0.79649994E+02 -0.30913E+06
 0.79699997E+02 -0.38848E+06
 0.79749992E+02 -0.48094E+06
 0.79799995E+02 -0.51451E+06
 0.79849998E+02 -0.48080E+06
 0.79899994E+02 -0.42459E+06
 0.79949997E+02 -0.37435E+06
 0.79999992E+02 -0.32062E+06
 0.80049995E+02 -0.24259E+06
 0.80099998E+02 -0.15908E+06
 0.80149994E+02 -0.12308E+06
 0.80199997E+02 -0.16645E+06
 0.80249992E+02 -0.26084E+06
 0.80299995E+02 -0.31613E+06
 0.80349998E+02 -0.27513E+06
 0.80399994E+02 -0.17664E+06
 0.80449997E+02 -0.86485E+05
 0.80499992E+02 -0.35442E+05
 0.80549995E+02 -0.20496E+05
 0.80599998E+02 -0.63750E+04
 0.80649994E+02  0.46479E+05
 0.80699997E+02  0.13279E+06
 0.80749992E+02  0.22016E+06
 0.80799995E+02  0.28941E+06
 0.80849998E+02  0.34297E+06
 0.80899994E+02  0.39732E+06
 0.80949997E+02  0.45525E+06
 0.80999992E+02  0.49045E+06
 0.81049995E+02  0.48625E+06
 0.81099998E+02  0.45441E+06
 0.81149994E+02  0.41708E+06
 0.81199997E+02  0.39468E+06
 0.81249992E+02  0.38642E+06
 0.81299995E+02  0.38293E+06
 0.81349998E+02  0.38756E+06
 0.81399994E+02  0.41194E+06
 0.81449997E+02  0.46906E+06
 0.81499992E+02  0.56205E+06
 0.81549995E+02  0.67557E+06
 0.81599998E+02  0.77747E+06
 0.81649994E+02  0.84330E+06
 0.81699997E+02  0.87727E+06
 0.81749992E+02  0.89991E+06
 0.81799995E+02  0.92674E+06
 0.81849998E+02  0.95764E+06
 0.81899994E+02  0.98936E+06
 0.81949997E+02  0.10222E+07
 0.81999992E+02  0.10546E+07
 0.82049995E+02  0.10895E+07
 0.82099998E+02  0.11405E+07
 0.82149994E+02  0.12078E+07
 0.82199997E+02  0.12622E+07
 0.82249992E+02  0.12821E+07
 0.82299995E+02  0.12692E+07
 0.82349998E+02  0.12382E+07
 0.82399994E+02  0.12124E+07
 0.82449997E+02  0.11968E+07
 0.82499992E+02  0.11744E+07
 0.82549995E+02  0.11324E+07
 0.82599998E+02  0.10800E+07
 0.82649994E+02  0.10444E+07
 0.82699997E+02  0.10384E+07
 0.82749992E+02  0.10359E+07
 0.82799995E+02  0.10074E+07
 0.82849998E+02  0.95766E+06
 0.82899994E+02  0.91448E+06
 0.82949997E+02  0.91044E+06
 0.82999992E+02  0.95882E+06
 0.83049995E+02  0.10470E+07
 0.83099998E+02  0.11430E+07
 0.83149994E+02  0.12086E+07
 0.83199997E+02  0.12386E+07
 0.83249992E+02  0.12497E+07
 0.83299995E+02  0.12489E+07
 0.83349998E+02  0.12357E+07
 0.83399994E+02  0.12024E+07
 0.83449997E+02  0.11561E+07
 0.83499992E+02  0.11142E+07
 0.83549995E+02  0.10777E+07
 0.83599998E+02  0.10455E+07
 0.83649994E+02  0.10199E+07
 0.83699997E+02  0.99522E+06
 0.83749992E+02  0.95906E+06
 0.83799995E+02  0.90682E+06
 0.83849998E+02  0.83886E+06
 0.83899994E+02  0.75329E+06
 0.83949997E+02  0.65896E+06
 0.83999992E+02  0.57954E+06
 0.84049995E+02  0.53870E+06
 0.84099998E+02  0.52254E+06
 0.84149994E+02  0.49701E+06
 0.84199997E+02  0.45846E+06
 0.84249992E+02  0.43430E+06
 0.84299995E+02  0.45083E+06
 0.84349998E+02  0.50486E+06
 0.84399994E+02  0.56950E+06
 0.84449997E+02  0.60562E+06
 0.84499992E+02  0.58751E+06
 0.84549995E+02  0.51169E+06
 0.84599998E+02  0.39438E+06
 0.84649994E+02  0.27900E+06
 0.84699997E+02  0.20719E+06
 0.84749992E+02  0.17620E+06
 0.84799995E+02  0.13247E+06
 0.84849998E+02  0.49432E+05
 0.84899994E+02 -0.33561E+05
 0.84949997E+02 -0.81300E+05
 0.84999992E+02 -0.90802E+05
 0.85049995E+02 -0.68289E+05
 0.85099998E+02 -0.27048E+05
 0.85149994E+02  0.70010E+04
 0.85199997E+02  0.86160E+04
 0.85249992E+02 -0.17735E+05
 0.85299995E+02 -0.44639E+05
 0.85349998E+02 -0.55802E+05
 0.85399994E+02 -0.63161E+05
 0.85449997E+02 -0.99011E+05
 0.85499992E+02 -0.18392E+06
 0.85549995E+02 -0.31528E+06
 0.85599998E+02 -0.45141E+06
 0.85649994E+02 -0.51868E+06
 0.85699997E+02 -0.49065E+06
 0.85749992E+02 -0.41931E+06
 0.85799995E+02 -0.37328E+06
 0.85849998E+02 -0.37675E+06
 0.85899994E+02 -0.41161E+06
 0.85949997E+02 -0.43676E+06
 0.85999992E+02 -0.43817E+06
 0.86049995E+02 -0.44782E+06
 0.86099998E+02 -0.46850E+06
 0.86149994E+02 -0.48037E+06
 0.86199997E+02 -0.47794E+06
 0.86249992E+02 -0.47371E+06
 0.86299995E+02 -0.50367E+06
 0.86349998E+02 -0.57236E+06
 0.86399994E+02 -0.63669E+06
 0.86449997E+02 -0.65889E+06
 0.86499992E+02 -0.64255E+06
 0.86549995E+02 -0.61909E+06
 0.86599991E+02 -0.60468E+06
 0.86649994E+02 -0.57703E+06
 0.86699997E+02 -0.50806E+06
 0.86749992E+02 -0.40307E+06
 0.86799995E+02 -0.29006E+06
 0.86849991E+02 -0.19459E+06
 0.86899994E+02 -0.12196E+06
 0.86949997E+02 -0.64516E+05
 0.86999992E+02 -0.20668E+05
 0.87049995E+02 -0.82610E+04
 0.87099991E+02 -0.47130E+05
 0.87149994E+02 -0.12444E+06
 0.87199997E+02 -0.19541E+06
 0.87249992E+02 -0.23115E+06
 0.87299995E+02 -0.25968E+06
 0.87349991E+02 -0.31845E+06
 0.87399994E+02 -0.40210E+06
 0.87449997E+02 -0.47067E+06
 0.87499992E+02 -0.48952E+06
 0.87549995E+02 -0.46952E+06
 0.87599991E+02 -0.44341E+06
 0.87649994E+02 -0.41203E+06
 0.87699997E+02 -0.35178E+06
 0.87749992E+02 -0.25994E+06
 0.87799995E+02 -0.16982E+06
 0.87849991E+02 -0.11195E+06
 0.87899994E+02 -0.66281E+05
 0.87949997E+02  0.37530E+04
 0.87999992E+02  0.11196E+06
 0.88049995E+02  0.25318E+06
 0.88099991E+02  0.40111E+06
 0.88149994E+02  0.52034E+06
 0.88199997E+02  0.57192E+06
 0.88249992E+02  0.54459E+06
 0.88299995E+02  0.47945E+06
 0.88349991E+02  0.42972E+06
 0.88399994E+02  0.40723E+06
 0.88449997E+02  0.39079E+06
 0.88499992E+02  0.36704E+06
 0.88549995E+02  0.31541E+06
 0.88599991E+02  0.23749E+06
 0.88649994E+02  0.17099E+06
 0.88699997E+02  0.14346E+06
 0.88749992E+02  0.17273E+06
 0.88799995E+02  0.25890E+06
 0.88849991E+02  0.38295E+06
 0.88899994E+02  0.52196E+06
 0.88949997E+02  0.65232E+06
 0.88999992E+02  0.74410E+06
 0.89049995E+02  0.77350E+06
 0.89099991E+02  0.74548E+06
 0.89149994E+02  0.70049E+06
 0.89199997E+02  0.67897E+06
 0.89249992E+02  0.66259E+06
 0.89299995E+02  0.61938E+06
 0.89349991E+02  0.56165E+06
 0.89399994E+02  0.52156E+06
 0.89449997E+02  0.51943E+06
 0.89499992E+02  0.54584E+06
 0.89549995E+02  0.57219E+06
 0.89599991E+02  0.58614E+06
 0.89649994E+02  0.58513E+06
 0.89699997E+02  0.55866E+06
 0.89749992E+02  0.50771E+06
 0.89799995E+02  0.43597E+06
 0.89849991E+02  0.36273E+06
 0.89899994E+02  0.32130E+06
 0.89949997E+02  0.31601E+06
 0.89999992E+02  0.32595E+06
 0.90049995E+02  0.31913E+06
 0.90099991E+02  0.28543E+06
 0.90149994E+02  0.25715E+06
 0.90199997E+02  0.25983E+06
 0.90249992E+02  0.27896E+06
 0.90299995E+02  0.29070E+06
 0.90349991E+02  0.28684E+06
 0.90399994E+02  0.27598E+06
 0.90449997E+02  0.27253E+06
 0.90499992E+02  0.27744E+06
 0.90549995E+02  0.27512E+06
 0.90599991E+02  0.24463E+06
 0.90649994E+02  0.17819E+06
 0.90699997E+02  0.10241E+06
 0.90749992E+02  0.69336E+05
 0.90799995E+02  0.97256E+05
 0.90849991E+02  0.14051E+06
 0.90899994E+02  0.14412E+06
 0.90949997E+02  0.12243E+06
 0.90999992E+02  0.13364E+06
 0.91049995E+02  0.19004E+06
 0.91099991E+02  0.25059E+06
 0.91149994E+02  0.26908E+06
 0.91199997E+02  0.23153E+06
 0.91249992E+02  0.14466E+06
 0.91299995E+02  0.29860E+05
 0.91349991E+02 -0.71551E+05
 0.91399994E+02 -0.12875E+06
 0.91449997E+02 -0.12630E+06
 0.91499992E+02 -0.79939E+05
 0.91549995E+02 -0.39563E+05
 0.91599991E+02 -0.20620E+05
 0.91649994E+02  0.60860E+04
 0.91699997E+02  0.62568E+05
 0.91749992E+02  0.13165E+06
 0.91799995E+02  0.16465E+06
 0.91849991E+02  0.13335E+06
 0.91899994E+02  0.61265E+05
 0.91949997E+02  0.18499E+05
 0.91999992E+02  0.52654E+05
 0.92049995E+02  0.12730E+06
 0.92099991E+02  0.17692E+06
 0.92149994E+02  0.17040E+06
 0.92199997E+02  0.12297E+06
 0.92249992E+02  0.79131E+05
 0.92299995E+02  0.60261E+05
 0.92349991E+02  0.50916E+05
 0.92399994E+02  0.36639E+05
 0.92449997E+02  0.19462E+05
 0.92499992E+02  0.19222E+05
 0.92549995E+02  0.42797E+05
 0.92599991E+02  0.79521E+05
 0.92649994E+02  0.11122E+06
 0.92699997E+02  0.11149E+06
 0.92749992E+02  0.60186E+05
 0.92799995E+02 -0.60628E+05
 0.92849991E+02 -0.19976E+06
 0.92899994E+02 -0.27463E+06
 0.92949997E+02 -0.28105E+06
 0.92999992E+02 -0.25908E+06
 0.93049995E+02 -0.23826E+06
 0.93099991E+02 -0.21754E+06
 0.93149994E+02 -0.21668E+06
 0.93199997E+02 -0.27020E+06
 0.93249992E+02 -0.34304E+06
 0.93299995E+02 -0.39204E+06
 0.93349991E+02 -0.42203E+06
 0.93399994E+02 -0.42974E+06
 0.93449997E+02 -0.41922E+06
 0.93499992E+02 -0.40826E+06
 0.93549995E+02 -0.40368E+06
 0.93599991E+02 -0.42146E+06
 0.93649994E+02 -0.45718E+06
 0.93699997E+02 -0.45991E+06
 0.93749992E+02 -0.39559E+06
 0.93799995E+02 -0.28750E+06
 0.93849991E+02 -0.18393E+06
 0.93899994E+02 -0.13498E+06
 0.93949997E+02 -0.17034E+06
 0.93999992E+02 -0.28640E+06
 0.94049995E+02 -0.41580E+06
 0.94099991E+02 -0.47078E+06
 0.94149994E+02 -0.44959E+06
 0.94199997E+02 -0.39181E+06
 0.94249992E+02 -0.32950E+06
 0.94299995E+02 -0.28218E+06
 0.94349991E+02 -0.23695E+06
 0.94399994E+02 -0.16814E+06
 0.94449997E+02 -0.60484E+05
 0.94499992E+02  0.60466E+05
 0.94549995E+02  0.15855E+06
 0.94599991E+02  0.23527E+06
 0.94649994E+02  0.31739E+06
 0.94699997E+02  0.41514E+06
 0.94749992E+02  0.50693E+06
 0.94799995E+02  0.58630E+06
 0.94849991E+02  0.65032E+06
 0.94899994E+02  0.68918E+06
 0.94949997E+02  0.69571E+06
 0.94999992E+02  0.67368E+06
 0.95049995E+02  0.64477E+06
 0.95099991E+02  0.62889E+06
 0.95149994E+02  0.63906E+06
 0.95199997E+02  0.65486E+06
 0.95249992E+02  0.65431E+06
 0.95299995E+02  0.63487E+06
 0.95349991E+02  0.61900E+06
 0.95399994E+02  0.60433E+06
 0.95449997E+02  0.56896E+06
 0.95499992E+02  0.51210E+06
 0.95549995E+02  0.43970E+06
 0.95599991E+02  0.39651E+06
 0.95649994E+02  0.37124E+06
 0.95699997E+02  0.30579E+06
 0.95749992E+02  0.11889E+06
 0.95799995E+02 -0.17117E+06
 0.95849991E+02 -0.37412E+06
 0.95899994E+02 -0.44250E+06
 0.95949997E+02 -0.42552E+06
 0.95999992E+02 -0.26225E+06
 0.96049995E+02 -0.14172E+05
 0.96099991E+02  0.14253E+06
 0.96149994E+02  0.19748E+06
 0.96199997E+02  0.22404E+06
 0.96249992E+02  0.27482E+06
 0.96299995E+02  0.33966E+06
 0.96349991E+02  0.38883E+06
 0.96399994E+02  0.45463E+06
 0.96449997E+02  0.55827E+06
 0.96499992E+02  0.64814E+06
 0.96549995E+02  0.66304E+06
 0.96599991E+02  0.63068E+06
 0.96649994E+02  0.55942E+06
 0.96699997E+02  0.44543E+06
 0.96749992E+02  0.30525E+06
 0.96799995E+02  0.18869E+06
 0.96849991E+02  0.12622E+06
 0.96899994E+02  0.55441E+05
 0.96949997E+02 -0.42669E+05
 0.96999992E+02 -0.19301E+06
 0.97049995E+02 -0.35370E+06
 0.97099991E+02 -0.42299E+06
 0.97149994E+02 -0.41190E+06
 0.97199997E+02 -0.30125E+06
 0.97249992E+02 -0.10254E+06
 0.97299995E+02  0.80861E+05
 0.97349991E+02  0.24024E+06
 0.97399994E+02  0.39222E+06
 0.97449997E+02  0.53120E+06
 0.97499992E+02  0.67422E+06
 0.97549995E+02  0.82286E+06
 0.97599991E+02  0.94655E+06
 0.97649994E+02  0.10030E+07
 0.97699997E+02  0.10033E+07
 0.97749992E+02  0.96238E+06
 0.97799995E+02  0.89338E+06
 0.97849991E+02  0.82442E+06
 0.97899994E+02  0.75987E+06
 0.97949997E+02  0.71388E+06
 0.97999992E+02  0.70394E+06
 0.98049995E+02  0.74386E+06
 0.98099991E+02  0.84029E+06
 0.98149994E+02  0.10034E+07
 0.98199997E+02  0.12263E+07
 0.98249992E+02  0.14988E+07
 0.98299995E+02  0.17881E+07
 0.98349991E+02  0.20226E+07
 0.98399994E+02  0.21793E+07
 0.98449997E+02  0.22567E+07
 0.98499992E+02  0.23167E+07
 0.98549995E+02  0.23903E+07
 0.98599991E+02  0.24146E+07
 0.98649994E+02  0.23902E+07
 0.98699997E+02  0.23120E+07
 0.98749992E+02  0.21750E+07
 0.98799995E+02  0.20074E+07
 0.98849991E+02  0.18025E+07
 0.98899994E+02  0.15989E+07
 0.98949997E+02  0.14084E+07
 0.98999992E+02  0.12366E+07
 0.99049995E+02  0.10949E+07
 0.99099991E+02  0.94279E+06
 0.99149994E+02  0.82588E+06
 0.99199997E+02  0.74807E+06
 0.99249992E+02  0.75382E+06
 0.99299995E+02  0.78146E+06
 0.99349991E+02  0.70281E+06
 0.99399994E+02  0.71155E+06
 0.99449997E+02  0.84152E+06
 0.99499992E+02  0.94781E+06
 0.99549995E+02  0.10505E+07
 0.99599991E+02  0.11638E+07
 0.99649994E+02  0.12304E+07
 0.99699997E+02  0.13311E+07
 0.99749992E+02  0.14256E+07
 0.99799995E+02  0.13752E+07
 0.99849991E+02  0.13172E+07
 0.99899994E+02  0.12647E+07
 0.99949997E+02  0.11886E+07
 0.99999992E+02  0.10878E+07
 0.10005000E+03  0.91868E+06
 0.10009999E+03  0.75942E+06
 0.10014999E+03  0.69786E+06
 0.10020000E+03  0.70921E+06
 0.10024999E+03  0.62510E+06
 0.10030000E+03  0.55189E+06
 0.10034999E+03  0.65246E+06
 0.10039999E+03  0.80835E+06
 0.10045000E+03  0.90395E+06
 0.10049999E+03  0.87753E+06
 0.10055000E+03  0.77864E+06
 0.10059999E+03  0.69532E+06
 0.10064999E+03  0.64203E+06
 0.10070000E+03  0.61919E+06
 0.10074999E+03  0.65419E+06
 0.10080000E+03  0.77742E+06
 0.10084999E+03  0.98460E+06
 0.10089999E+03  0.11993E+07
 0.10095000E+03  0.13291E+07
 0.10099999E+03  0.13634E+07
 0.10105000E+03  0.12950E+07
 0.10109999E+03  0.11594E+07
 0.10114999E+03  0.10586E+07
 0.10120000E+03  0.10195E+07
 0.10124999E+03  0.10169E+07
 0.10130000E+03  0.10304E+07
 0.10134999E+03  0.10291E+07
 0.10139999E+03  0.97031E+06
 0.10145000E+03  0.83736E+06
 0.10149999E+03  0.65460E+06
 0.10155000E+03  0.44762E+06
 0.10159999E+03  0.22165E+06
 0.10164999E+03 -0.20792E+05
 0.10170000E+03 -0.24722E+06
 0.10174999E+03 -0.45164E+06
 0.10180000E+03 -0.70756E+06
 0.10184999E+03 -0.10104E+07
 0.10189999E+03 -0.12300E+07
 0.10195000E+03 -0.13439E+07
 0.10199999E+03 -0.14353E+07
 0.10205000E+03 -0.15348E+07
 0.10209999E+03 -0.16471E+07
 0.10214999E+03 -0.18138E+07
 0.10220000E+03 -0.20565E+07
 0.10224999E+03 -0.23069E+07
 0.10230000E+03 -0.25055E+07
 0.10234999E+03 -0.26575E+07
 0.10239999E+03 -0.27790E+07
 0.10245000E+03 -0.28618E+07
 0.10249999E+03 -0.28953E+07
 0.10255000E+03 -0.28915E+07
 0.10259999E+03 -0.28410E+07
 0.10264999E+03 -0.27489E+07
 0.10270000E+03 -0.26368E+07
 0.10274999E+03 -0.25025E+07
 0.10280000E+03 -0.23765E+07
 0.10284999E+03 -0.23037E+07
 0.10289999E+03 -0.23067E+07
 0.10295000E+03 -0.23901E+07
 0.10299999E+03 -0.25237E+07
 0.10305000E+03 -0.26771E+07
 0.10309999E+03 -0.28512E+07
 0.10314999E+03 -0.30286E+07
 0.10320000E+03 -0.31954E+07
 0.10324999E+03 -0.33558E+07
 0.10330000E+03 -0.35142E+07
 0.10334999E+03 -0.36470E+07
 0.10339999E+03 -0.37333E+07
 0.10345000E+03 -0.37965E+07
 0.10349999E+03 -0.38342E+07
 0.10355000E+03 -0.38589E+07
 0.10359999E+03 -0.38495E+07
 0.10364999E+03 -0.37876E+07
 0.10370000E+03 -0.36754E+07
 0.10374999E+03 -0.35333E+07
 0.10380000E+03 -0.34435E+07
 0.10384999E+03 -0.33824E+07
 0.10389999E+03 -0.32710E+07
 0.10395000E+03 -0.30993E+07
 0.10399999E+03 -0.28615E+07
 0.10405000E+03 -0.25669E+07
 0.10409999E+03 -0.22975E+07
 0.10414999E+03 -0.20440E+07
 0.10420000E+03 -0.17910E+07
 0.10424999E+03 -0.15792E+07
 0.10430000E+03 -0.14370E+07
 0.10434999E+03 -0.13290E+07
 0.10439999E+03 -0.11591E+07
 0.10445000E+03 -0.95613E+06
 0.10449999E+03 -0.67355E+06
 0.10455000E+03 -0.39657E+06
 0.10459999E+03 -0.22409E+06
 0.10464999E+03 -0.56057E+05
 0.10470000E+03  0.65379E+05
 0.10474999E+03  0.11592E+06
 0.10480000E+03  0.90242E+05
 0.10484999E+03  0.10282E+05
 0.10489999E+03 -0.52809E+05
 0.10495000E+03 -0.66857E+05
 0.10499999E+03 -0.29622E+05
 0.10505000E+03  0.72526E+05
 0.10509999E+03  0.25788E+06
 0.10514999E+03  0.46813E+06
 0.10520000E+03  0.67740E+06
 0.10524999E+03  0.88009E+06
 0.10530000E+03  0.10839E+07
 0.10534999E+03  0.13063E+07
 0.10539999E+03  0.15379E+07
 0.10545000E+03  0.17791E+07
 0.10549999E+03  0.20107E+07
 0.10555000E+03  0.22164E+07
 0.10559999E+03  0.24047E+07
 0.10564999E+03  0.25933E+07
 0.10570000E+03  0.28058E+07
 0.10574999E+03  0.30272E+07
 0.10580000E+03  0.31790E+07
 0.10584999E+03  0.32352E+07
 0.10589999E+03  0.32464E+07
 0.10595000E+03  0.32112E+07
 0.10599999E+03  0.31066E+07
 0.10605000E+03  0.29555E+07
 0.10609999E+03  0.27930E+07
 0.10614999E+03  0.26346E+07
 0.10620000E+03  0.24753E+07
 0.10624999E+03  0.23453E+07
 0.10630000E+03  0.22476E+07
 0.10634999E+03  0.21248E+07
 0.10639999E+03  0.19545E+07
 0.10645000E+03  0.17306E+07
 0.10649999E+03  0.14867E+07
 0.10655000E+03  0.12714E+07
 0.10659999E+03  0.10968E+07
 0.10664999E+03  0.95882E+06
 0.10670000E+03  0.82939E+06
 0.10674999E+03  0.69607E+06
 0.10680000E+03  0.54301E+06
 0.10684999E+03  0.37258E+06
 0.10689999E+03  0.23365E+06
 0.10695000E+03  0.12602E+06
 0.10699999E+03  0.74511E+05
 0.10705000E+03  0.13916E+06
 0.10709999E+03  0.26532E+06
 0.10714999E+03  0.36351E+06
 0.10720000E+03  0.36528E+06
 0.10724999E+03  0.30681E+06
 0.10730000E+03  0.29920E+06
 0.10734999E+03  0.33718E+06
 0.10739999E+03  0.35907E+06
 0.10745000E+03  0.29993E+06
 0.10749999E+03  0.14559E+06
 0.10755000E+03 -0.61985E+05
 0.10759999E+03 -0.25922E+06
 0.10764999E+03 -0.39760E+06
 0.10770000E+03 -0.49593E+06
 0.10774999E+03 -0.56506E+06
 0.10780000E+03 -0.60287E+06
 0.10784999E+03 -0.60126E+06
 0.10789999E+03 -0.55499E+06
 0.10795000E+03 -0.45169E+06
 0.10799999E+03 -0.29404E+06
 0.10805000E+03 -0.10725E+06
 0.10809999E+03  0.13265E+06
 0.10814999E+03  0.39733E+06
 0.10820000E+03  0.66673E+06
 0.10824999E+03  0.95800E+06
 0.10830000E+03  0.12649E+07
 0.10834999E+03  0.16104E+07
 0.10839999E+03  0.18852E+07
 0.10845000E+03  0.20662E+07
 0.10849999E+03  0.23010E+07
 0.10855000E+03  0.25394E+07
 0.10859999E+03  0.27285E+07
 0.10864999E+03  0.29201E+07
 0.10870000E+03  0.31021E+07
 0.10874999E+03  0.32600E+07
 0.10880000E+03  0.33995E+07
 0.10884999E+03  0.35458E+07
 0.10889999E+03  0.37104E+07
 0.10895000E+03  0.38711E+07
 0.10899999E+03  0.40211E+07
 0.10905000E+03  0.41697E+07
 0.10909999E+03  0.43239E+07
 0.10914999E+03  0.44795E+07
 0.10920000E+03  0.46253E+07
 0.10924999E+03  0.47360E+07
 0.10930000E+03  0.47866E+07
 0.10934999E+03  0.47809E+07
 0.10939999E+03  0.47340E+07
 0.10945000E+03  0.46684E+07
 0.10949999E+03  0.46150E+07
 0.10955000E+03  0.45862E+07
 0.10959999E+03  0.45760E+07
 0.10964999E+03  0.45630E+07
 0.10970000E+03  0.45339E+07
 0.10974999E+03  0.44879E+07
 0.10980000E+03  0.44114E+07
 0.10984999E+03  0.43022E+07
 0.10989999E+03  0.41616E+07
 0.10995000E+03  0.39981E+07
 0.10999999E+03  0.38170E+07
 0.11005000E+03  0.36117E+07
 0.11009999E+03  0.33817E+07
 0.11014999E+03  0.31267E+07
 0.11020000E+03  0.28594E+07
 0.11024999E+03  0.25915E+07
 0.11030000E+03  0.23307E+07
 0.11034999E+03  0.21033E+07
 0.11039999E+03  0.19057E+07
 0.11045000E+03  0.16592E+07
 0.11049999E+03  0.13388E+07
 0.11055000E+03  0.97205E+06
 0.11059999E+03  0.59928E+06
 0.11064999E+03  0.25112E+06
 0.11070000E+03 -0.77835E+05
 0.11074999E+03 -0.35668E+06
 0.11080000E+03 -0.58599E+06
 0.11084999E+03 -0.77211E+06
 0.11089999E+03 -0.93965E+06
 0.11095000E+03 -0.11013E+07
 0.11099999E+03 -0.12581E+07
 0.11105000E+03 -0.14231E+07
 0.11109999E+03 -0.15786E+07
 0.11114999E+03 -0.17537E+07
 0.11120000E+03 -0.19036E+07
 0.11124999E+03 -0.20121E+07
 0.11130000E+03 -0.21134E+07
 0.11134999E+03 -0.22152E+07
 0.11139999E+03 -0.23282E+07
 0.11145000E+03 -0.24420E+07
 0.11149999E+03 -0.25665E+07
 0.11155000E+03 -0.26696E+07
 0.11159999E+03 -0.27551E+07
 0.11164999E+03 -0.28342E+07
 0.11170000E+03 -0.29182E+07
 0.11174999E+03 -0.30093E+07
 0.11180000E+03 -0.30895E+07
 0.11184999E+03 -0.31804E+07
 0.11189999E+03 -0.32773E+07
 0.11195000E+03 -0.33863E+07
 0.11199999E+03 -0.35003E+07
 0.11205000E+03 -0.36031E+07
 0.11209999E+03 -0.36970E+07
 0.11214999E+03 -0.38084E+07
 0.11220000E+03 -0.39098E+07
 0.11224999E+03 -0.39749E+07
 0.11230000E+03 -0.40444E+07
 0.11234999E+03 -0.40788E+07
 0.11239999E+03 -0.40720E+07
 0.11244999E+03 -0.40475E+07
 0.11249999E+03 -0.39949E+07
 0.11255000E+03 -0.39885E+07
 0.11259999E+03 -0.40455E+07
 0.11264999E+03 -0.40731E+07
 0.11269999E+03 -0.40460E+07
 0.11274999E+03 -0.39964E+07
 0.11280000E+03 -0.39411E+07
 0.11284999E+03 -0.38862E+07
 0.11289999E+03 -0.38575E+07
 0.11294999E+03 -0.38459E+07
 0.11299999E+03 -0.38231E+07
 0.11305000E+03 -0.38007E+07
 0.11309999E+03 -0.37738E+07
 0.11314999E+03 -0.37184E+07
 0.11319999E+03 -0.36314E+07
 0.11324999E+03 -0.35271E+07
 0.11330000E+03 -0.34058E+07
 0.11334999E+03 -0.32806E+07
 0.11339999E+03 -0.31514E+07
 0.11344999E+03 -0.30274E+07
 0.11349999E+03 -0.29253E+07
 0.11355000E+03 -0.28542E+07
 0.11359999E+03 -0.28036E+07
 0.11364999E+03 -0.27351E+07
 0.11369999E+03 -0.26641E+07
 0.11374999E+03 -0.25758E+07
 0.11380000E+03 -0.24521E+07
 0.11384999E+03 -0.22909E+07
 0.11389999E+03 -0.21118E+07
 0.11394999E+03 -0.19490E+07
 0.11399999E+03 -0.17956E+07
 0.11405000E+03 -0.16745E+07
 0.11409999E+03 -0.15721E+07
 0.11414999E+03 -0.14678E+07
 0.11419999E+03 -0.13548E+07
 0.11424999E+03 -0.12221E+07
 0.11430000E+03 -0.10749E+07
 0.11434999E+03 -0.90102E+06
 0.11439999E+03 -0.70074E+06
 0.11444999E+03 -0.48791E+06
 0.11449999E+03 -0.27661E+06
 0.11455000E+03 -0.79530E+05
 0.11459999E+03  0.76024E+05
 0.11464999E+03  0.18649E+06
 0.11469999E+03  0.29173E+06
 0.11474999E+03  0.39794E+06
 0.11480000E+03  0.48587E+06
 0.11484999E+03  0.57609E+06
 0.11489999E+03  0.66969E+06
 0.11494999E+03  0.71407E+06
 0.11499999E+03  0.73711E+06
 0.11505000E+03  0.79141E+06
 0.11509999E+03  0.83416E+06
 0.11514999E+03  0.87618E+06
 0.11519999E+03  0.94499E+06
 0.11524999E+03  0.10253E+07
 0.11530000E+03  0.11274E+07
 0.11534999E+03  0.12313E+07
 0.11539999E+03  0.13455E+07
 0.11544999E+03  0.14689E+07
 0.11549999E+03  0.15858E+07
 0.11555000E+03  0.17219E+07
 0.11559999E+03  0.18710E+07
 0.11564999E+03  0.20310E+07
 0.11569999E+03  0.21951E+07
 0.11574999E+03  0.23580E+07
 0.11580000E+03  0.24980E+07
 0.11584999E+03  0.25757E+07
 0.11589999E+03  0.26412E+07
 0.11594999E+03  0.27159E+07
 0.11599999E+03  0.27698E+07
 0.11605000E+03  0.28156E+07
 0.11609999E+03  0.28252E+07
 0.11614999E+03  0.28113E+07
 0.11619999E+03  0.28264E+07
 0.11624999E+03  0.28518E+07
 0.11630000E+03  0.28693E+07
 0.11634999E+03  0.28743E+07
 0.11639999E+03  0.28965E+07
 0.11644999E+03  0.29439E+07
 0.11649999E+03  0.29742E+07
 0.11655000E+03  0.29691E+07
 0.11659999E+03  0.29571E+07
 0.11664999E+03  0.29691E+07
 0.11669999E+03  0.29712E+07
 0.11674999E+03  0.29711E+07
 0.11680000E+03  0.29919E+07
 0.11684999E+03  0.30098E+07
 0.11689999E+03  0.30133E+07
 0.11694999E+03  0.29815E+07
 0.11699999E+03  0.29070E+07
 0.11705000E+03  0.28080E+07
 0.11709999E+03  0.27242E+07
 0.11714999E+03  0.26644E+07
 0.11719999E+03  0.25869E+07
 0.11724999E+03  0.25002E+07
 0.11730000E+03  0.24392E+07
 0.11734999E+03  0.24048E+07
 0.11739999E+03  0.23850E+07
 0.11744999E+03  0.23812E+07
 0.11749999E+03  0.23900E+07
 0.11755000E+03  0.23908E+07
 0.11759999E+03  0.23647E+07
 0.11764999E+03  0.23203E+07
 0.11769999E+03  0.22837E+07
 0.11774999E+03  0.22385E+07
 0.11780000E+03  0.21937E+07
 0.11784999E+03  0.21771E+07
 0.11789999E+03  0.21795E+07
 0.11794999E+03  0.21904E+07
 0.11799999E+03  0.22012E+07
 0.11805000E+03  0.22075E+07
 0.11809999E+03  0.22074E+07
 0.11814999E+03  0.22206E+07
 0.11819999E+03  0.22274E+07
 0.11824999E+03  0.22236E+07
 0.11830000E+03  0.22407E+07
 0.11834999E+03  0.22531E+07
 0.11839999E+03  0.22425E+07
 0.11844999E+03  0.21917E+07
 0.11849999E+03  0.21323E+07
 0.11855000E+03  0.21045E+07
 0.11859999E+03  0.21067E+07
 0.11864999E+03  0.21402E+07
 0.11869999E+03  0.21920E+07
 0.11874999E+03  0.22755E+07
 0.11880000E+03  0.23474E+07
 0.11884999E+03  0.23578E+07
 0.11889999E+03  0.23314E+07
 0.11894999E+03  0.22960E+07
 0.11899999E+03  0.22603E+07
 0.11905000E+03  0.22230E+07
 0.11909999E+03  0.21963E+07
 0.11914999E+03  0.21706E+07
 0.11919999E+03  0.21383E+07
 0.11924999E+03  0.21023E+07
 0.11930000E+03  0.20508E+07
 0.11934999E+03  0.19787E+07
 0.11939999E+03  0.18931E+07
 0.11944999E+03  0.17929E+07
 0.11949999E+03  0.16726E+07
 0.11955000E+03  0.15418E+07
 0.11959999E+03  0.14141E+07
 0.11964999E+03  0.12908E+07
 0.11969999E+03  0.11734E+07
 0.11974999E+03  0.10811E+07
 0.11980000E+03  0.10071E+07
 0.11984999E+03  0.95916E+06
 0.11989999E+03  0.93294E+06
 0.11994999E+03  0.94867E+06
 0.11999999E+03  0.98641E+06
 0.12005000E+03  0.93015E+06
 0.12009999E+03  0.80890E+06
 0.12014999E+03  0.69448E+06
 0.12019999E+03  0.61215E+06
 0.12024999E+03  0.56028E+06
 0.12030000E+03  0.51826E+06
 0.12034999E+03  0.49498E+06
 0.12039999E+03  0.46837E+06
 0.12044999E+03  0.40382E+06
 0.12049999E+03  0.28409E+06
 0.12055000E+03  0.11986E+06
 0.12059999E+03 -0.46794E+05
 0.12064999E+03 -0.15928E+06
 0.12069999E+03 -0.21545E+06
 0.12074999E+03 -0.23473E+06
 0.12080000E+03 -0.22741E+06
 0.12084999E+03 -0.22364E+06
 0.12089999E+03 -0.23958E+06
 0.12094999E+03 -0.27460E+06
 0.12099999E+03 -0.30946E+06
 0.12105000E+03 -0.33785E+06
 0.12109999E+03 -0.35485E+06
 0.12114999E+03 -0.35169E+06
 0.12119999E+03 -0.34575E+06
 0.12124999E+03 -0.35155E+06
 0.12130000E+03 -0.35639E+06
 0.12134999E+03 -0.34506E+06
 0.12139999E+03 -0.36286E+06
 0.12144999E+03 -0.42871E+06
 0.12149999E+03 -0.49522E+06
 0.12155000E+03 -0.53974E+06
 0.12159999E+03 -0.54879E+06
 0.12164999E+03 -0.54056E+06
 0.12169999E+03 -0.52404E+06
 0.12174999E+03 -0.47406E+06
 0.12180000E+03 -0.37888E+06
 0.12184999E+03 -0.23464E+06
 0.12189999E+03 -0.59564E+05
 0.12194999E+03  0.13110E+06
 0.12199999E+03  0.27123E+06
 0.12205000E+03  0.32497E+06
 0.12209999E+03  0.37496E+06
 0.12214999E+03  0.44549E+06
 0.12219999E+03  0.50938E+06
 0.12224999E+03  0.56342E+06
 0.12230000E+03  0.62004E+06
 0.12234999E+03  0.68482E+06
 0.12239999E+03  0.74591E+06
 0.12244999E+03  0.81013E+06
 0.12249999E+03  0.86138E+06
 0.12255000E+03  0.90231E+06
 0.12259999E+03  0.95585E+06
 0.12264999E+03  0.10274E+07
 0.12269999E+03  0.10951E+07
 0.12274999E+03  0.11412E+07
 0.12280000E+03  0.11972E+07
 0.12284999E+03  0.12396E+07
 0.12289999E+03  0.12405E+07
 0.12294999E+03  0.12024E+07
 0.12299999E+03  0.11654E+07
 0.12305000E+03  0.12011E+07
 0.12309999E+03  0.12652E+07
 0.12314999E+03  0.12763E+07
 0.12319999E+03  0.12515E+07
 0.12324999E+03  0.12328E+07
 0.12330000E+03  0.12137E+07
 0.12334999E+03  0.11870E+07
 0.12339999E+03  0.11481E+07
 0.12344999E+03  0.10915E+07
 0.12349999E+03  0.10186E+07
 0.12355000E+03  0.93179E+06
 0.12359999E+03  0.83965E+06
 0.12364999E+03  0.75017E+06
 0.12369999E+03  0.66331E+06
 0.12374999E+03  0.56500E+06
 0.12380000E+03  0.45834E+06
 0.12384999E+03  0.36143E+06
 0.12389999E+03  0.29244E+06
 0.12394999E+03  0.24876E+06
 0.12399999E+03  0.21131E+06
 0.12405000E+03  0.18272E+06
 0.12409999E+03  0.16653E+06
 0.12414999E+03  0.16324E+06
 0.12419999E+03  0.17227E+06
 0.12424999E+03  0.19000E+06
 0.12430000E+03  0.21690E+06
 0.12434999E+03  0.24547E+06
 0.12439999E+03  0.27050E+06
 0.12444999E+03  0.30426E+06
 0.12449999E+03  0.35228E+06
 0.12455000E+03  0.40941E+06
 0.12459999E+03  0.47965E+06
 0.12464999E+03  0.56279E+06
 0.12469999E+03  0.64489E+06
 0.12474999E+03  0.70235E+06
 0.12480000E+03  0.73754E+06
 0.12484999E+03  0.77159E+06
 0.12489999E+03  0.80846E+06
 0.12494999E+03  0.83494E+06
 0.12499999E+03  0.84863E+06
 0.12504999E+03  0.87002E+06
 0.12509999E+03  0.88452E+06
 0.12514999E+03  0.87903E+06
 0.12520000E+03  0.86224E+06
 0.12524998E+03  0.83904E+06
 0.12529999E+03  0.82062E+06
 0.12534999E+03  0.80494E+06
 0.12539999E+03  0.77929E+06
 0.12545000E+03  0.73292E+06
 0.12549998E+03  0.65865E+06
 0.12554999E+03  0.54383E+06
 0.12559999E+03  0.40395E+06
 0.12564999E+03  0.24919E+06
 0.12570000E+03  0.85563E+05
 0.12574998E+03 -0.52307E+05
 0.12579999E+03 -0.15955E+06
 0.12584999E+03 -0.23786E+06
 0.12589999E+03 -0.29434E+06
 0.12595000E+03 -0.35681E+06
 0.12599998E+03 -0.44215E+06
 0.12604999E+03 -0.53549E+06
 0.12609999E+03 -0.61928E+06
 0.12614999E+03 -0.70876E+06
 0.12620000E+03 -0.80909E+06
 0.12624998E+03 -0.90376E+06
 0.12629999E+03 -0.98888E+06
 0.12634999E+03 -0.10634E+07
 0.12639999E+03 -0.11234E+07
 0.12645000E+03 -0.11685E+07
 0.12649998E+03 -0.12042E+07
 0.12654999E+03 -0.12380E+07
 0.12659999E+03 -0.12626E+07
 0.12664999E+03 -0.12768E+07
 0.12670000E+03 -0.12716E+07
 0.12674998E+03 -0.12449E+07
 0.12679999E+03 -0.11764E+07
 0.12684999E+03 -0.10426E+07
 0.12689999E+03 -0.87556E+06
 0.12695000E+03 -0.71081E+06
 0.12699998E+03 -0.61480E+06
 0.12704999E+03 -0.57373E+06
 0.12709999E+03 -0.50348E+06
 0.12714999E+03 -0.40823E+06
 0.12720000E+03 -0.30714E+06
 0.12724998E+03 -0.20970E+06
 0.12729999E+03 -0.11685E+06
 0.12734999E+03 -0.22476E+05
 0.12739999E+03  0.71027E+05
 0.12745000E+03  0.16315E+06
 0.12749998E+03  0.24142E+06
 0.12754999E+03  0.29553E+06
 0.12759999E+03  0.34272E+06
 0.12764999E+03  0.40175E+06
 0.12770000E+03  0.45743E+06
 0.12774998E+03  0.50885E+06
 0.12779999E+03  0.57941E+06
 0.12784999E+03  0.65942E+06
 0.12789999E+03  0.73537E+06
 0.12795000E+03  0.80845E+06
 0.12799998E+03  0.87927E+06
 0.12804999E+03  0.94882E+06
 0.12809999E+03  0.10019E+07
 0.12814999E+03  0.10412E+07
 0.12820000E+03  0.10746E+07
 0.12824998E+03  0.11018E+07
 0.12829999E+03  0.11273E+07
 0.12834999E+03  0.11502E+07
 0.12839999E+03  0.11794E+07
 0.12845000E+03  0.12121E+07
 0.12849998E+03  0.12452E+07
 0.12854999E+03  0.12742E+07
 0.12859999E+03  0.12859E+07
 0.12864999E+03  0.12783E+07
 0.12870000E+03  0.12577E+07
 0.12874998E+03  0.12364E+07
 0.12879999E+03  0.12224E+07
 0.12884999E+03  0.12241E+07
 0.12889999E+03  0.12466E+07
 0.12895000E+03  0.12763E+07
 0.12899998E+03  0.12908E+07
 0.12904999E+03  0.12891E+07
 0.12909999E+03  0.12886E+07
 0.12914999E+03  0.12949E+07
 0.12920000E+03  0.13077E+07
 0.12924998E+03  0.13235E+07
 0.12929999E+03  0.13382E+07
 0.12934999E+03  0.13454E+07
 0.12939999E+03  0.13400E+07
 0.12945000E+03  0.13293E+07
 0.12949998E+03  0.13187E+07
 0.12954999E+03  0.13064E+07
 0.12959999E+03  0.12919E+07
 0.12964999E+03  0.12687E+07
 0.12970000E+03  0.12425E+07
 0.12974998E+03  0.12267E+07
 0.12979999E+03  0.12188E+07
 0.12984999E+03  0.12122E+07
 0.12989999E+03  0.11986E+07
 0.12995000E+03  0.11817E+07
 0.12999998E+03  0.11769E+07
 0.13004999E+03  0.11727E+07
 0.13009999E+03  0.11493E+07
 0.13014999E+03  0.11172E+07
 0.13020000E+03  0.10841E+07
 0.13024998E+03  0.10431E+07
 0.13029999E+03  0.99649E+06
 0.13034999E+03  0.94626E+06
 0.13039999E+03  0.89627E+06
 0.13045000E+03  0.84447E+06
 0.13049998E+03  0.78603E+06
 0.13054999E+03  0.72004E+06
 0.13059999E+03  0.64327E+06
 0.13064999E+03  0.56108E+06
 0.13070000E+03  0.47263E+06
 0.13074998E+03  0.37990E+06
 0.13079999E+03  0.29142E+06
 0.13084999E+03  0.20011E+06
 0.13089999E+03  0.11500E+06
 0.13095000E+03  0.55952E+05
 0.13099998E+03  0.14213E+05
 0.13104999E+03 -0.19691E+05
 0.13109999E+03 -0.48086E+05
 0.13114999E+03 -0.71674E+05
 0.13120000E+03 -0.81312E+05
 0.13124998E+03 -0.82486E+05
 0.13129999E+03 -0.92096E+05
 0.13134999E+03 -0.13396E+06
 0.13139999E+03 -0.18470E+06
 0.13145000E+03 -0.19974E+06
 0.13149998E+03 -0.20420E+06
 0.13154999E+03 -0.21372E+06
 0.13159999E+03 -0.21544E+06
 0.13164999E+03 -0.21405E+06
 0.13170000E+03 -0.22060E+06
 0.13174998E+03 -0.23342E+06
 0.13179999E+03 -0.25065E+06
 0.13184999E+03 -0.27976E+06
 0.13189999E+03 -0.30848E+06
 0.13195000E+03 -0.32331E+06
 0.13199998E+03 -0.32505E+06
 0.13204999E+03 -0.32558E+06
 0.13209999E+03 -0.32849E+06
 0.13214999E+03 -0.32544E+06
 0.13220000E+03 -0.31065E+06
 0.13224998E+03 -0.28464E+06
 0.13229999E+03 -0.25578E+06
 0.13234999E+03 -0.22253E+06
 0.13239999E+03 -0.18222E+06
 0.13245000E+03 -0.14072E+06
 0.13249998E+03 -0.10858E+06
 0.13254999E+03 -0.98841E+05
 0.13259999E+03 -0.10899E+06
 0.13264999E+03 -0.11939E+06
 0.13270000E+03 -0.12031E+06
 0.13274998E+03 -0.11353E+06
 0.13279999E+03 -0.10435E+06
 0.13284999E+03 -0.98859E+05
 0.13289999E+03 -0.98886E+05
 0.13295000E+03 -0.10418E+06
 0.13299998E+03 -0.11246E+06
 0.13304999E+03 -0.12635E+06
 0.13309999E+03 -0.14102E+06
 0.13314999E+03 -0.14546E+06
 0.13320000E+03 -0.14066E+06
 0.13324998E+03 -0.13839E+06
 0.13329999E+03 -0.14792E+06
 0.13334999E+03 -0.16107E+06
 0.13339999E+03 -0.16584E+06
 0.13345000E+03 -0.16699E+06
 0.13349998E+03 -0.17709E+06
 0.13354999E+03 -0.19929E+06
 0.13359999E+03 -0.21793E+06
 0.13364999E+03 -0.21355E+06
 0.13370000E+03 -0.19535E+06
 0.13374998E+03 -0.18098E+06
 0.13379999E+03 -0.16898E+06
 0.13384999E+03 -0.15192E+06
 0.13389999E+03 -0.13345E+06
 0.13395000E+03 -0.11769E+06
 0.13399998E+03 -0.96566E+05
 0.13404999E+03 -0.71147E+05
 0.13409999E+03 -0.48045E+05
 0.13414999E+03 -0.26826E+05
 0.13420000E+03 -0.69360E+04
 0.13424998E+03  0.36000E+02
 0.13429999E+03 -0.90750E+04
 0.13434999E+03 -0.19906E+05
 0.13439999E+03 -0.30999E+05
 0.13445000E+03 -0.41017E+05
 0.13449998E+03 -0.52032E+05
 0.13454999E+03 -0.70987E+05
 0.13459999E+03 -0.96115E+05
 0.13464999E+03 -0.12664E+06
 0.13470000E+03 -0.15694E+06
 0.13474998E+03 -0.17461E+06
 0.13479999E+03 -0.17609E+06
 0.13484999E+03 -0.15968E+06
 0.13489999E+03 -0.11635E+06
 0.13495000E+03 -0.54243E+05
 0.13499998E+03  0.13000E+05
 0.13504999E+03  0.68620E+05
 0.13509999E+03  0.11079E+06
 0.13514999E+03  0.16152E+06
 0.13520000E+03  0.21311E+06
 0.13524998E+03  0.24223E+06
 0.13529999E+03  0.24302E+06
 0.13534999E+03  0.22650E+06
 0.13539999E+03  0.19020E+06
 0.13545000E+03  0.12157E+06
 0.13549998E+03  0.30559E+05
 0.13554999E+03 -0.73590E+05
 0.13559999E+03 -0.18546E+06
 0.13564999E+03 -0.29660E+06
 0.13570000E+03 -0.40398E+06
 0.13574998E+03 -0.49916E+06
 0.13579999E+03 -0.58643E+06
 0.13584999E+03 -0.67375E+06
 0.13589999E+03 -0.74728E+06
 0.13595000E+03 -0.80382E+06
 0.13599998E+03 -0.85270E+06
 0.13604999E+03 -0.89194E+06
 0.13609999E+03 -0.91093E+06
 0.13614999E+03 -0.91373E+06
 0.13620000E+03 -0.90645E+06
 0.13624998E+03 -0.89402E+06
 0.13629999E+03 -0.89071E+06
 0.13634999E+03 -0.89291E+06
 0.13639999E+03 -0.89646E+06
 0.13645000E+03 -0.90067E+06
 0.13649998E+03 -0.90244E+06
 0.13654999E+03 -0.90215E+06
 0.13659999E+03 -0.90381E+06
 0.13664999E+03 -0.90781E+06
 0.13670000E+03 -0.90119E+06
 0.13674998E+03 -0.88774E+06
 0.13679999E+03 -0.87438E+06
 0.13684999E+03 -0.86063E+06
 0.13689999E+03 -0.84787E+06
 0.13695000E+03 -0.83259E+06
 0.13699998E+03 -0.81243E+06
 0.13704999E+03 -0.78515E+06
 0.13709999E+03 -0.75695E+06
 0.13714999E+03 -0.73194E+06
 0.13720000E+03 -0.71461E+06
 0.13724998E+03 -0.70335E+06
 0.13729999E+03 -0.67426E+06
 0.13734999E+03 -0.62136E+06
 0.13739999E+03 -0.57524E+06
 0.13745000E+03 -0.55811E+06
 0.13749998E+03 -0.54115E+06
 0.13754999E+03 -0.49920E+06
 0.13759999E+03 -0.44938E+06
 0.13764999E+03 -0.40723E+06
 0.13770000E+03 -0.36775E+06
 0.13774998E+03 -0.31581E+06
 0.13779999E+03 -0.25267E+06
 0.13784999E+03 -0.18618E+06
 0.13789999E+03 -0.12642E+06
 0.13795000E+03 -0.81962E+05
 0.13799998E+03 -0.43985E+05
 0.13804999E+03 -0.12932E+05
 0.13809999E+03  0.82980E+04
 0.13814999E+03  0.15515E+05
 0.13820000E+03  0.65280E+04
 0.13824998E+03 -0.11345E+05
 0.13829999E+03 -0.39479E+05
 0.13834999E+03 -0.74344E+05
 0.13839999E+03 -0.11064E+06
 0.13845000E+03 -0.14626E+06
 0.13849998E+03 -0.18007E+06
 0.13854999E+03 -0.21503E+06
 0.13859999E+03 -0.25224E+06
 0.13864999E+03 -0.29212E+06
 0.13870000E+03 -0.33222E+06
 0.13874998E+03 -0.36672E+06
 0.13879999E+03 -0.38838E+06
 0.13884999E+03 -0.40579E+06
 0.13889999E+03 -0.43627E+06
 0.13895000E+03 -0.47649E+06
 0.13899998E+03 -0.51484E+06
 0.13904999E+03 -0.54997E+06
 0.13909999E+03 -0.58652E+06
 0.13914999E+03 -0.62670E+06
 0.13920000E+03 -0.66997E+06
 0.13924998E+03 -0.71074E+06
 0.13929999E+03 -0.74352E+06
 0.13934999E+03 -0.77166E+06
 0.13939999E+03 -0.80658E+06
 0.13945000E+03 -0.85914E+06
 0.13949998E+03 -0.92137E+06
 0.13954999E+03 -0.98068E+06
 0.13959999E+03 -0.10374E+07
 0.13964999E+03 -0.10930E+07
 0.13970000E+03 -0.11479E+07
 0.13974998E+03 -0.11977E+07
 0.13979999E+03 -0.12358E+07
 0.13984999E+03 -0.12616E+07
 0.13989999E+03 -0.12750E+07
 0.13995000E+03 -0.12762E+07
 0.13999998E+03 -0.12650E+07
 0.14004999E+03 -0.12425E+07
 0.14009999E+03 -0.12093E+07
 0.14014999E+03 -0.11630E+07
 0.14020000E+03 -0.11080E+07
 0.14024998E+03 -0.10495E+07
 0.14029999E+03 -0.99403E+06
 0.14034999E+03 -0.94794E+06
 0.14039999E+03 -0.90557E+06
 0.14045000E+03 -0.85726E+06
 0.14049998E+03 -0.80418E+06
 0.14054999E+03 -0.75049E+06
 0.14059999E+03 -0.69900E+06
 0.14064999E+03 -0.65407E+06
 0.14070000E+03 -0.61390E+06
 0.14074998E+03 -0.57523E+06
 0.14079999E+03 -0.53774E+06
 0.14084999E+03 -0.50520E+06
 0.14089999E+03 -0.47941E+06
 0.14095000E+03 -0.45476E+06
 0.14099998E+03 -0.43203E+06
 0.14104999E+03 -0.41488E+06
 0.14109999E+03 -0.40320E+06
 0.14114999E+03 -0.39370E+06
 0.14120000E+03 -0.38118E+06
 0.14124998E+03 -0.36570E+06
 0.14129999E+03 -0.34953E+06
 0.14134999E+03 -0.32951E+06
 0.14139999E+03 -0.30310E+06
 0.14145000E+03 -0.27326E+06
 0.14149998E+03 -0.24076E+06
 0.14154999E+03 -0.20675E+06
 0.14159999E+03 -0.17109E+06
 0.14164999E+03 -0.13614E+06
 0.14170000E+03 -0.10467E+06
 0.14174998E+03 -0.73768E+05
 0.14179999E+03 -0.42801E+05
 0.14184999E+03 -0.10450E+05
 0.14189999E+03  0.17878E+05
 0.14195000E+03  0.36774E+05
 0.14199998E+03  0.53343E+05
 0.14204999E+03  0.79476E+05
 0.14209999E+03  0.11530E+06
 0.14214999E+03  0.15062E+06
 0.14220000E+03  0.18136E+06
 0.14224998E+03  0.20817E+06
 0.14229999E+03  0.23559E+06
 0.14234999E+03  0.26057E+06
 0.14239999E+03  0.27678E+06
 0.14245000E+03  0.28603E+06
 0.14249998E+03  0.28935E+06
 0.14254999E+03  0.29014E+06
 0.14259999E+03  0.29372E+06
 0.14264999E+03  0.29761E+06
 0.14270000E+03  0.29294E+06
 0.14274998E+03  0.27858E+06
 0.14279999E+03  0.25579E+06
 0.14284999E+03  0.22402E+06
 0.14289999E+03  0.19264E+06
 0.14295000E+03  0.17397E+06
 0.14299998E+03  0.17143E+06
 0.14304999E+03  0.16543E+06
 0.14309999E+03  0.13977E+06
 0.14314999E+03  0.11105E+06
 0.14320000E+03  0.98139E+05
 0.14324998E+03  0.92579E+05
 0.14329999E+03  0.73731E+05
 0.14334999E+03  0.44746E+05
 0.14339999E+03  0.15494E+05
 0.14345000E+03 -0.13487E+05
 0.14349998E+03 -0.39352E+05
 0.14354999E+03 -0.58669E+05
 0.14359999E+03 -0.69332E+05
 0.14364999E+03 -0.74254E+05
 0.14370000E+03 -0.79091E+05
 0.14374998E+03 -0.86366E+05
 0.14379999E+03 -0.94799E+05
 0.14384999E+03 -0.10440E+06
 0.14389999E+03 -0.11399E+06
 0.14395000E+03 -0.12182E+06
 0.14399998E+03 -0.11976E+06
 0.14404999E+03 -0.10226E+06
 0.14409999E+03 -0.77455E+05
 0.14414999E+03 -0.51677E+05
 0.14420000E+03 -0.27564E+05
 0.14424998E+03  0.63000E+03
 0.14429999E+03  0.36097E+05
 0.14434999E+03  0.72421E+05
 0.14439999E+03  0.10946E+06
 0.14445000E+03  0.14563E+06
 0.14449998E+03  0.17884E+06
 0.14454999E+03  0.21209E+06
 0.14459999E+03  0.24380E+06
 0.14464999E+03  0.26983E+06
 0.14470000E+03  0.28486E+06
 0.14474998E+03  0.28836E+06
 0.14479999E+03  0.29372E+06
 0.14484999E+03  0.30626E+06
 0.14489999E+03  0.31938E+06
 0.14495000E+03  0.33644E+06
 0.14499998E+03  0.35844E+06
 0.14504999E+03  0.38150E+06
 0.14509999E+03  0.40448E+06
 0.14514999E+03  0.42902E+06
 0.14520000E+03  0.46112E+06
 0.14524998E+03  0.49323E+06
 0.14529999E+03  0.51739E+06
 0.14534999E+03  0.54530E+06
 0.14539999E+03  0.58158E+06
 0.14545000E+03  0.61893E+06
 0.14549998E+03  0.65360E+06
 0.14554999E+03  0.68301E+06
 0.14559999E+03  0.71065E+06
 0.14564999E+03  0.73487E+06
 0.14570000E+03  0.75308E+06
 0.14574998E+03  0.77142E+06
 0.14579999E+03  0.78908E+06
 0.14584999E+03  0.80583E+06
 0.14589999E+03  0.81766E+06
 0.14595000E+03  0.81837E+06
 0.14599998E+03  0.80342E+06
 0.14604999E+03  0.77265E+06
 0.14609999E+03  0.73249E+06
 0.14614999E+03  0.68315E+06
 0.14620000E+03  0.63093E+06
 0.14624998E+03  0.58335E+06
 0.14629999E+03  0.54749E+06
 0.14634999E+03  0.52847E+06
 0.14639999E+03  0.52312E+06
 0.14645000E+03  0.52796E+06
 0.14649998E+03  0.53666E+06
 0.14654999E+03  0.54851E+06
 0.14659999E+03  0.56373E+06
 0.14664999E+03  0.57540E+06
 0.14670000E+03  0.58207E+06
 0.14674998E+03  0.58742E+06
 0.14679999E+03  0.59206E+06
 0.14684999E+03  0.59725E+06
 0.14689999E+03  0.59808E+06
 0.14695000E+03  0.59460E+06
 0.14699998E+03  0.58857E+06
 0.14704999E+03  0.57540E+06
 0.14709999E+03  0.56264E+06
 0.14714999E+03  0.55006E+06
 0.14720000E+03  0.54018E+06
 0.14724998E+03  0.53951E+06
 0.14729999E+03  0.54851E+06
 0.14734999E+03  0.57352E+06
 0.14739999E+03  0.61601E+06
 0.14745000E+03  0.67704E+06
 0.14749998E+03  0.74537E+06
 0.14754999E+03  0.80228E+06
 0.14759999E+03  0.84574E+06
 0.14764999E+03  0.88469E+06
 0.14770000E+03  0.93213E+06
 0.14774998E+03  0.99153E+06
 0.14779999E+03  0.10527E+07
 0.14784999E+03  0.11055E+07
 0.14789999E+03  0.11375E+07
 0.14795000E+03  0.11612E+07
 0.14799998E+03  0.11960E+07
 0.14804999E+03  0.12371E+07
 0.14809999E+03  0.12877E+07
 0.14814999E+03  0.13351E+07
 0.14820000E+03  0.13699E+07
 0.14824998E+03  0.13950E+07
 0.14829999E+03  0.14133E+07
 0.14834999E+03  0.14314E+07
 0.14839999E+03  0.14341E+07
 0.14845000E+03  0.14297E+07
 0.14849998E+03  0.14278E+07
 0.14854999E+03  0.14163E+07
 0.14859999E+03  0.13959E+07
 0.14864999E+03  0.13688E+07
 0.14870000E+03  0.13403E+07
 0.14874998E+03  0.13085E+07
 0.14879999E+03  0.12789E+07
 0.14884999E+03  0.12651E+07
 0.14889999E+03  0.12599E+07
 0.14895000E+03  0.12553E+07
 0.14899998E+03  0.12452E+07
 0.14904999E+03  0.12269E+07
 0.14909999E+03  0.12038E+07
 0.14914999E+03  0.11735E+07
 0.14920000E+03  0.11404E+07
 0.14924998E+03  0.11084E+07
 0.14929999E+03  0.10826E+07
 0.14934999E+03  0.10599E+07
 0.14939999E+03  0.10270E+07
 0.14945000E+03  0.98392E+06
 0.14949998E+03  0.93974E+06
 0.14954999E+03  0.89722E+06
 0.14959999E+03  0.84568E+06
 0.14964999E+03  0.79339E+06
 0.14970000E+03  0.75654E+06
 0.14974998E+03  0.72624E+06
 0.14979999E+03  0.69190E+06
 0.14984999E+03  0.65870E+06
 0.14989999E+03  0.63300E+06
 0.14995000E+03  0.60933E+06
