-0.30000000E+01 -0.16839E+05
-0.29500000E+01 -0.17159E+05
-0.29000001E+01 -0.17466E+05
-0.28499999E+01 -0.17764E+05
-0.28000000E+01 -0.18046E+05
-0.27500000E+01 -0.18304E+05
-0.27000000E+01 -0.18553E+05
-0.26500001E+01 -0.18782E+05
-0.25999999E+01 -0.18989E+05
-0.25500000E+01 -0.19177E+05
-0.25000000E+01 -0.19342E+05
-0.24500000E+01 -0.19493E+05
-0.24000001E+01 -0.19622E+05
-0.23499999E+01 -0.19731E+05
-0.23000002E+01 -0.19820E+05
-0.22500000E+01 -0.19887E+05
-0.22000000E+01 -0.19941E+05
-0.21500001E+01 -0.19978E+05
-0.20999999E+01 -0.19993E+05
-0.20500002E+01 -0.19989E+05
-0.20000000E+01 -0.19973E+05
-0.19500000E+01 -0.19943E+05
-0.19000001E+01 -0.19893E+05
-0.18500000E+01 -0.19822E+05
-0.18000001E+01 -0.19738E+05
-0.17500001E+01 -0.19633E+05
-0.17000000E+01 -0.19503E+05
-0.16500001E+01 -0.19361E+05
-0.16000001E+01 -0.19198E+05
-0.15500001E+01 -0.19014E+05
-0.15000001E+01 -0.18810E+05
-0.14500000E+01 -0.18596E+05
-0.14000001E+01 -0.18364E+05
-0.13500001E+01 -0.18105E+05
-0.13000001E+01 -0.17839E+05
-0.12500001E+01 -0.17554E+05
-0.12000000E+01 -0.17256E+05
-0.11500001E+01 -0.16947E+05
-0.11000001E+01 -0.16618E+05
-0.10500001E+01 -0.16274E+05
-0.10000001E+01 -0.15909E+05
-0.95000005E+00 -0.15532E+05
-0.90000010E+00 -0.15136E+05
-0.85000014E+00 -0.14718E+05
-0.80000019E+00 -0.14282E+05
-0.75000024E+00 -0.13835E+05
-0.70000005E+00 -0.13371E+05
-0.65000010E+00 -0.12886E+05
-0.60000014E+00 -0.12399E+05
-0.55000019E+00 -0.11898E+05
-0.50000024E+00 -0.11392E+05
-0.45000005E+00 -0.10880E+05
-0.40000010E+00 -0.10351E+05
-0.35000014E+00 -0.98260E+04
-0.30000019E+00 -0.92990E+04
-0.25000024E+00 -0.87660E+04
-0.20000029E+00 -0.82320E+04
-0.15000010E+00 -0.76960E+04
-0.10000014E+00 -0.71500E+04
-0.50000191E-01 -0.66010E+04
-0.23841858E-06 -0.60460E+04
 0.49999714E-01 -0.54830E+04
 0.99999905E-01 -0.49130E+04
 0.14999986E+00 -0.43400E+04
 0.19999981E+00 -0.37620E+04
 0.24999976E+00 -0.31710E+04
 0.29999971E+00 -0.25880E+04
 0.34999990E+00 -0.20080E+04
 0.39999986E+00 -0.14200E+04
 0.44999981E+00 -0.83600E+03
 0.49999976E+00 -0.25700E+03
 0.54999971E+00  0.31100E+03
 0.59999990E+00  0.87500E+03
 0.64999986E+00  0.14230E+04
 0.69999981E+00  0.19530E+04
 0.74999976E+00  0.24730E+04
 0.79999971E+00  0.29720E+04
 0.84999967E+00  0.34520E+04
 0.89999986E+00  0.39150E+04
 0.94999981E+00  0.43490E+04
 0.99999976E+00  0.47660E+04
 0.10499997E+01  0.51690E+04
 0.10999999E+01  0.55450E+04
 0.11499996E+01  0.59060E+04
 0.11999998E+01  0.62550E+04
 0.12499995E+01  0.65880E+04
 0.12999997E+01  0.69120E+04
 0.13499999E+01  0.72260E+04
 0.13999996E+01  0.75360E+04
 0.14499998E+01  0.78480E+04
 0.14999995E+01  0.81600E+04
 0.15499997E+01  0.84750E+04
 0.15999999E+01  0.87950E+04
 0.16499996E+01  0.91200E+04
 0.16999998E+01  0.94410E+04
 0.17499995E+01  0.97650E+04
 0.17999997E+01  0.10094E+05
 0.18499999E+01  0.10423E+05
 0.18999996E+01  0.10756E+05
 0.19499998E+01  0.11086E+05
 0.19999995E+01  0.11410E+05
 0.20499997E+01  0.11738E+05
 0.20999999E+01  0.12064E+05
 0.21499996E+01  0.12389E+05
 0.21999998E+01  0.12710E+05
 0.22499995E+01  0.13029E+05
 0.22999997E+01  0.13350E+05
 0.23499999E+01  0.13671E+05
 0.23999996E+01  0.13991E+05
 0.24499998E+01  0.14306E+05
 0.24999995E+01  0.14631E+05
 0.25499997E+01  0.14953E+05
 0.25999994E+01  0.15275E+05
 0.26499996E+01  0.15603E+05
 0.26999998E+01  0.15918E+05
 0.27499995E+01  0.16236E+05
 0.27999997E+01  0.16549E+05
 0.28499994E+01  0.16860E+05
 0.28999996E+01  0.17165E+05
 0.29499998E+01  0.17457E+05
 0.29999995E+01  0.17750E+05
 0.30499997E+01  0.18037E+05
 0.30999994E+01  0.18309E+05
 0.31499996E+01  0.18577E+05
 0.31999998E+01  0.18844E+05
 0.32499995E+01  0.19093E+05
 0.32999997E+01  0.19332E+05
 0.33499994E+01  0.19558E+05
 0.33999996E+01  0.19769E+05
 0.34499998E+01  0.19968E+05
 0.34999995E+01  0.20148E+05
 0.35499997E+01  0.20316E+05
 0.35999994E+01  0.20466E+05
 0.36499996E+01  0.20598E+05
 0.36999998E+01  0.20716E+05
 0.37499995E+01  0.20818E+05
 0.37999997E+01  0.20903E+05
 0.38499994E+01  0.20967E+05
 0.38999996E+01  0.21021E+05
 0.39499998E+01  0.21062E+05
 0.39999995E+01  0.21086E+05
 0.40499997E+01  0.21097E+05
 0.40999994E+01  0.21092E+05
 0.41499996E+01  0.21073E+05
 0.41999998E+01  0.21029E+05
 0.42499995E+01  0.20971E+05
 0.42999997E+01  0.20895E+05
 0.43499994E+01  0.20790E+05
 0.43999996E+01  0.20666E+05
 0.44499993E+01  0.20514E+05
 0.44999995E+01  0.20335E+05
 0.45499997E+01  0.20132E+05
 0.45999994E+01  0.19903E+05
 0.46499996E+01  0.19650E+05
 0.46999993E+01  0.19374E+05
 0.47499995E+01  0.19074E+05
 0.47999997E+01  0.18756E+05
 0.48499994E+01  0.18420E+05
 0.48999996E+01  0.18063E+05
 0.49499993E+01  0.17694E+05
 0.49999995E+01  0.17309E+05
 0.50499992E+01  0.16921E+05
 0.50999994E+01  0.16526E+05
 0.51499996E+01  0.16116E+05
 0.51999998E+01  0.15714E+05
 0.52499990E+01  0.15300E+05
 0.52999992E+01  0.14881E+05
 0.53499994E+01  0.14461E+05
 0.53999996E+01  0.14029E+05
 0.54499998E+01  0.13594E+05
 0.54999990E+01  0.13149E+05
 0.55499992E+01  0.12701E+05
 0.55999994E+01  0.12253E+05
 0.56499996E+01  0.11792E+05
 0.56999998E+01  0.11330E+05
 0.57499990E+01  0.10865E+05
 0.57999992E+01  0.10394E+05
 0.58499994E+01  0.99210E+04
 0.58999996E+01  0.94460E+04
 0.59499998E+01  0.89790E+04
 0.59999990E+01  0.85060E+04
 0.60499992E+01  0.80360E+04
 0.60999994E+01  0.75790E+04
 0.61499996E+01  0.71190E+04
 0.61999998E+01  0.66710E+04
 0.62499990E+01  0.62330E+04
 0.62999992E+01  0.58120E+04
 0.63499994E+01  0.54080E+04
 0.63999996E+01  0.50180E+04
 0.64499998E+01  0.46480E+04
 0.64999990E+01  0.42990E+04
 0.65499992E+01  0.39740E+04
 0.65999994E+01  0.36690E+04
 0.66499996E+01  0.33860E+04
 0.66999998E+01  0.31240E+04
 0.67499990E+01  0.28900E+04
 0.67999992E+01  0.26760E+04
 0.68499994E+01  0.24780E+04
 0.68999996E+01  0.23000E+04
 0.69499998E+01  0.21320E+04
 0.69999990E+01  0.19770E+04
 0.70499992E+01  0.18400E+04
 0.70999994E+01  0.17140E+04
 0.71499996E+01  0.15950E+04
 0.71999998E+01  0.14920E+04
 0.72499990E+01  0.13950E+04
 0.72999992E+01  0.13040E+04
 0.73499994E+01  0.12220E+04
 0.73999996E+01  0.11440E+04
 0.74499998E+01  0.10820E+04
 0.74999990E+01  0.10210E+04
 0.75499992E+01  0.96800E+03
 0.75999994E+01  0.92900E+03
 0.76499996E+01  0.89100E+03
 0.76999998E+01  0.85900E+03
 0.77499990E+01  0.82900E+03
 0.77999992E+01  0.80900E+03
 0.78499994E+01  0.78800E+03
 0.78999996E+01  0.76800E+03
 0.79499998E+01  0.74400E+03
 0.79999990E+01  0.71700E+03
 0.80499992E+01  0.69200E+03
 0.80999994E+01  0.65600E+03
 0.81499996E+01  0.61800E+03
 0.81999989E+01  0.57200E+03
 0.82499990E+01  0.52500E+03
 0.82999992E+01  0.47000E+03
 0.83499994E+01  0.41300E+03
 0.83999996E+01  0.35400E+03
 0.84499989E+01  0.29100E+03
 0.84999990E+01  0.23300E+03
 0.85499992E+01  0.17400E+03
 0.85999994E+01  0.11500E+03
 0.86499996E+01  0.50000E+02
 0.86999989E+01 -0.20000E+01
 0.87499990E+01 -0.57000E+02
 0.87999992E+01 -0.12000E+03
 0.88499994E+01 -0.16200E+03
 0.88999996E+01 -0.20400E+03
 0.89499989E+01 -0.24100E+03
 0.89999990E+01 -0.27000E+03
 0.90499992E+01 -0.29200E+03
 0.90999994E+01 -0.29800E+03
 0.91499996E+01 -0.29700E+03
 0.91999989E+01 -0.28100E+03
 0.92499990E+01 -0.25800E+03
 0.92999992E+01 -0.22700E+03
 0.93499994E+01 -0.18200E+03
 0.93999996E+01 -0.13600E+03
 0.94499989E+01 -0.86000E+02
 0.94999990E+01 -0.28000E+02
 0.95499992E+01  0.30000E+02
 0.95999994E+01  0.85000E+02
 0.96499996E+01  0.13900E+03
 0.96999989E+01  0.18200E+03
 0.97499990E+01  0.21500E+03
 0.97999992E+01  0.24200E+03
 0.98499994E+01  0.25700E+03
 0.98999996E+01  0.25500E+03
 0.99499989E+01  0.24600E+03
 0.99999990E+01  0.21300E+03
 0.10049999E+02  0.16200E+03
 0.10099999E+02  0.10400E+03
 0.10150000E+02  0.19000E+02
 0.10199999E+02 -0.71000E+02
 0.10249999E+02 -0.17100E+03
 0.10299999E+02 -0.28200E+03
 0.10349999E+02 -0.39600E+03
 0.10400000E+02 -0.51000E+03
 0.10449999E+02 -0.61800E+03
 0.10499999E+02 -0.72800E+03
 0.10549999E+02 -0.82800E+03
 0.10599999E+02 -0.91500E+03
 0.10650000E+02 -0.98900E+03
 0.10699999E+02 -0.10500E+04
 0.10749999E+02 -0.10990E+04
 0.10799999E+02 -0.11270E+04
 0.10849999E+02 -0.11430E+04
 0.10900000E+02 -0.11360E+04
 0.10949999E+02 -0.11110E+04
 0.10999999E+02 -0.10810E+04
 0.11049999E+02 -0.10270E+04
 0.11099999E+02 -0.95000E+03
 0.11150000E+02 -0.85600E+03
 0.11199999E+02 -0.74800E+03
 0.11249999E+02 -0.63000E+03
 0.11299999E+02 -0.48600E+03
 0.11349999E+02 -0.33200E+03
 0.11400000E+02 -0.17200E+03
 0.11449999E+02  0.60000E+01
 0.11499999E+02  0.18200E+03
 0.11549999E+02  0.37100E+03
 0.11599999E+02  0.56100E+03
 0.11649999E+02  0.74000E+03
 0.11699999E+02  0.93100E+03
 0.11749999E+02  0.11060E+04
 0.11799999E+02  0.12750E+04
 0.11849999E+02  0.14430E+04
 0.11899999E+02  0.15910E+04
 0.11949999E+02  0.17340E+04
 0.11999999E+02  0.18660E+04
 0.12049999E+02  0.19780E+04
 0.12099999E+02  0.20840E+04
 0.12149999E+02  0.21700E+04
 0.12199999E+02  0.22400E+04
 0.12249999E+02  0.23040E+04
 0.12299999E+02  0.23510E+04
 0.12349999E+02  0.23850E+04
 0.12399999E+02  0.24170E+04
 0.12449999E+02  0.24360E+04
 0.12499999E+02  0.24440E+04
 0.12549999E+02  0.24580E+04
 0.12599999E+02  0.24680E+04
 0.12649999E+02  0.24750E+04
 0.12699999E+02  0.24870E+04
 0.12749999E+02  0.25080E+04
 0.12799999E+02  0.25520E+04
 0.12849999E+02  0.26070E+04
 0.12899999E+02  0.26720E+04
 0.12949999E+02  0.27590E+04
 0.12999999E+02  0.28630E+04
 0.13049999E+02  0.29870E+04
 0.13099998E+02  0.31380E+04
 0.13150000E+02  0.33120E+04
 0.13199999E+02  0.35020E+04
 0.13249998E+02  0.37180E+04
 0.13299999E+02  0.39600E+04
 0.13349998E+02  0.42240E+04
 0.13400000E+02  0.45120E+04
 0.13449999E+02  0.48220E+04
 0.13499998E+02  0.51550E+04
 0.13549999E+02  0.55030E+04
 0.13599998E+02  0.58720E+04
 0.13650000E+02  0.62690E+04
 0.13699999E+02  0.66780E+04
 0.13749998E+02  0.71110E+04
 0.13799999E+02  0.75600E+04
 0.13849998E+02  0.80130E+04
 0.13900000E+02  0.84800E+04
 0.13949999E+02  0.89530E+04
 0.13999998E+02  0.94290E+04
 0.14049999E+02  0.98990E+04
 0.14099998E+02  0.10361E+05
 0.14150000E+02  0.10805E+05
 0.14199999E+02  0.11227E+05
 0.14249998E+02  0.11633E+05
 0.14299999E+02  0.12000E+05
 0.14349998E+02  0.12337E+05
 0.14400000E+02  0.12643E+05
 0.14449999E+02  0.12911E+05
 0.14499998E+02  0.13147E+05
 0.14549999E+02  0.13351E+05
 0.14599998E+02  0.13522E+05
 0.14650000E+02  0.13660E+05
 0.14699999E+02  0.13776E+05
 0.14749998E+02  0.13873E+05
 0.14799999E+02  0.13944E+05
 0.14849998E+02  0.14002E+05
 0.14900000E+02  0.14044E+05
 0.14949999E+02  0.14066E+05
 0.14999998E+02  0.14085E+05
 0.15049999E+02  0.14092E+05
 0.15099998E+02  0.14088E+05
 0.15150000E+02  0.14080E+05
 0.15199999E+02  0.14066E+05
 0.15249998E+02  0.14051E+05
 0.15299999E+02  0.14027E+05
 0.15349998E+02  0.14004E+05
 0.15400000E+02  0.13989E+05
 0.15449999E+02  0.13972E+05
 0.15499998E+02  0.13962E+05
 0.15549999E+02  0.13956E+05
 0.15599998E+02  0.13951E+05
 0.15650000E+02  0.13957E+05
 0.15699999E+02  0.13960E+05
 0.15749998E+02  0.13968E+05
 0.15799999E+02  0.13982E+05
 0.15849998E+02  0.13987E+05
 0.15900000E+02  0.13998E+05
 0.15949999E+02  0.14008E+05
 0.15999998E+02  0.14004E+05
 0.16049999E+02  0.13992E+05
 0.16099998E+02  0.13977E+05
 0.16150000E+02  0.13949E+05
 0.16199999E+02  0.13910E+05
 0.16249998E+02  0.13862E+05
 0.16299999E+02  0.13790E+05
 0.16349998E+02  0.13702E+05
 0.16400000E+02  0.13593E+05
 0.16449999E+02  0.13466E+05
 0.16499998E+02  0.13323E+05
 0.16549999E+02  0.13151E+05
 0.16599998E+02  0.12968E+05
 0.16650000E+02  0.12771E+05
 0.16699999E+02  0.12545E+05
 0.16749998E+02  0.12293E+05
 0.16799999E+02  0.12026E+05
 0.16849998E+02  0.11744E+05
 0.16900000E+02  0.11436E+05
 0.16949999E+02  0.11104E+05
 0.16999998E+02  0.10756E+05
 0.17049999E+02  0.10388E+05
 0.17099998E+02  0.99960E+04
 0.17150000E+02  0.95860E+04
 0.17199999E+02  0.91540E+04
 0.17249998E+02  0.87080E+04
 0.17299999E+02  0.82430E+04
 0.17349998E+02  0.77550E+04
 0.17400000E+02  0.72570E+04
 0.17449999E+02  0.67390E+04
 0.17499998E+02  0.62080E+04
 0.17549999E+02  0.56610E+04
 0.17599998E+02  0.50940E+04
 0.17650000E+02  0.45170E+04
 0.17699999E+02  0.39260E+04
 0.17749998E+02  0.33240E+04
 0.17799999E+02  0.27070E+04
 0.17849998E+02  0.20900E+04
 0.17900000E+02  0.14680E+04
 0.17949999E+02  0.83400E+03
 0.17999998E+02  0.21500E+03
 0.18049999E+02 -0.41100E+03
 0.18099998E+02 -0.10360E+04
 0.18150000E+02 -0.16490E+04
 0.18199999E+02 -0.22580E+04
 0.18249998E+02 -0.28510E+04
 0.18299999E+02 -0.34410E+04
 0.18349998E+02 -0.40190E+04
 0.18400000E+02 -0.45820E+04
 0.18449999E+02 -0.51350E+04
 0.18499998E+02 -0.56820E+04
 0.18549999E+02 -0.62130E+04
 0.18599998E+02 -0.67280E+04
 0.18650000E+02 -0.72320E+04
 0.18699999E+02 -0.77080E+04
 0.18749998E+02 -0.81640E+04
 0.18799999E+02 -0.85970E+04
 0.18849998E+02 -0.89970E+04
 0.18900000E+02 -0.93660E+04
 0.18949999E+02 -0.97050E+04
 0.18999998E+02 -0.10018E+05
 0.19049999E+02 -0.10290E+05
 0.19099998E+02 -0.10529E+05
 0.19150000E+02 -0.10746E+05
 0.19199999E+02 -0.10931E+05
 0.19249998E+02 -0.11092E+05
 0.19299999E+02 -0.11238E+05
 0.19349998E+02 -0.11363E+05
 0.19399998E+02 -0.11469E+05
 0.19449999E+02 -0.11579E+05
 0.19499998E+02 -0.11677E+05
 0.19549999E+02 -0.11773E+05
 0.19599998E+02 -0.11879E+05
 0.19649998E+02 -0.11984E+05
 0.19699999E+02 -0.12098E+05
 0.19749998E+02 -0.12219E+05
 0.19799999E+02 -0.12352E+05
 0.19849998E+02 -0.12494E+05
 0.19899998E+02 -0.12651E+05
 0.19949999E+02 -0.12814E+05
 0.19999998E+02 -0.12987E+05
 0.20049999E+02 -0.13166E+05
 0.20099998E+02 -0.13341E+05
 0.20149998E+02 -0.13535E+05
 0.20199999E+02 -0.13722E+05
 0.20249998E+02 -0.13915E+05
 0.20299999E+02 -0.14112E+05
 0.20349998E+02 -0.14300E+05
 0.20399998E+02 -0.14497E+05
 0.20449999E+02 -0.14676E+05
 0.20499998E+02 -0.14856E+05
 0.20549999E+02 -0.15025E+05
 0.20599998E+02 -0.15178E+05
 0.20649998E+02 -0.15326E+05
 0.20699999E+02 -0.15448E+05
 0.20749998E+02 -0.15560E+05
 0.20799999E+02 -0.15661E+05
 0.20849998E+02 -0.15741E+05
 0.20899998E+02 -0.15808E+05
 0.20949999E+02 -0.15866E+05
 0.20999998E+02 -0.15909E+05
 0.21049999E+02 -0.15929E+05
 0.21099998E+02 -0.15939E+05
 0.21149998E+02 -0.15939E+05
 0.21199999E+02 -0.15918E+05
 0.21249998E+02 -0.15887E+05
 0.21299999E+02 -0.15840E+05
 0.21349998E+02 -0.15771E+05
 0.21399998E+02 -0.15685E+05
 0.21449999E+02 -0.15577E+05
 0.21499998E+02 -0.15452E+05
 0.21549999E+02 -0.15304E+05
 0.21599998E+02 -0.15141E+05
 0.21649998E+02 -0.14963E+05
 0.21699999E+02 -0.14761E+05
 0.21749998E+02 -0.14548E+05
 0.21799999E+02 -0.14314E+05
 0.21849998E+02 -0.14066E+05
 0.21899998E+02 -0.13811E+05
 0.21949999E+02 -0.13533E+05
 0.21999998E+02 -0.13251E+05
 0.22049999E+02 -0.12964E+05
 0.22099998E+02 -0.12663E+05
 0.22149998E+02 -0.12364E+05
 0.22199999E+02 -0.12064E+05
 0.22249998E+02 -0.11755E+05
 0.22299999E+02 -0.11445E+05
 0.22349998E+02 -0.11128E+05
 0.22399998E+02 -0.10811E+05
 0.22449999E+02 -0.10493E+05
 0.22499998E+02 -0.10167E+05
 0.22549999E+02 -0.98430E+04
 0.22599998E+02 -0.95210E+04
 0.22649998E+02 -0.92030E+04
 0.22699999E+02 -0.88850E+04
 0.22749998E+02 -0.85680E+04
 0.22799999E+02 -0.82560E+04
 0.22849998E+02 -0.79550E+04
 0.22899998E+02 -0.76740E+04
 0.22949999E+02 -0.73940E+04
 0.22999998E+02 -0.71280E+04
 0.23049999E+02 -0.68780E+04
 0.23099998E+02 -0.66420E+04
 0.23149998E+02 -0.64260E+04
 0.23199999E+02 -0.62170E+04
 0.23249998E+02 -0.60280E+04
 0.23299999E+02 -0.58570E+04
 0.23349998E+02 -0.57010E+04
 0.23399998E+02 -0.55750E+04
 0.23449999E+02 -0.54630E+04
 0.23499998E+02 -0.53720E+04
 0.23549999E+02 -0.53120E+04
 0.23599998E+02 -0.52750E+04
 0.23649998E+02 -0.52620E+04
 0.23699999E+02 -0.52660E+04
 0.23749998E+02 -0.52970E+04
 0.23799999E+02 -0.53570E+04
 0.23849998E+02 -0.54320E+04
 0.23899998E+02 -0.55380E+04
 0.23949999E+02 -0.56640E+04
 0.23999998E+02 -0.58050E+04
 0.24049999E+02 -0.59620E+04
 0.24099998E+02 -0.61240E+04
 0.24149998E+02 -0.63070E+04
 0.24199999E+02 -0.64980E+04
 0.24249998E+02 -0.66860E+04
 0.24299999E+02 -0.68800E+04
 0.24349998E+02 -0.70710E+04
 0.24399998E+02 -0.72580E+04
 0.24449999E+02 -0.74470E+04
 0.24499998E+02 -0.76260E+04
 0.24549999E+02 -0.77970E+04
 0.24599998E+02 -0.79720E+04
 0.24649998E+02 -0.81440E+04
 0.24699999E+02 -0.83150E+04
 0.24749998E+02 -0.84860E+04
 0.24799999E+02 -0.86600E+04
 0.24849998E+02 -0.88390E+04
 0.24899998E+02 -0.90260E+04
 0.24949999E+02 -0.92230E+04
 0.24999998E+02 -0.94200E+04
 0.25049999E+02 -0.96280E+04
 0.25099998E+02 -0.98370E+04
 0.25149998E+02 -0.10053E+05
 0.25199999E+02 -0.10281E+05
 0.25249998E+02 -0.10504E+05
 0.25299999E+02 -0.10727E+05
 0.25349998E+02 -0.10950E+05
 0.25399998E+02 -0.11165E+05
 0.25449999E+02 -0.11381E+05
 0.25499998E+02 -0.11588E+05
 0.25549999E+02 -0.11780E+05
 0.25599998E+02 -0.11965E+05
 0.25649998E+02 -0.12142E+05
 0.25699999E+02 -0.12302E+05
 0.25749998E+02 -0.12452E+05
 0.25799999E+02 -0.12584E+05
 0.25849998E+02 -0.12700E+05
 0.25899998E+02 -0.12809E+05
 0.25949999E+02 -0.12893E+05
 0.25999998E+02 -0.12964E+05
 0.26049997E+02 -0.13011E+05
 0.26099998E+02 -0.13043E+05
 0.26149998E+02 -0.13060E+05
 0.26199999E+02 -0.13050E+05
 0.26249998E+02 -0.13033E+05
 0.26299997E+02 -0.12986E+05
 0.26349998E+02 -0.12921E+05
 0.26399998E+02 -0.12843E+05
 0.26449999E+02 -0.12745E+05
 0.26499998E+02 -0.12628E+05
 0.26549997E+02 -0.12487E+05
 0.26599998E+02 -0.12336E+05
 0.26649998E+02 -0.12161E+05
 0.26699999E+02 -0.11967E+05
 0.26749998E+02 -0.11764E+05
 0.26799997E+02 -0.11539E+05
 0.26849998E+02 -0.11307E+05
 0.26899998E+02 -0.11059E+05
 0.26949999E+02 -0.10794E+05
 0.26999998E+02 -0.10520E+05
 0.27049997E+02 -0.10235E+05
 0.27099998E+02 -0.99520E+04
 0.27149998E+02 -0.96650E+04
 0.27199999E+02 -0.93700E+04
 0.27249998E+02 -0.90860E+04
 0.27299997E+02 -0.88070E+04
 0.27349998E+02 -0.85270E+04
 0.27399998E+02 -0.82560E+04
 0.27449999E+02 -0.79960E+04
 0.27499998E+02 -0.77410E+04
 0.27549997E+02 -0.74930E+04
 0.27599998E+02 -0.72600E+04
 0.27649998E+02 -0.70380E+04
 0.27699999E+02 -0.68220E+04
 0.27749998E+02 -0.66160E+04
 0.27799997E+02 -0.64250E+04
 0.27849998E+02 -0.62460E+04
 0.27899998E+02 -0.60760E+04
 0.27949999E+02 -0.59140E+04
 0.27999998E+02 -0.57640E+04
 0.28049997E+02 -0.56300E+04
 0.28099998E+02 -0.54990E+04
 0.28149998E+02 -0.53810E+04
 0.28199999E+02 -0.52790E+04
 0.28249998E+02 -0.51770E+04
 0.28299997E+02 -0.50930E+04
 0.28349998E+02 -0.50110E+04
 0.28399998E+02 -0.49380E+04
 0.28449999E+02 -0.48840E+04
 0.28499998E+02 -0.48260E+04
 0.28549997E+02 -0.47690E+04
 0.28599998E+02 -0.47110E+04
 0.28649998E+02 -0.46530E+04
 0.28699999E+02 -0.45920E+04
 0.28749998E+02 -0.45200E+04
 0.28799997E+02 -0.44390E+04
 0.28849998E+02 -0.43500E+04
 0.28899998E+02 -0.42580E+04
 0.28949999E+02 -0.41560E+04
 0.28999998E+02 -0.40360E+04
 0.29049999E+02 -0.39030E+04
 0.29099998E+02 -0.37580E+04
 0.29149998E+02 -0.35970E+04
 0.29199997E+02 -0.34170E+04
 0.29249996E+02 -0.32290E+04
 0.29299999E+02 -0.30260E+04
 0.29349998E+02 -0.28070E+04
 0.29399998E+02 -0.25810E+04
 0.29449997E+02 -0.23420E+04
 0.29499996E+02 -0.20950E+04
 0.29549999E+02 -0.18430E+04
 0.29599998E+02 -0.15770E+04
 0.29649998E+02 -0.13090E+04
 0.29699997E+02 -0.10360E+04
 0.29749996E+02 -0.75900E+03
 0.29799999E+02 -0.48300E+03
 0.29849998E+02 -0.20700E+03
 0.29899998E+02  0.62000E+02
 0.29949997E+02  0.33700E+03
 0.29999996E+02  0.61000E+03
 0.30049999E+02  0.87900E+03
 0.30099998E+02  0.11540E+04
 0.30149998E+02  0.14290E+04
 0.30199997E+02  0.16990E+04
 0.30249996E+02  0.19700E+04
 0.30299999E+02  0.22470E+04
 0.30349998E+02  0.25200E+04
 0.30399998E+02  0.27920E+04
 0.30449997E+02  0.30690E+04
 0.30499996E+02  0.33480E+04
 0.30549999E+02  0.36280E+04
 0.30599998E+02  0.39150E+04
 0.30649998E+02  0.42010E+04
 0.30699997E+02  0.44930E+04
 0.30749996E+02  0.47880E+04
 0.30799999E+02  0.50820E+04
 0.30849998E+02  0.53830E+04
 0.30899998E+02  0.56810E+04
 0.30949997E+02  0.59850E+04
 0.30999996E+02  0.62930E+04
 0.31049999E+02  0.65880E+04
 0.31099998E+02  0.68840E+04
 0.31149998E+02  0.71820E+04
 0.31199997E+02  0.74730E+04
 0.31249996E+02  0.77530E+04
 0.31299999E+02  0.80280E+04
 0.31349998E+02  0.83000E+04
 0.31399998E+02  0.85590E+04
 0.31449997E+02  0.88050E+04
 0.31499996E+02  0.90530E+04
 0.31549999E+02  0.92910E+04
 0.31599998E+02  0.95120E+04
 0.31649998E+02  0.97200E+04
 0.31699997E+02  0.99200E+04
 0.31749996E+02  0.10115E+05
 0.31799999E+02  0.10294E+05
 0.31849998E+02  0.10465E+05
 0.31899998E+02  0.10625E+05
 0.31949997E+02  0.10765E+05
 0.31999996E+02  0.10899E+05
 0.32049999E+02  0.11018E+05
 0.32099998E+02  0.11121E+05
 0.32149998E+02  0.11218E+05
 0.32199997E+02  0.11295E+05
 0.32249996E+02  0.11358E+05
 0.32299999E+02  0.11408E+05
 0.32349998E+02  0.11448E+05
 0.32399998E+02  0.11472E+05
 0.32449997E+02  0.11478E+05
 0.32499996E+02  0.11477E+05
 0.32549999E+02  0.11458E+05
 0.32599998E+02  0.11427E+05
 0.32649998E+02  0.11382E+05
 0.32699997E+02  0.11317E+05
 0.32749996E+02  0.11241E+05
 0.32799999E+02  0.11150E+05
 0.32849998E+02  0.11043E+05
 0.32899998E+02  0.10927E+05
 0.32949997E+02  0.10798E+05
 0.32999996E+02  0.10650E+05
 0.33049999E+02  0.10496E+05
 0.33099998E+02  0.10339E+05
 0.33149998E+02  0.10169E+05
 0.33199997E+02  0.99970E+04
 0.33249996E+02  0.98200E+04
 0.33299999E+02  0.96510E+04
 0.33349998E+02  0.94790E+04
 0.33399998E+02  0.93120E+04
 0.33449997E+02  0.91580E+04
 0.33499996E+02  0.90100E+04
 0.33549999E+02  0.88690E+04
 0.33599998E+02  0.87280E+04
 0.33649998E+02  0.86140E+04
 0.33699997E+02  0.85100E+04
 0.33749996E+02  0.84080E+04
 0.33799999E+02  0.83260E+04
 0.33849998E+02  0.82540E+04
 0.33899998E+02  0.81910E+04
 0.33949997E+02  0.81390E+04
 0.33999996E+02  0.81020E+04
 0.34049999E+02  0.80690E+04
 0.34099998E+02  0.80510E+04
 0.34149998E+02  0.80520E+04
 0.34199997E+02  0.80540E+04
 0.34249996E+02  0.80740E+04
 0.34299999E+02  0.81110E+04
 0.34349998E+02  0.81590E+04
 0.34399998E+02  0.82280E+04
 0.34449997E+02  0.83060E+04
 0.34499996E+02  0.83960E+04
 0.34549999E+02  0.85060E+04
 0.34599998E+02  0.86240E+04
 0.34649998E+02  0.87510E+04
 0.34699997E+02  0.88840E+04
 0.34749996E+02  0.90220E+04
 0.34799999E+02  0.91660E+04
 0.34849998E+02  0.93080E+04
 0.34899998E+02  0.94530E+04
 0.34949997E+02  0.96010E+04
 0.34999996E+02  0.97390E+04
 0.35049999E+02  0.98810E+04
 0.35099998E+02  0.10022E+05
 0.35149998E+02  0.10158E+05
 0.35199997E+02  0.10302E+05
 0.35249996E+02  0.10444E+05
 0.35299999E+02  0.10580E+05
 0.35349998E+02  0.10711E+05
 0.35399998E+02  0.10845E+05
 0.35449997E+02  0.10976E+05
 0.35499996E+02  0.11100E+05
 0.35549999E+02  0.11215E+05
 0.35599998E+02  0.11328E+05
 0.35649998E+02  0.11438E+05
 0.35699997E+02  0.11532E+05
 0.35749996E+02  0.11623E+05
 0.35799999E+02  0.11705E+05
 0.35849998E+02  0.11784E+05
 0.35899998E+02  0.11861E+05
 0.35949997E+02  0.11926E+05
 0.35999996E+02  0.11988E+05
 0.36049999E+02  0.12046E+05
 0.36099998E+02  0.12095E+05
 0.36149998E+02  0.12138E+05
 0.36199997E+02  0.12178E+05
 0.36249996E+02  0.12216E+05
 0.36299999E+02  0.12246E+05
 0.36349998E+02  0.12279E+05
 0.36399998E+02  0.12314E+05
 0.36449997E+02  0.12341E+05
 0.36499996E+02  0.12368E+05
 0.36549999E+02  0.12391E+05
 0.36599998E+02  0.12408E+05
 0.36649998E+02  0.12434E+05
 0.36699997E+02  0.12460E+05
 0.36749996E+02  0.12476E+05
 0.36799999E+02  0.12495E+05
 0.36849998E+02  0.12506E+05
 0.36899998E+02  0.12504E+05
 0.36949997E+02  0.12502E+05
 0.36999996E+02  0.12484E+05
 0.37049999E+02  0.12453E+05
 0.37099998E+02  0.12410E+05
 0.37149998E+02  0.12346E+05
 0.37199997E+02  0.12274E+05
 0.37249996E+02  0.12187E+05
 0.37299999E+02  0.12086E+05
 0.37349998E+02  0.11973E+05
 0.37399998E+02  0.11840E+05
 0.37449997E+02  0.11690E+05
 0.37499996E+02  0.11532E+05
 0.37549999E+02  0.11362E+05
 0.37599998E+02  0.11181E+05
 0.37649998E+02  0.10997E+05
 0.37699997E+02  0.10799E+05
 0.37749996E+02  0.10595E+05
 0.37799999E+02  0.10390E+05
 0.37849998E+02  0.10175E+05
 0.37899998E+02  0.99570E+04
 0.37949997E+02  0.97400E+04
 0.37999996E+02  0.95220E+04
 0.38049999E+02  0.93110E+04
 0.38099998E+02  0.91060E+04
 0.38149998E+02  0.89050E+04
 0.38199997E+02  0.87070E+04
 0.38249996E+02  0.85230E+04
 0.38299999E+02  0.83490E+04
 0.38349998E+02  0.81760E+04
 0.38399998E+02  0.80190E+04
 0.38449997E+02  0.78640E+04
 0.38499996E+02  0.77150E+04
 0.38549999E+02  0.75800E+04
 0.38599998E+02  0.74480E+04
 0.38649998E+02  0.73240E+04
 0.38699997E+02  0.71990E+04
 0.38749996E+02  0.70730E+04
 0.38799999E+02  0.69490E+04
 0.38849998E+02  0.68210E+04
 0.38899998E+02  0.66920E+04
 0.38949997E+02  0.65470E+04
 0.38999996E+02  0.64020E+04
 0.39049999E+02  0.62480E+04
 0.39099998E+02  0.60690E+04
 0.39149998E+02  0.58910E+04
 0.39199997E+02  0.56960E+04
 0.39249996E+02  0.54860E+04
 0.39299999E+02  0.52620E+04
 0.39349998E+02  0.50190E+04
 0.39399998E+02  0.47700E+04
 0.39449997E+02  0.44990E+04
 0.39499996E+02  0.42160E+04
 0.39549999E+02  0.39210E+04
 0.39599998E+02  0.36120E+04
 0.39649998E+02  0.32930E+04
 0.39699997E+02  0.29560E+04
 0.39749996E+02  0.26070E+04
 0.39799999E+02  0.22410E+04
 0.39849998E+02  0.18630E+04
 0.39899998E+02  0.14710E+04
 0.39949997E+02  0.10580E+04
 0.39999996E+02  0.63600E+03
 0.40049999E+02  0.19600E+03
 0.40099998E+02 -0.26000E+03
 0.40149998E+02 -0.73100E+03
 0.40199997E+02 -0.12220E+04
 0.40249996E+02 -0.17280E+04
 0.40299999E+02 -0.22540E+04
 0.40349998E+02 -0.27960E+04
 0.40399998E+02 -0.33470E+04
 0.40449997E+02 -0.39080E+04
 0.40499996E+02 -0.44750E+04
 0.40549999E+02 -0.50410E+04
 0.40599998E+02 -0.56140E+04
 0.40649998E+02 -0.61880E+04
 0.40699997E+02 -0.67450E+04
 0.40749996E+02 -0.72980E+04
 0.40799999E+02 -0.78320E+04
 0.40849998E+02 -0.83390E+04
 0.40899998E+02 -0.88320E+04
 0.40949997E+02 -0.93020E+04
 0.40999996E+02 -0.97520E+04
 0.41049999E+02 -0.10180E+05
 0.41099998E+02 -0.10583E+05
 0.41149998E+02 -0.10966E+05
 0.41199997E+02 -0.11321E+05
 0.41249996E+02 -0.11654E+05
 0.41299999E+02 -0.11964E+05
 0.41349998E+02 -0.12253E+05
 0.41399998E+02 -0.12523E+05
 0.41449997E+02 -0.12769E+05
 0.41499996E+02 -0.12990E+05
 0.41549999E+02 -0.13190E+05
 0.41599998E+02 -0.13366E+05
 0.41649998E+02 -0.13524E+05
 0.41699997E+02 -0.13658E+05
 0.41749996E+02 -0.13764E+05
 0.41799995E+02 -0.13856E+05
 0.41849998E+02 -0.13927E+05
 0.41899998E+02 -0.13973E+05
 0.41949997E+02 -0.14005E+05
 0.41999996E+02 -0.14010E+05
 0.42049995E+02 -0.13990E+05
 0.42099998E+02 -0.13950E+05
 0.42149998E+02 -0.13879E+05
 0.42199997E+02 -0.13794E+05
 0.42249996E+02 -0.13683E+05
 0.42299995E+02 -0.13552E+05
 0.42349998E+02 -0.13404E+05
 0.42399998E+02 -0.13227E+05
 0.42449997E+02 -0.13034E+05
 0.42499996E+02 -0.12819E+05
 0.42549995E+02 -0.12592E+05
 0.42599998E+02 -0.12341E+05
 0.42649998E+02 -0.12074E+05
 0.42699997E+02 -0.11796E+05
 0.42749996E+02 -0.11495E+05
 0.42799995E+02 -0.11187E+05
 0.42849998E+02 -0.10852E+05
 0.42899998E+02 -0.10507E+05
 0.42949997E+02 -0.10145E+05
 0.42999996E+02 -0.97590E+04
 0.43049995E+02 -0.93630E+04
 0.43099998E+02 -0.89410E+04
 0.43149998E+02 -0.84980E+04
 0.43199997E+02 -0.80360E+04
 0.43249996E+02 -0.75610E+04
 0.43299995E+02 -0.70670E+04
 0.43349998E+02 -0.65540E+04
 0.43399998E+02 -0.60310E+04
 0.43449997E+02 -0.54930E+04
 0.43499996E+02 -0.49360E+04
 0.43549995E+02 -0.43710E+04
 0.43599998E+02 -0.38050E+04
 0.43649998E+02 -0.32290E+04
 0.43699997E+02 -0.26480E+04
 0.43749996E+02 -0.20690E+04
 0.43799995E+02 -0.14860E+04
 0.43849998E+02 -0.90900E+03
 0.43899998E+02 -0.33300E+03
 0.43949997E+02  0.24300E+03
 0.43999996E+02  0.81400E+03
 0.44049995E+02  0.13800E+04
 0.44099998E+02  0.19340E+04
 0.44149998E+02  0.24870E+04
 0.44199997E+02  0.30290E+04
 0.44249996E+02  0.35580E+04
 0.44299995E+02  0.40790E+04
 0.44349998E+02  0.45840E+04
 0.44399998E+02  0.50670E+04
 0.44449997E+02  0.55360E+04
 0.44499996E+02  0.59920E+04
 0.44549995E+02  0.64210E+04
 0.44599998E+02  0.68330E+04
 0.44649998E+02  0.72280E+04
 0.44699997E+02  0.76030E+04
 0.44749996E+02  0.79630E+04
 0.44799995E+02  0.83150E+04
 0.44849998E+02  0.86540E+04
 0.44899998E+02  0.89820E+04
 0.44949997E+02  0.93050E+04
 0.44999996E+02  0.96180E+04
 0.45049995E+02  0.99430E+04
 0.45099998E+02  0.10261E+05
 0.45149998E+02  0.10580E+05
 0.45199997E+02  0.10911E+05
 0.45249996E+02  0.11243E+05
 0.45299995E+02  0.11588E+05
 0.45349998E+02  0.11934E+05
 0.45399998E+02  0.12282E+05
 0.45449997E+02  0.12644E+05
 0.45499996E+02  0.13001E+05
 0.45549995E+02  0.13364E+05
 0.45599998E+02  0.13734E+05
 0.45649998E+02  0.14093E+05
 0.45699997E+02  0.14461E+05
 0.45749996E+02  0.14826E+05
 0.45799995E+02  0.15181E+05
 0.45849998E+02  0.15541E+05
 0.45899998E+02  0.15891E+05
 0.45949997E+02  0.16232E+05
 0.45999996E+02  0.16565E+05
 0.46049995E+02  0.16892E+05
 0.46099998E+02  0.17212E+05
 0.46149998E+02  0.17522E+05
 0.46199997E+02  0.17820E+05
 0.46249996E+02  0.18106E+05
 0.46299995E+02  0.18379E+05
 0.46349998E+02  0.18639E+05
 0.46399998E+02  0.18882E+05
 0.46449997E+02  0.19110E+05
 0.46499996E+02  0.19323E+05
 0.46549995E+02  0.19515E+05
 0.46599998E+02  0.19692E+05
 0.46649998E+02  0.19844E+05
 0.46699997E+02  0.19976E+05
 0.46749996E+02  0.20091E+05
 0.46799995E+02  0.20181E+05
 0.46849998E+02  0.20252E+05
 0.46899998E+02  0.20295E+05
 0.46949997E+02  0.20312E+05
 0.46999996E+02  0.20304E+05
 0.47049995E+02  0.20269E+05
 0.47099998E+02  0.20207E+05
 0.47149998E+02  0.20115E+05
 0.47199997E+02  0.19993E+05
 0.47249996E+02  0.19848E+05
 0.47299995E+02  0.19677E+05
 0.47349998E+02  0.19476E+05
 0.47399998E+02  0.19249E+05
 0.47449997E+02  0.19003E+05
 0.47499996E+02  0.18735E+05
 0.47549995E+02  0.18444E+05
 0.47599998E+02  0.18133E+05
 0.47649998E+02  0.17799E+05
 0.47699997E+02  0.17456E+05
 0.47749996E+02  0.17102E+05
 0.47799995E+02  0.16726E+05
 0.47849998E+02  0.16342E+05
 0.47899998E+02  0.15946E+05
 0.47949997E+02  0.15539E+05
 0.47999996E+02  0.15121E+05
 0.48049995E+02  0.14686E+05
 0.48099998E+02  0.14244E+05
 0.48149998E+02  0.13789E+05
 0.48199997E+02  0.13333E+05
 0.48249996E+02  0.12865E+05
 0.48299995E+02  0.12387E+05
 0.48349998E+02  0.11908E+05
 0.48399998E+02  0.11420E+05
 0.48449997E+02  0.10920E+05
 0.48499996E+02  0.10417E+05
 0.48549995E+02  0.99180E+04
 0.48599998E+02  0.94030E+04
 0.48649998E+02  0.88870E+04
 0.48699997E+02  0.83680E+04
 0.48749996E+02  0.78510E+04
 0.48799995E+02  0.73380E+04
 0.48849998E+02  0.68160E+04
 0.48899998E+02  0.62970E+04
 0.48949997E+02  0.57830E+04
 0.48999996E+02  0.52720E+04
 0.49049995E+02  0.47690E+04
 0.49099998E+02  0.42700E+04
 0.49149998E+02  0.37650E+04
 0.49199997E+02  0.32680E+04
 0.49249996E+02  0.27820E+04
 0.49299995E+02  0.22920E+04
 0.49349998E+02  0.18080E+04
 0.49399998E+02  0.13210E+04
 0.49449997E+02  0.84600E+03
 0.49499996E+02  0.38000E+03
 0.49549995E+02 -0.86000E+02
 0.49599998E+02 -0.53200E+03
 0.49649998E+02 -0.97200E+03
 0.49699997E+02 -0.13960E+04
 0.49749996E+02 -0.18070E+04
 0.49799995E+02 -0.22100E+04
 0.49849998E+02 -0.25900E+04
 0.49899998E+02 -0.29580E+04
 0.49949997E+02 -0.33080E+04
 0.49999996E+02 -0.36450E+04
 0.50049995E+02 -0.39600E+04
 0.50099998E+02 -0.42590E+04
 0.50149998E+02 -0.45500E+04
 0.50199997E+02 -0.48150E+04
 0.50249996E+02 -0.50670E+04
 0.50299995E+02 -0.53030E+04
 0.50349998E+02 -0.55290E+04
 0.50399998E+02 -0.57460E+04
 0.50449997E+02 -0.59480E+04
 0.50499996E+02 -0.61450E+04
 0.50549995E+02 -0.63300E+04
 0.50599998E+02 -0.65120E+04
 0.50649998E+02 -0.66860E+04
 0.50699997E+02 -0.68550E+04
 0.50749996E+02 -0.70230E+04
 0.50799995E+02 -0.71890E+04
 0.50849998E+02 -0.73610E+04
 0.50899998E+02 -0.75290E+04
 0.50949997E+02 -0.77030E+04
 0.50999996E+02 -0.78790E+04
 0.51049995E+02 -0.80530E+04
 0.51099998E+02 -0.82350E+04
 0.51149998E+02 -0.84190E+04
 0.51199997E+02 -0.86090E+04
 0.51249996E+02 -0.87980E+04
 0.51299995E+02 -0.89900E+04
 0.51349998E+02 -0.91920E+04
 0.51399998E+02 -0.93930E+04
 0.51449997E+02 -0.96060E+04
 0.51499996E+02 -0.98210E+04
 0.51549995E+02 -0.10034E+05
 0.51599998E+02 -0.10250E+05
 0.51649998E+02 -0.10468E+05
 0.51699997E+02 -0.10694E+05
 0.51749996E+02 -0.10912E+05
 0.51799995E+02 -0.11134E+05
 0.51849998E+02 -0.11358E+05
 0.51899998E+02 -0.11574E+05
 0.51949997E+02 -0.11791E+05
 0.51999996E+02 -0.12006E+05
 0.52049995E+02 -0.12218E+05
 0.52099998E+02 -0.12429E+05
 0.52149998E+02 -0.12634E+05
 0.52199997E+02 -0.12832E+05
 0.52249996E+02 -0.13019E+05
 0.52299995E+02 -0.13199E+05
 0.52349998E+02 -0.13374E+05
 0.52399998E+02 -0.13533E+05
 0.52449997E+02 -0.13684E+05
 0.52499996E+02 -0.13825E+05
 0.52549995E+02 -0.13945E+05
 0.52599998E+02 -0.14054E+05
 0.52649998E+02 -0.14149E+05
 0.52699997E+02 -0.14231E+05
 0.52749996E+02 -0.14300E+05
 0.52799995E+02 -0.14348E+05
 0.52849998E+02 -0.14387E+05
 0.52899998E+02 -0.14405E+05
 0.52949997E+02 -0.14403E+05
 0.52999996E+02 -0.14399E+05
 0.53049995E+02 -0.14367E+05
 0.53099998E+02 -0.14321E+05
 0.53149998E+02 -0.14264E+05
 0.53199997E+02 -0.14192E+05
 0.53249996E+02 -0.14111E+05
 0.53299995E+02 -0.14014E+05
 0.53349998E+02 -0.13909E+05
 0.53399998E+02 -0.13797E+05
 0.53449997E+02 -0.13677E+05
 0.53499996E+02 -0.13556E+05
 0.53549995E+02 -0.13436E+05
 0.53599998E+02 -0.13314E+05
 0.53649998E+02 -0.13196E+05
 0.53699997E+02 -0.13082E+05
 0.53749996E+02 -0.12972E+05
 0.53799995E+02 -0.12870E+05
 0.53849998E+02 -0.12769E+05
 0.53899998E+02 -0.12667E+05
 0.53949997E+02 -0.12569E+05
 0.53999996E+02 -0.12469E+05
 0.54049995E+02 -0.12360E+05
 0.54099998E+02 -0.12251E+05
 0.54149998E+02 -0.12134E+05
 0.54199997E+02 -0.12004E+05
 0.54249996E+02 -0.11869E+05
 0.54299995E+02 -0.11722E+05
 0.54349998E+02 -0.11556E+05
 0.54399998E+02 -0.11381E+05
 0.54449997E+02 -0.11186E+05
 0.54499996E+02 -0.10972E+05
 0.54549995E+02 -0.10739E+05
 0.54599998E+02 -0.10482E+05
 0.54649998E+02 -0.10208E+05
 0.54699997E+02 -0.99090E+04
 0.54749996E+02 -0.95880E+04
 0.54799995E+02 -0.92440E+04
 0.54849995E+02 -0.88780E+04
 0.54899998E+02 -0.84970E+04
 0.54949997E+02 -0.80930E+04
 0.54999996E+02 -0.76620E+04
 0.55049995E+02 -0.72160E+04
 0.55099995E+02 -0.67540E+04
 0.55149998E+02 -0.62670E+04
 0.55199997E+02 -0.57720E+04
 0.55249996E+02 -0.52590E+04
 0.55299995E+02 -0.47280E+04
 0.55349995E+02 -0.41860E+04
 0.55399998E+02 -0.36180E+04
 0.55449997E+02 -0.30430E+04
 0.55499996E+02 -0.24510E+04
 0.55549995E+02 -0.18380E+04
 0.55599995E+02 -0.12150E+04
 0.55649998E+02 -0.57300E+03
 0.55699997E+02  0.82000E+02
 0.55749996E+02  0.74700E+03
 0.55799995E+02  0.14260E+04
 0.55849995E+02  0.21190E+04
 0.55899998E+02  0.28180E+04
 0.55949997E+02  0.35210E+04
 0.55999996E+02  0.42360E+04
 0.56049995E+02  0.49490E+04
 0.56099995E+02  0.56630E+04
 0.56149998E+02  0.63930E+04
 0.56199997E+02  0.71180E+04
 0.56249996E+02  0.78350E+04
 0.56299995E+02  0.85530E+04
 0.56349995E+02  0.92690E+04
 0.56399998E+02  0.99760E+04
 0.56449997E+02  0.10674E+05
 0.56499996E+02  0.11359E+05
 0.56549995E+02  0.12030E+05
 0.56599995E+02  0.12689E+05
 0.56649998E+02  0.13321E+05
 0.56699997E+02  0.13934E+05
 0.56749996E+02  0.14523E+05
 0.56799995E+02  0.15081E+05
 0.56849995E+02  0.15620E+05
 0.56899998E+02  0.16133E+05
 0.56949997E+02  0.16614E+05
 0.56999996E+02  0.17066E+05
 0.57049995E+02  0.17489E+05
 0.57099995E+02  0.17877E+05
 0.57149998E+02  0.18241E+05
 0.57199997E+02  0.18576E+05
 0.57249996E+02  0.18883E+05
 0.57299995E+02  0.19162E+05
 0.57349995E+02  0.19410E+05
 0.57399998E+02  0.19633E+05
 0.57449997E+02  0.19822E+05
 0.57499996E+02  0.19986E+05
 0.57549995E+02  0.20128E+05
 0.57599995E+02  0.20248E+05
 0.57649998E+02  0.20352E+05
 0.57699997E+02  0.20435E+05
 0.57749996E+02  0.20503E+05
 0.57799995E+02  0.20563E+05
 0.57849995E+02  0.20607E+05
 0.57899998E+02  0.20640E+05
 0.57949997E+02  0.20669E+05
 0.57999996E+02  0.20693E+05
 0.58049995E+02  0.20712E+05
 0.58099995E+02  0.20731E+05
 0.58149998E+02  0.20750E+05
 0.58199997E+02  0.20765E+05
 0.58249996E+02  0.20784E+05
 0.58299995E+02  0.20800E+05
 0.58349995E+02  0.20816E+05
 0.58399998E+02  0.20839E+05
 0.58449997E+02  0.20864E+05
 0.58499996E+02  0.20887E+05
 0.58549995E+02  0.20913E+05
 0.58599995E+02  0.20950E+05
 0.58649998E+02  0.20978E+05
 0.58699997E+02  0.21001E+05
 0.58749996E+02  0.21028E+05
 0.58799995E+02  0.21046E+05
 0.58849995E+02  0.21058E+05
 0.58899998E+02  0.21064E+05
 0.58949997E+02  0.21056E+05
 0.58999996E+02  0.21033E+05
 0.59049995E+02  0.21005E+05
 0.59099995E+02  0.20964E+05
 0.59149998E+02  0.20908E+05
 0.59199997E+02  0.20833E+05
 0.59249996E+02  0.20744E+05
 0.59299995E+02  0.20646E+05
 0.59349995E+02  0.20526E+05
 0.59399998E+02  0.20396E+05
 0.59449997E+02  0.20249E+05
 0.59499996E+02  0.20086E+05
 0.59549995E+02  0.19908E+05
 0.59599995E+02  0.19701E+05
 0.59649998E+02  0.19478E+05
 0.59699997E+02  0.19235E+05
 0.59749996E+02  0.18968E+05
 0.59799995E+02  0.18680E+05
 0.59849995E+02  0.18370E+05
 0.59899998E+02  0.18043E+05
 0.59949997E+02  0.17696E+05
 0.59999996E+02  0.17325E+05
 0.60049995E+02  0.16930E+05
 0.60099995E+02  0.16518E+05
 0.60149998E+02  0.16093E+05
 0.60199997E+02  0.15651E+05
 0.60249996E+02  0.15205E+05
 0.60299995E+02  0.14749E+05
 0.60349995E+02  0.14282E+05
 0.60399998E+02  0.13816E+05
 0.60449997E+02  0.13342E+05
 0.60499996E+02  0.12868E+05
 0.60549995E+02  0.12390E+05
 0.60599995E+02  0.11905E+05
 0.60649998E+02  0.11435E+05
 0.60699997E+02  0.10961E+05
 0.60749996E+02  0.10486E+05
 0.60799995E+02  0.10014E+05
 0.60849995E+02  0.95390E+04
 0.60899998E+02  0.90720E+04
 0.60949997E+02  0.86070E+04
 0.60999996E+02  0.81460E+04
 0.61049995E+02  0.76970E+04
 0.61099998E+02  0.72580E+04
 0.61149994E+02  0.68260E+04
 0.61199997E+02  0.64040E+04
 0.61249992E+02  0.59960E+04
 0.61299995E+02  0.55940E+04
 0.61349998E+02  0.51990E+04
 0.61399994E+02  0.48210E+04
 0.61449997E+02  0.44620E+04
 0.61499992E+02  0.41080E+04
 0.61549995E+02  0.37650E+04
 0.61599998E+02  0.34380E+04
 0.61649994E+02  0.31270E+04
 0.61699997E+02  0.28270E+04
 0.61749992E+02  0.25350E+04
 0.61799995E+02  0.22550E+04
 0.61849998E+02  0.19870E+04
 0.61899994E+02  0.17250E+04
 0.61949997E+02  0.14710E+04
 0.61999992E+02  0.12250E+04
 0.62049995E+02  0.97900E+03
 0.62099998E+02  0.73800E+03
 0.62149994E+02  0.50300E+03
 0.62199997E+02  0.26400E+03
 0.62249992E+02  0.24000E+02
 0.62299995E+02 -0.21500E+03
 0.62349998E+02 -0.45600E+03
 0.62399994E+02 -0.70400E+03
 0.62449997E+02 -0.96500E+03
 0.62499992E+02 -0.12310E+04
 0.62549995E+02 -0.15000E+04
 0.62599998E+02 -0.17740E+04
 0.62649994E+02 -0.20560E+04
 0.62699997E+02 -0.23410E+04
 0.62749992E+02 -0.26370E+04
 0.62799995E+02 -0.29420E+04
 0.62849998E+02 -0.32360E+04
 0.62899994E+02 -0.35300E+04
 0.62949997E+02 -0.38250E+04
 0.62999992E+02 -0.41140E+04
 0.63049995E+02 -0.44010E+04
 0.63099998E+02 -0.46770E+04
 0.63149994E+02 -0.49460E+04
 0.63199997E+02 -0.52050E+04
 0.63249992E+02 -0.54460E+04
 0.63299995E+02 -0.56810E+04
 0.63349998E+02 -0.59000E+04
 0.63399994E+02 -0.61020E+04
 0.63449997E+02 -0.62940E+04
 0.63499992E+02 -0.64680E+04
 0.63549995E+02 -0.66190E+04
 0.63599998E+02 -0.67480E+04
 0.63649994E+02 -0.68520E+04
 0.63699997E+02 -0.69260E+04
 0.63749992E+02 -0.69810E+04
 0.63799995E+02 -0.70030E+04
 0.63849998E+02 -0.69900E+04
 0.63899994E+02 -0.69560E+04
 0.63949997E+02 -0.68830E+04
 0.63999992E+02 -0.67840E+04
 0.64049995E+02 -0.66530E+04
 0.64099998E+02 -0.64980E+04
 0.64149994E+02 -0.63200E+04
 0.64199997E+02 -0.61040E+04
 0.64249992E+02 -0.58830E+04
 0.64299995E+02 -0.56430E+04
 0.64349998E+02 -0.53830E+04
 0.64399994E+02 -0.51240E+04
 0.64449997E+02 -0.48510E+04
 0.64499992E+02 -0.45840E+04
 0.64549995E+02 -0.43200E+04
 0.64599998E+02 -0.40590E+04
 0.64649994E+02 -0.38040E+04
 0.64699997E+02 -0.35540E+04
 0.64749992E+02 -0.33160E+04
 0.64799995E+02 -0.30880E+04
 0.64849998E+02 -0.28690E+04
 0.64899994E+02 -0.26610E+04
 0.64949997E+02 -0.24610E+04
 0.64999992E+02 -0.22730E+04
 0.65049995E+02 -0.20940E+04
 0.65099998E+02 -0.19260E+04
 0.65149994E+02 -0.17690E+04
 0.65199997E+02 -0.16170E+04
 0.65249992E+02 -0.14780E+04
 0.65299995E+02 -0.13500E+04
 0.65349998E+02 -0.12300E+04
 0.65399994E+02 -0.11250E+04
 0.65449997E+02 -0.10310E+04
 0.65499992E+02 -0.94200E+03
 0.65549995E+02 -0.85500E+03
 0.65599998E+02 -0.77900E+03
 0.65649994E+02 -0.70600E+03
 0.65699997E+02 -0.63600E+03
 0.65749992E+02 -0.57900E+03
 0.65799995E+02 -0.52400E+03
 0.65849998E+02 -0.48100E+03
 0.65899994E+02 -0.44900E+03
 0.65949997E+02 -0.42100E+03
 0.65999992E+02 -0.40200E+03
 0.66049995E+02 -0.39300E+03
 0.66099998E+02 -0.39400E+03
 0.66149994E+02 -0.39500E+03
 0.66199997E+02 -0.40900E+03
 0.66249992E+02 -0.43000E+03
 0.66299995E+02 -0.45000E+03
 0.66349998E+02 -0.48300E+03
 0.66399994E+02 -0.51400E+03
 0.66449997E+02 -0.54300E+03
 0.66499992E+02 -0.56700E+03
 0.66549995E+02 -0.58800E+03
 0.66599998E+02 -0.60800E+03
 0.66649994E+02 -0.62200E+03
 0.66699997E+02 -0.62700E+03
 0.66749992E+02 -0.62600E+03
 0.66799995E+02 -0.62000E+03
 0.66849998E+02 -0.60200E+03
 0.66899994E+02 -0.58600E+03
 0.66949997E+02 -0.55800E+03
 0.66999992E+02 -0.52800E+03
 0.67049995E+02 -0.50600E+03
 0.67099998E+02 -0.47800E+03
 0.67149994E+02 -0.46400E+03
 0.67199997E+02 -0.44500E+03
 0.67249992E+02 -0.43700E+03
 0.67299995E+02 -0.43900E+03
 0.67349998E+02 -0.44300E+03
 0.67399994E+02 -0.46600E+03
 0.67449997E+02 -0.49800E+03
 0.67499992E+02 -0.55000E+03
 0.67549995E+02 -0.61700E+03
 0.67599998E+02 -0.69400E+03
 0.67649994E+02 -0.78900E+03
 0.67699997E+02 -0.89300E+03
 0.67749992E+02 -0.10090E+04
 0.67799995E+02 -0.11470E+04
 0.67849998E+02 -0.12960E+04
 0.67899994E+02 -0.14510E+04
 0.67949997E+02 -0.16230E+04
 0.67999992E+02 -0.18030E+04
 0.68049995E+02 -0.19870E+04
 0.68099998E+02 -0.21730E+04
 0.68149994E+02 -0.23630E+04
 0.68199997E+02 -0.25590E+04
 0.68249992E+02 -0.27460E+04
 0.68299995E+02 -0.29300E+04
 0.68349998E+02 -0.31090E+04
 0.68399994E+02 -0.32780E+04
 0.68449997E+02 -0.34430E+04
 0.68499992E+02 -0.35920E+04
 0.68549995E+02 -0.37300E+04
 0.68599998E+02 -0.38630E+04
 0.68649994E+02 -0.39830E+04
 0.68699997E+02 -0.40910E+04
 0.68749992E+02 -0.41880E+04
 0.68799995E+02 -0.42790E+04
 0.68849998E+02 -0.43600E+04
 0.68899994E+02 -0.44300E+04
 0.68949997E+02 -0.44900E+04
 0.68999992E+02 -0.45390E+04
 0.69049995E+02 -0.45730E+04
 0.69099998E+02 -0.46000E+04
 0.69149994E+02 -0.46210E+04
 0.69199997E+02 -0.46220E+04
 0.69249992E+02 -0.46190E+04
 0.69299995E+02 -0.46040E+04
 0.69349998E+02 -0.45730E+04
 0.69399994E+02 -0.45340E+04
 0.69449997E+02 -0.44760E+04
 0.69499992E+02 -0.44060E+04
 0.69549995E+02 -0.43240E+04
 0.69599998E+02 -0.42280E+04
 0.69649994E+02 -0.41170E+04
 0.69699997E+02 -0.39930E+04
 0.69749992E+02 -0.38500E+04
 0.69799995E+02 -0.36900E+04
 0.69849998E+02 -0.35140E+04
 0.69899994E+02 -0.33210E+04
 0.69949997E+02 -0.31130E+04
 0.69999992E+02 -0.28890E+04
 0.70049995E+02 -0.26470E+04
 0.70099998E+02 -0.23850E+04
 0.70149994E+02 -0.21110E+04
 0.70199997E+02 -0.18210E+04
 0.70249992E+02 -0.15040E+04
 0.70299995E+02 -0.11760E+04
 0.70349998E+02 -0.83700E+03
 0.70399994E+02 -0.47800E+03
 0.70449997E+02 -0.11100E+03
 0.70499992E+02  0.26500E+03
 0.70549995E+02  0.65200E+03
 0.70599998E+02  0.10380E+04
 0.70649994E+02  0.14250E+04
 0.70699997E+02  0.18110E+04
 0.70749992E+02  0.21940E+04
 0.70799995E+02  0.25700E+04
 0.70849998E+02  0.29330E+04
 0.70899994E+02  0.32870E+04
 0.70949997E+02  0.36390E+04
 0.70999992E+02  0.39780E+04
 0.71049995E+02  0.43130E+04
 0.71099998E+02  0.46480E+04
 0.71149994E+02  0.49790E+04
 0.71199997E+02  0.53150E+04
 0.71249992E+02  0.56480E+04
 0.71299995E+02  0.59850E+04
 0.71349998E+02  0.63210E+04
 0.71399994E+02  0.66530E+04
 0.71449997E+02  0.69860E+04
 0.71499992E+02  0.73090E+04
 0.71549995E+02  0.76300E+04
 0.71599998E+02  0.79470E+04
 0.71649994E+02  0.82530E+04
 0.71699997E+02  0.85500E+04
 0.71749992E+02  0.88390E+04
 0.71799995E+02  0.91220E+04
 0.71849998E+02  0.93930E+04
 0.71899994E+02  0.96510E+04
 0.71949997E+02  0.99070E+04
 0.71999992E+02  0.10151E+05
 0.72049995E+02  0.10389E+05
 0.72099998E+02  0.10622E+05
 0.72149994E+02  0.10843E+05
 0.72199997E+02  0.11061E+05
 0.72249992E+02  0.11263E+05
 0.72299995E+02  0.11457E+05
 0.72349998E+02  0.11643E+05
 0.72399994E+02  0.11811E+05
 0.72449997E+02  0.11977E+05
 0.72499992E+02  0.12127E+05
 0.72549995E+02  0.12262E+05
 0.72599998E+02  0.12384E+05
 0.72649994E+02  0.12499E+05
 0.72699997E+02  0.12609E+05
 0.72749992E+02  0.12707E+05
 0.72799995E+02  0.12811E+05
 0.72849998E+02  0.12904E+05
 0.72899994E+02  0.12998E+05
 0.72949997E+02  0.13089E+05
 0.72999992E+02  0.13169E+05
 0.73049995E+02  0.13257E+05
 0.73099998E+02  0.13332E+05
 0.73149994E+02  0.13409E+05
 0.73199997E+02  0.13494E+05
 0.73249992E+02  0.13567E+05
 0.73299995E+02  0.13645E+05
 0.73349998E+02  0.13712E+05
 0.73399994E+02  0.13765E+05
 0.73449997E+02  0.13823E+05
 0.73499992E+02  0.13873E+05
 0.73549995E+02  0.13917E+05
 0.73599998E+02  0.13961E+05
 0.73649994E+02  0.14004E+05
 0.73699997E+02  0.14044E+05
 0.73749992E+02  0.14081E+05
 0.73799995E+02  0.14121E+05
 0.73849998E+02  0.14160E+05
 0.73899994E+02  0.14206E+05
 0.73949997E+02  0.14250E+05
 0.73999992E+02  0.14289E+05
 0.74049995E+02  0.14327E+05
 0.74099998E+02  0.14352E+05
 0.74149994E+02  0.14371E+05
 0.74199997E+02  0.14380E+05
 0.74249992E+02  0.14375E+05
 0.74299995E+02  0.14358E+05
 0.74349998E+02  0.14317E+05
 0.74399994E+02  0.14258E+05
 0.74449997E+02  0.14182E+05
 0.74499992E+02  0.14078E+05
 0.74549995E+02  0.13958E+05
 0.74599998E+02  0.13811E+05
 0.74649994E+02  0.13650E+05
 0.74699997E+02  0.13468E+05
 0.74749992E+02  0.13262E+05
 0.74799995E+02  0.13043E+05
 0.74849998E+02  0.12804E+05
 0.74899994E+02  0.12552E+05
 0.74949997E+02  0.12287E+05
 0.74999992E+02  0.12010E+05
 0.75049995E+02  0.11720E+05
 0.75099998E+02  0.11417E+05
 0.75149994E+02  0.11106E+05
 0.75199997E+02  0.10782E+05
 0.75249992E+02  0.10463E+05
 0.75299995E+02  0.10128E+05
 0.75349998E+02  0.97860E+04
 0.75399994E+02  0.94520E+04
 0.75449997E+02  0.91060E+04
 0.75499992E+02  0.87640E+04
 0.75549995E+02  0.84220E+04
 0.75599998E+02  0.80750E+04
 0.75649994E+02  0.77420E+04
 0.75699997E+02  0.74050E+04
 0.75749992E+02  0.70660E+04
 0.75799995E+02  0.67390E+04
 0.75849998E+02  0.64180E+04
 0.75899994E+02  0.61000E+04
 0.75949997E+02  0.57900E+04
 0.75999992E+02  0.54890E+04
 0.76049995E+02  0.51880E+04
 0.76099998E+02  0.49010E+04
 0.76149994E+02  0.46220E+04
 0.76199997E+02  0.43460E+04
 0.76249992E+02  0.40930E+04
 0.76299995E+02  0.38510E+04
 0.76349998E+02  0.36220E+04
 0.76399994E+02  0.34090E+04
 0.76449997E+02  0.32100E+04
 0.76499992E+02  0.30270E+04
 0.76549995E+02  0.28560E+04
 0.76599998E+02  0.27050E+04
 0.76649994E+02  0.25680E+04
 0.76699997E+02  0.24530E+04
 0.76749992E+02  0.23510E+04
 0.76799995E+02  0.22680E+04
 0.76849998E+02  0.22090E+04
 0.76899994E+02  0.21610E+04
 0.76949997E+02  0.21360E+04
 0.76999992E+02  0.21240E+04
 0.77049995E+02  0.21220E+04
 0.77099998E+02  0.21390E+04
 0.77149994E+02  0.21660E+04
 0.77199997E+02  0.21990E+04
 0.77249992E+02  0.22430E+04
 0.77299995E+02  0.22950E+04
 0.77349998E+02  0.23410E+04
 0.77399994E+02  0.23890E+04
 0.77449997E+02  0.24350E+04
 0.77499992E+02  0.24710E+04
 0.77549995E+02  0.25070E+04
 0.77599998E+02  0.25250E+04
 0.77649994E+02  0.25340E+04
 0.77699997E+02  0.25390E+04
 0.77749992E+02  0.25240E+04
 0.77799995E+02  0.25020E+04
 0.77849998E+02  0.24690E+04
 0.77899994E+02  0.24230E+04
 0.77949997E+02  0.23690E+04
 0.77999992E+02  0.23070E+04
 0.78049995E+02  0.22400E+04
 0.78099998E+02  0.21680E+04
 0.78149994E+02  0.21020E+04
 0.78199997E+02  0.20320E+04
 0.78249992E+02  0.19600E+04
 0.78299995E+02  0.18930E+04
 0.78349998E+02  0.18190E+04
 0.78399994E+02  0.17520E+04
 0.78449997E+02  0.16800E+04
 0.78499992E+02  0.16020E+04
 0.78549995E+02  0.15310E+04
 0.78599998E+02  0.14540E+04
 0.78649994E+02  0.13780E+04
 0.78699997E+02  0.12990E+04
 0.78749992E+02  0.12200E+04
 0.78799995E+02  0.11430E+04
 0.78849998E+02  0.10590E+04
 0.78899994E+02  0.98500E+03
 0.78949997E+02  0.90700E+03
 0.78999992E+02  0.83200E+03
 0.79049995E+02  0.76300E+03
 0.79099998E+02  0.68600E+03
 0.79149994E+02  0.61100E+03
 0.79199997E+02  0.53100E+03
 0.79249992E+02  0.44600E+03
 0.79299995E+02  0.35700E+03
 0.79349998E+02  0.25900E+03
 0.79399994E+02  0.14600E+03
 0.79449997E+02  0.21000E+02
 0.79499992E+02 -0.11200E+03
 0.79549995E+02 -0.26400E+03
 0.79599998E+02 -0.42100E+03
 0.79649994E+02 -0.58700E+03
 0.79699997E+02 -0.76300E+03
 0.79749992E+02 -0.93900E+03
 0.79799995E+02 -0.11280E+04
 0.79849998E+02 -0.13190E+04
 0.79899994E+02 -0.15210E+04
 0.79949997E+02 -0.17380E+04
 0.79999992E+02 -0.19530E+04
 0.80049995E+02 -0.21780E+04
 0.80099998E+02 -0.24120E+04
 0.80149994E+02 -0.26550E+04
 0.80199997E+02 -0.29120E+04
 0.80249992E+02 -0.31770E+04
 0.80299995E+02 -0.34590E+04
 0.80349998E+02 -0.37450E+04
 0.80399994E+02 -0.40390E+04
 0.80449997E+02 -0.43480E+04
 0.80499992E+02 -0.46570E+04
 0.80549995E+02 -0.49750E+04
 0.80599998E+02 -0.52990E+04
 0.80649994E+02 -0.56190E+04
 0.80699997E+02 -0.59500E+04
 0.80749992E+02 -0.62780E+04
 0.80799995E+02 -0.66020E+04
 0.80849998E+02 -0.69220E+04
 0.80899994E+02 -0.72350E+04
 0.80949997E+02 -0.75470E+04
 0.80999992E+02 -0.78510E+04
 0.81049995E+02 -0.81500E+04
 0.81099998E+02 -0.84460E+04
 0.81149994E+02 -0.87300E+04
 0.81199997E+02 -0.90020E+04
 0.81249992E+02 -0.92700E+04
 0.81299995E+02 -0.95180E+04
 0.81349998E+02 -0.97510E+04
 0.81399994E+02 -0.99780E+04
 0.81449997E+02 -0.10184E+05
 0.81499992E+02 -0.10376E+05
 0.81549995E+02 -0.10556E+05
 0.81599998E+02 -0.10719E+05
 0.81649994E+02 -0.10875E+05
 0.81699997E+02 -0.11014E+05
 0.81749992E+02 -0.11139E+05
 0.81799995E+02 -0.11252E+05
 0.81849998E+02 -0.11352E+05
 0.81899994E+02 -0.11436E+05
 0.81949997E+02 -0.11508E+05
 0.81999992E+02 -0.11566E+05
 0.82049995E+02 -0.11607E+05
 0.82099998E+02 -0.11642E+05
 0.82149994E+02 -0.11654E+05
 0.82199997E+02 -0.11653E+05
 0.82249992E+02 -0.11640E+05
 0.82299995E+02 -0.11613E+05
 0.82349998E+02 -0.11579E+05
 0.82399994E+02 -0.11537E+05
 0.82449997E+02 -0.11483E+05
 0.82499992E+02 -0.11420E+05
 0.82549995E+02 -0.11362E+05
 0.82599998E+02 -0.11291E+05
 0.82649994E+02 -0.11221E+05
 0.82699997E+02 -0.11160E+05
 0.82749992E+02 -0.11090E+05
 0.82799995E+02 -0.11035E+05
 0.82849998E+02 -0.10981E+05
 0.82899994E+02 -0.10924E+05
 0.82949997E+02 -0.10877E+05
 0.82999992E+02 -0.10832E+05
 0.83049995E+02 -0.10791E+05
 0.83099998E+02 -0.10752E+05
 0.83149994E+02 -0.10714E+05
 0.83199997E+02 -0.10673E+05
 0.83249992E+02 -0.10632E+05
 0.83299995E+02 -0.10594E+05
 0.83349998E+02 -0.10543E+05
 0.83399994E+02 -0.10478E+05
 0.83449997E+02 -0.10412E+05
 0.83499992E+02 -0.10330E+05
 0.83549995E+02 -0.10231E+05
 0.83599998E+02 -0.10130E+05
 0.83649994E+02 -0.10021E+05
 0.83699997E+02 -0.99010E+04
 0.83749992E+02 -0.97660E+04
 0.83799995E+02 -0.96210E+04
 0.83849998E+02 -0.94730E+04
 0.83899994E+02 -0.93090E+04
 0.83949997E+02 -0.91390E+04
 0.83999992E+02 -0.89670E+04
 0.84049995E+02 -0.87920E+04
 0.84099998E+02 -0.86110E+04
 0.84149994E+02 -0.84210E+04
 0.84199997E+02 -0.82280E+04
 0.84249992E+02 -0.80300E+04
 0.84299995E+02 -0.78260E+04
 0.84349998E+02 -0.76130E+04
 0.84399994E+02 -0.74010E+04
 0.84449997E+02 -0.71870E+04
 0.84499992E+02 -0.69560E+04
 0.84549995E+02 -0.67240E+04
 0.84599998E+02 -0.64880E+04
 0.84649994E+02 -0.62460E+04
 0.84699997E+02 -0.60010E+04
 0.84749992E+02 -0.57450E+04
 0.84799995E+02 -0.54890E+04
 0.84849998E+02 -0.52360E+04
 0.84899994E+02 -0.49760E+04
 0.84949997E+02 -0.47150E+04
 0.84999992E+02 -0.44660E+04
 0.85049995E+02 -0.42090E+04
 0.85099998E+02 -0.39540E+04
 0.85149994E+02 -0.37080E+04
 0.85199997E+02 -0.34590E+04
 0.85249992E+02 -0.32280E+04
 0.85299995E+02 -0.30000E+04
 0.85349998E+02 -0.27790E+04
 0.85399994E+02 -0.25750E+04
 0.85449997E+02 -0.23740E+04
 0.85499992E+02 -0.21830E+04
 0.85549995E+02 -0.20070E+04
 0.85599998E+02 -0.18450E+04
 0.85649994E+02 -0.16900E+04
 0.85699997E+02 -0.15440E+04
 0.85749992E+02 -0.14080E+04
 0.85799995E+02 -0.12790E+04
 0.85849998E+02 -0.11660E+04
 0.85899994E+02 -0.10600E+04
 0.85949997E+02 -0.96600E+03
 0.85999992E+02 -0.87800E+03
 0.86049995E+02 -0.79700E+03
 0.86099998E+02 -0.72400E+03
 0.86149994E+02 -0.65100E+03
 0.86199997E+02 -0.58300E+03
 0.86249992E+02 -0.52300E+03
 0.86299995E+02 -0.46600E+03
 0.86349998E+02 -0.40700E+03
 0.86399994E+02 -0.34900E+03
 0.86449997E+02 -0.28100E+03
 0.86499992E+02 -0.21100E+03
 0.86549995E+02 -0.14600E+03
 0.86599991E+02 -0.59000E+02
 0.86649994E+02  0.37000E+02
 0.86699997E+02  0.14300E+03
 0.86749992E+02  0.26600E+03
 0.86799995E+02  0.40000E+03
 0.86849991E+02  0.54700E+03
 0.86899994E+02  0.71200E+03
 0.86949997E+02  0.88500E+03
 0.86999992E+02  0.10740E+04
 0.87049995E+02  0.12790E+04
 0.87099991E+02  0.14850E+04
 0.87149994E+02  0.17110E+04
 0.87199997E+02  0.19440E+04
 0.87249992E+02  0.21860E+04
 0.87299995E+02  0.24350E+04
 0.87349991E+02  0.26830E+04
 0.87399994E+02  0.29400E+04
 0.87449997E+02  0.31940E+04
 0.87499992E+02  0.34550E+04
 0.87549995E+02  0.37180E+04
 0.87599991E+02  0.39760E+04
 0.87649994E+02  0.42360E+04
 0.87699997E+02  0.44870E+04
 0.87749992E+02  0.47280E+04
 0.87799995E+02  0.49700E+04
 0.87849991E+02  0.52050E+04
 0.87899994E+02  0.54240E+04
 0.87949997E+02  0.56380E+04
 0.87999992E+02  0.58490E+04
 0.88049995E+02  0.60470E+04
 0.88099991E+02  0.62350E+04
 0.88149994E+02  0.64190E+04
 0.88199997E+02  0.65950E+04
 0.88249992E+02  0.67470E+04
 0.88299995E+02  0.68910E+04
 0.88349991E+02  0.70270E+04
 0.88399994E+02  0.71470E+04
 0.88449997E+02  0.72660E+04
 0.88499992E+02  0.73760E+04
 0.88549995E+02  0.74730E+04
 0.88599991E+02  0.75560E+04
 0.88649994E+02  0.76320E+04
 0.88699997E+02  0.76960E+04
 0.88749992E+02  0.77540E+04
 0.88799995E+02  0.78010E+04
 0.88849991E+02  0.78280E+04
 0.88899994E+02  0.78600E+04
 0.88949997E+02  0.78800E+04
 0.88999992E+02  0.78920E+04
 0.89049995E+02  0.78970E+04
 0.89099991E+02  0.78820E+04
 0.89149994E+02  0.78610E+04
 0.89199997E+02  0.78220E+04
 0.89249992E+02  0.77620E+04
 0.89299995E+02  0.76930E+04
 0.89349991E+02  0.76060E+04
 0.89399994E+02  0.74940E+04
 0.89449997E+02  0.73670E+04
 0.89499992E+02  0.72200E+04
 0.89549995E+02  0.70440E+04
 0.89599991E+02  0.68580E+04
 0.89649994E+02  0.66490E+04
 0.89699997E+02  0.64140E+04
 0.89749992E+02  0.61680E+04
 0.89799995E+02  0.59020E+04
 0.89849991E+02  0.56250E+04
 0.89899994E+02  0.53410E+04
 0.89949997E+02  0.50420E+04
 0.89999992E+02  0.47360E+04
 0.90049995E+02  0.44260E+04
 0.90099991E+02  0.41150E+04
 0.90149994E+02  0.37990E+04
 0.90199997E+02  0.34790E+04
 0.90249992E+02  0.31660E+04
 0.90299995E+02  0.28580E+04
 0.90349991E+02  0.25490E+04
 0.90399994E+02  0.22380E+04
 0.90449997E+02  0.19290E+04
 0.90499992E+02  0.16240E+04
 0.90549995E+02  0.13230E+04
 0.90599991E+02  0.10250E+04
 0.90649994E+02  0.73200E+03
 0.90699997E+02  0.44800E+03
 0.90749992E+02  0.15800E+03
 0.90799995E+02 -0.12300E+03
 0.90849991E+02 -0.39900E+03
 0.90899994E+02 -0.68300E+03
 0.90949997E+02 -0.96000E+03
 0.90999992E+02 -0.12320E+04
 0.91049995E+02 -0.14990E+04
 0.91099991E+02 -0.17670E+04
 0.91149994E+02 -0.20340E+04
 0.91199997E+02 -0.22980E+04
 0.91249992E+02 -0.25650E+04
 0.91299995E+02 -0.28290E+04
 0.91349991E+02 -0.30880E+04
 0.91399994E+02 -0.33430E+04
 0.91449997E+02 -0.36050E+04
 0.91499992E+02 -0.38680E+04
 0.91549995E+02 -0.41250E+04
 0.91599991E+02 -0.43910E+04
 0.91649994E+02 -0.46590E+04
 0.91699997E+02 -0.49240E+04
 0.91749992E+02 -0.51880E+04
 0.91799995E+02 -0.54500E+04
 0.91849991E+02 -0.57160E+04
 0.91899994E+02 -0.59800E+04
 0.91949997E+02 -0.62460E+04
 0.91999992E+02 -0.65150E+04
 0.92049995E+02 -0.67790E+04
 0.92099991E+02 -0.70410E+04
 0.92149994E+02 -0.72960E+04
 0.92199997E+02 -0.75470E+04
 0.92249992E+02 -0.77960E+04
 0.92299995E+02 -0.80370E+04
 0.92349991E+02 -0.82750E+04
 0.92399994E+02 -0.84970E+04
 0.92449997E+02 -0.87100E+04
 0.92499992E+02 -0.89170E+04
 0.92549995E+02 -0.91080E+04
 0.92599991E+02 -0.92880E+04
 0.92649994E+02 -0.94540E+04
 0.92699997E+02 -0.96150E+04
 0.92749992E+02 -0.97640E+04
 0.92799995E+02 -0.99030E+04
 0.92849991E+02 -0.10034E+05
 0.92899994E+02 -0.10148E+05
 0.92949997E+02 -0.10259E+05
 0.92999992E+02 -0.10354E+05
 0.93049995E+02 -0.10440E+05
 0.93099991E+02 -0.10518E+05
 0.93149994E+02 -0.10591E+05
 0.93199997E+02 -0.10666E+05
 0.93249992E+02 -0.10725E+05
 0.93299995E+02 -0.10788E+05
 0.93349991E+02 -0.10850E+05
 0.93399994E+02 -0.10912E+05
 0.93449997E+02 -0.10987E+05
 0.93499992E+02 -0.11054E+05
 0.93549995E+02 -0.11129E+05
 0.93599991E+02 -0.11212E+05
 0.93649994E+02 -0.11293E+05
 0.93699997E+02 -0.11381E+05
 0.93749992E+02 -0.11474E+05
 0.93799995E+02 -0.11564E+05
 0.93849991E+02 -0.11655E+05
 0.93899994E+02 -0.11749E+05
 0.93949997E+02 -0.11839E+05
 0.93999992E+02 -0.11925E+05
 0.94049995E+02 -0.12000E+05
 0.94099991E+02 -0.12072E+05
 0.94149994E+02 -0.12138E+05
 0.94199997E+02 -0.12187E+05
 0.94249992E+02 -0.12234E+05
 0.94299995E+02 -0.12267E+05
 0.94349991E+02 -0.12298E+05
 0.94399994E+02 -0.12322E+05
 0.94449997E+02 -0.12327E+05
 0.94499992E+02 -0.12326E+05
 0.94549995E+02 -0.12310E+05
 0.94599991E+02 -0.12288E+05
 0.94649994E+02 -0.12264E+05
 0.94699997E+02 -0.12223E+05
 0.94749992E+02 -0.12168E+05
 0.94799995E+02 -0.12096E+05
 0.94849991E+02 -0.12014E+05
 0.94899994E+02 -0.11924E+05
 0.94949997E+02 -0.11824E+05
 0.94999992E+02 -0.11714E+05
 0.95049995E+02 -0.11583E+05
 0.95099991E+02 -0.11440E+05
 0.95149994E+02 -0.11284E+05
 0.95199997E+02 -0.11114E+05
 0.95249992E+02 -0.10939E+05
 0.95299995E+02 -0.10755E+05
 0.95349991E+02 -0.10562E+05
 0.95399994E+02 -0.10364E+05
 0.95449997E+02 -0.10160E+05
 0.95499992E+02 -0.99520E+04
 0.95549995E+02 -0.97430E+04
 0.95599991E+02 -0.95330E+04
 0.95649994E+02 -0.93240E+04
 0.95699997E+02 -0.91200E+04
 0.95749992E+02 -0.89200E+04
 0.95799995E+02 -0.87330E+04
 0.95849991E+02 -0.85530E+04
 0.95899994E+02 -0.83770E+04
 0.95949997E+02 -0.82100E+04
 0.95999992E+02 -0.80520E+04
 0.96049995E+02 -0.79070E+04
 0.96099991E+02 -0.77720E+04
 0.96149994E+02 -0.76490E+04
 0.96199997E+02 -0.75300E+04
 0.96249992E+02 -0.74170E+04
 0.96299995E+02 -0.73200E+04
 0.96349991E+02 -0.72310E+04
 0.96399994E+02 -0.71460E+04
 0.96449997E+02 -0.70620E+04
 0.96499992E+02 -0.69860E+04
 0.96549995E+02 -0.69180E+04
 0.96599991E+02 -0.68450E+04
 0.96649994E+02 -0.67730E+04
 0.96699997E+02 -0.67070E+04
 0.96749992E+02 -0.66370E+04
 0.96799995E+02 -0.65600E+04
 0.96849991E+02 -0.64800E+04
 0.96899994E+02 -0.63930E+04
 0.96949997E+02 -0.62990E+04
 0.96999992E+02 -0.61970E+04
 0.97049995E+02 -0.60880E+04
 0.97099991E+02 -0.59690E+04
 0.97149994E+02 -0.58290E+04
 0.97199997E+02 -0.56840E+04
 0.97249992E+02 -0.55290E+04
 0.97299995E+02 -0.53560E+04
 0.97349991E+02 -0.51710E+04
 0.97399994E+02 -0.49680E+04
 0.97449997E+02 -0.47530E+04
 0.97499992E+02 -0.45330E+04
 0.97549995E+02 -0.42940E+04
 0.97599991E+02 -0.40440E+04
 0.97649994E+02 -0.37960E+04
 0.97699997E+02 -0.35330E+04
 0.97749992E+02 -0.32540E+04
 0.97799995E+02 -0.29670E+04
 0.97849991E+02 -0.26680E+04
 0.97899994E+02 -0.23600E+04
 0.97949997E+02 -0.20450E+04
 0.97999992E+02 -0.17410E+04
 0.98049995E+02 -0.14600E+04
 0.98099991E+02 -0.12170E+04
 0.98149994E+02 -0.10660E+04
 0.98199997E+02 -0.10470E+04
 0.98249992E+02 -0.12140E+04
 0.98299995E+02 -0.16500E+04
 0.98349991E+02 -0.24070E+04
 0.98399994E+02 -0.35600E+04
 0.98449997E+02 -0.51770E+04
 0.98499992E+02 -0.72990E+04
 0.98549995E+02 -0.99640E+04
 0.98599991E+02 -0.13191E+05
 0.98649994E+02 -0.17001E+05
 0.98699997E+02 -0.21372E+05
 0.98749992E+02 -0.26285E+05
 0.98799995E+02 -0.31727E+05
 0.98849991E+02 -0.37674E+05
 0.98899994E+02 -0.44102E+05
 0.98949997E+02 -0.50925E+05
 0.98999992E+02 -0.57978E+05
 0.99049995E+02 -0.65043E+05
 0.99099991E+02 -0.71897E+05
 0.99149994E+02 -0.78350E+05
 0.99199997E+02 -0.84243E+05
 0.99249992E+02 -0.89475E+05
 0.99299995E+02 -0.93976E+05
 0.99349991E+02 -0.97662E+05
 0.99399994E+02 -0.10038E+06
 0.99449997E+02 -0.10182E+06
 0.99499992E+02 -0.10173E+06
 0.99549995E+02 -0.10003E+06
 0.99599991E+02 -0.96823E+05
 0.99649994E+02 -0.92314E+05
 0.99699997E+02 -0.86754E+05
 0.99749992E+02 -0.80397E+05
 0.99799995E+02 -0.73413E+05
 0.99849991E+02 -0.65761E+05
 0.99899994E+02 -0.57332E+05
 0.99949997E+02 -0.48126E+05
 0.99999992E+02 -0.38321E+05
 0.10005000E+03 -0.28319E+05
 0.10009999E+03 -0.18715E+05
 0.10014999E+03 -0.10149E+05
 0.10020000E+03 -0.30300E+04
 0.10024999E+03  0.26320E+04
 0.10030000E+03  0.71710E+04
 0.10034999E+03  0.11123E+05
 0.10039999E+03  0.14953E+05
 0.10045000E+03  0.18736E+05
 0.10049999E+03  0.22072E+05
 0.10055000E+03  0.24344E+05
 0.10059999E+03  0.25216E+05
 0.10064999E+03  0.24759E+05
 0.10070000E+03  0.23242E+05
 0.10074999E+03  0.21039E+05
 0.10080000E+03  0.18495E+05
 0.10084999E+03  0.15680E+05
 0.10089999E+03  0.12344E+05
 0.10095000E+03  0.80350E+04
 0.10099999E+03  0.23330E+04
 0.10105000E+03 -0.49320E+04
 0.10109999E+03 -0.13506E+05
 0.10114999E+03 -0.22794E+05
 0.10120000E+03 -0.32184E+05
 0.10124999E+03 -0.41162E+05
 0.10130000E+03 -0.49567E+05
 0.10134999E+03 -0.57663E+05
 0.10139999E+03 -0.65873E+05
 0.10145000E+03 -0.74574E+05
 0.10149999E+03 -0.83862E+05
 0.10155000E+03 -0.93519E+05
 0.10159999E+03 -0.10316E+06
 0.10164999E+03 -0.11256E+06
 0.10170000E+03 -0.12198E+06
 0.10174999E+03 -0.13183E+06
 0.10180000E+03 -0.14227E+06
 0.10184999E+03 -0.15324E+06
 0.10189999E+03 -0.16474E+06
 0.10195000E+03 -0.17685E+06
 0.10199999E+03 -0.18961E+06
 0.10205000E+03 -0.20298E+06
 0.10209999E+03 -0.21703E+06
 0.10214999E+03 -0.23188E+06
 0.10220000E+03 -0.24751E+06
 0.10224999E+03 -0.26373E+06
 0.10230000E+03 -0.28044E+06
 0.10234999E+03 -0.29766E+06
 0.10239999E+03 -0.31547E+06
 0.10245000E+03 -0.33366E+06
 0.10249999E+03 -0.35163E+06
 0.10255000E+03 -0.36849E+06
 0.10259999E+03 -0.38329E+06
 0.10264999E+03 -0.39486E+06
 0.10270000E+03 -0.40202E+06
 0.10274999E+03 -0.40422E+06
 0.10280000E+03 -0.40182E+06
 0.10284999E+03 -0.39581E+06
 0.10289999E+03 -0.38723E+06
 0.10295000E+03 -0.37676E+06
 0.10299999E+03 -0.36486E+06
 0.10305000E+03 -0.35206E+06
 0.10309999E+03 -0.33890E+06
 0.10314999E+03 -0.32579E+06
 0.10320000E+03 -0.31300E+06
 0.10324999E+03 -0.30061E+06
 0.10330000E+03 -0.28833E+06
 0.10334999E+03 -0.27522E+06
 0.10339999E+03 -0.26008E+06
 0.10345000E+03 -0.24236E+06
 0.10349999E+03 -0.22237E+06
 0.10355000E+03 -0.20092E+06
 0.10359999E+03 -0.17904E+06
 0.10364999E+03 -0.15807E+06
 0.10370000E+03 -0.13935E+06
 0.10374999E+03 -0.12360E+06
 0.10380000E+03 -0.11107E+06
 0.10384999E+03 -0.10202E+06
 0.10389999E+03 -0.96693E+05
 0.10395000E+03 -0.94641E+05
 0.10399999E+03 -0.94521E+05
 0.10405000E+03 -0.94436E+05
 0.10409999E+03 -0.92100E+05
 0.10414999E+03 -0.85310E+05
 0.10420000E+03 -0.73137E+05
 0.10424999E+03 -0.56384E+05
 0.10430000E+03 -0.36634E+05
 0.10434999E+03 -0.15469E+05
 0.10439999E+03  0.57190E+04
 0.10445000E+03  0.26019E+05
 0.10449999E+03  0.45165E+05
 0.10455000E+03  0.62939E+05
 0.10459999E+03  0.78328E+05
 0.10464999E+03  0.90063E+05
 0.10470000E+03  0.97723E+05
 0.10474999E+03  0.10177E+06
 0.10480000E+03  0.10312E+06
 0.10484999E+03  0.10306E+06
 0.10489999E+03  0.10320E+06
 0.10495000E+03  0.10507E+06
 0.10499999E+03  0.10926E+06
 0.10505000E+03  0.11494E+06
 0.10509999E+03  0.12083E+06
 0.10514999E+03  0.12653E+06
 0.10520000E+03  0.13228E+06
 0.10524999E+03  0.13804E+06
 0.10530000E+03  0.14343E+06
 0.10534999E+03  0.14824E+06
 0.10539999E+03  0.15234E+06
 0.10545000E+03  0.15540E+06
 0.10549999E+03  0.15710E+06
 0.10555000E+03  0.15798E+06
 0.10559999E+03  0.15921E+06
 0.10564999E+03  0.16141E+06
 0.10570000E+03  0.16406E+06
 0.10574999E+03  0.16607E+06
 0.10580000E+03  0.16642E+06
 0.10584999E+03  0.16463E+06
 0.10589999E+03  0.16064E+06
 0.10595000E+03  0.15437E+06
 0.10599999E+03  0.14586E+06
 0.10605000E+03  0.13591E+06
 0.10609999E+03  0.12586E+06
 0.10614999E+03  0.11636E+06
 0.10620000E+03  0.10742E+06
 0.10624999E+03  0.99290E+05
 0.10630000E+03  0.92644E+05
 0.10634999E+03  0.88418E+05
 0.10639999E+03  0.87744E+05
 0.10645000E+03  0.91420E+05
 0.10649999E+03  0.99171E+05
 0.10655000E+03  0.10926E+06
 0.10659999E+03  0.11924E+06
 0.10664999E+03  0.12785E+06
 0.10670000E+03  0.13558E+06
 0.10674999E+03  0.14319E+06
 0.10680000E+03  0.15071E+06
 0.10684999E+03  0.15775E+06
 0.10689999E+03  0.16416E+06
 0.10695000E+03  0.17050E+06
 0.10699999E+03  0.17776E+06
 0.10705000E+03  0.18694E+06
 0.10709999E+03  0.19890E+06
 0.10714999E+03  0.21393E+06
 0.10720000E+03  0.23132E+06
 0.10724999E+03  0.24966E+06
 0.10730000E+03  0.26715E+06
 0.10734999E+03  0.28159E+06
 0.10739999E+03  0.29105E+06
 0.10745000E+03  0.29514E+06
 0.10749999E+03  0.29536E+06
 0.10755000E+03  0.29396E+06
 0.10759999E+03  0.29270E+06
 0.10764999E+03  0.29192E+06
 0.10770000E+03  0.29057E+06
 0.10774999E+03  0.28734E+06
 0.10780000E+03  0.28179E+06
 0.10784999E+03  0.27450E+06
 0.10789999E+03  0.26640E+06
 0.10795000E+03  0.25802E+06
 0.10799999E+03  0.24938E+06
 0.10805000E+03  0.24055E+06
 0.10809999E+03  0.23160E+06
 0.10814999E+03  0.22257E+06
 0.10820000E+03  0.21377E+06
 0.10824999E+03  0.20583E+06
 0.10830000E+03  0.19942E+06
 0.10834999E+03  0.19536E+06
 0.10839999E+03  0.19465E+06
 0.10845000E+03  0.19790E+06
 0.10849999E+03  0.20473E+06
 0.10855000E+03  0.21372E+06
 0.10859999E+03  0.22287E+06
 0.10864999E+03  0.23045E+06
 0.10870000E+03  0.23526E+06
 0.10874999E+03  0.23669E+06
 0.10880000E+03  0.23473E+06
 0.10884999E+03  0.22924E+06
 0.10889999E+03  0.21991E+06
 0.10895000E+03  0.20706E+06
 0.10899999E+03  0.19136E+06
 0.10905000E+03  0.17284E+06
 0.10909999E+03  0.15094E+06
 0.10914999E+03  0.12537E+06
 0.10920000E+03  0.96243E+05
 0.10924999E+03  0.63709E+05
 0.10930000E+03  0.28167E+05
 0.10934999E+03 -0.93470E+04
 0.10939999E+03 -0.47566E+05
 0.10945000E+03 -0.85515E+05
 0.10949999E+03 -0.12270E+06
 0.10955000E+03 -0.15912E+06
 0.10959999E+03 -0.19471E+06
 0.10964999E+03 -0.22880E+06
 0.10970000E+03 -0.26000E+06
 0.10974999E+03 -0.28648E+06
 0.10980000E+03 -0.30620E+06
 0.10984999E+03 -0.31785E+06
 0.10989999E+03 -0.32168E+06
 0.10995000E+03 -0.31944E+06
 0.10999999E+03 -0.31366E+06
 0.11005000E+03 -0.30652E+06
 0.11009999E+03 -0.29951E+06
 0.11014999E+03 -0.29321E+06
 0.11020000E+03 -0.28715E+06
 0.11024999E+03 -0.28052E+06
 0.11030000E+03 -0.27285E+06
 0.11034999E+03 -0.26426E+06
 0.11039999E+03 -0.25538E+06
 0.11045000E+03 -0.24695E+06
 0.11049999E+03 -0.23937E+06
 0.11055000E+03 -0.23267E+06
 0.11059999E+03 -0.22739E+06
 0.11064999E+03 -0.22481E+06
 0.11070000E+03 -0.22584E+06
 0.11074999E+03 -0.23016E+06
 0.11080000E+03 -0.23648E+06
 0.11084999E+03 -0.24334E+06
 0.11089999E+03 -0.24970E+06
 0.11095000E+03 -0.25519E+06
 0.11099999E+03 -0.25986E+06
 0.11105000E+03 -0.26361E+06
 0.11109999E+03 -0.26613E+06
 0.11114999E+03 -0.26727E+06
 0.11120000E+03 -0.26670E+06
 0.11124999E+03 -0.26386E+06
 0.11130000E+03 -0.25851E+06
 0.11134999E+03 -0.25095E+06
 0.11139999E+03 -0.24130E+06
 0.11145000E+03 -0.22988E+06
 0.11149999E+03 -0.21836E+06
 0.11155000E+03 -0.20902E+06
 0.11159999E+03 -0.20297E+06
 0.11164999E+03 -0.20020E+06
 0.11170000E+03 -0.20025E+06
 0.11174999E+03 -0.20204E+06
 0.11180000E+03 -0.20419E+06
 0.11184999E+03 -0.20618E+06
 0.11189999E+03 -0.20862E+06
 0.11195000E+03 -0.21237E+06
 0.11199999E+03 -0.21782E+06
 0.11205000E+03 -0.22467E+06
 0.11209999E+03 -0.23187E+06
 0.11214999E+03 -0.23793E+06
 0.11220000E+03 -0.24169E+06
 0.11224999E+03 -0.24289E+06
 0.11230000E+03 -0.24242E+06
 0.11234999E+03 -0.24229E+06
 0.11239999E+03 -0.24489E+06
 0.11244999E+03 -0.25199E+06
 0.11249999E+03 -0.26418E+06
 0.11255000E+03 -0.28071E+06
 0.11259999E+03 -0.29963E+06
 0.11264999E+03 -0.31893E+06
 0.11269999E+03 -0.33810E+06
 0.11274999E+03 -0.35818E+06
 0.11280000E+03 -0.38026E+06
 0.11284999E+03 -0.40437E+06
 0.11289999E+03 -0.42918E+06
 0.11294999E+03 -0.45163E+06
 0.11299999E+03 -0.46741E+06
 0.11305000E+03 -0.47274E+06
 0.11309999E+03 -0.46591E+06
 0.11314999E+03 -0.44755E+06
 0.11319999E+03 -0.42040E+06
 0.11324999E+03 -0.38817E+06
 0.11330000E+03 -0.35395E+06
 0.11334999E+03 -0.31960E+06
 0.11339999E+03 -0.28599E+06
 0.11344999E+03 -0.25352E+06
 0.11349999E+03 -0.22261E+06
 0.11355000E+03 -0.19390E+06
 0.11359999E+03 -0.16849E+06
 0.11364999E+03 -0.14775E+06
 0.11369999E+03 -0.13190E+06
 0.11374999E+03 -0.11898E+06
 0.11380000E+03 -0.10509E+06
 0.11384999E+03 -0.85995E+05
 0.11389999E+03 -0.59581E+05
 0.11394999E+03 -0.26710E+05
 0.11399999E+03  0.95270E+04
 0.11405000E+03  0.45040E+05
 0.11409999E+03  0.76544E+05
 0.11414999E+03  0.10254E+06
 0.11419999E+03  0.12304E+06
 0.11424999E+03  0.13940E+06
 0.11430000E+03  0.15434E+06
 0.11434999E+03  0.17083E+06
 0.11439999E+03  0.19107E+06
 0.11444999E+03  0.21660E+06
 0.11449999E+03  0.24945E+06
 0.11455000E+03  0.29313E+06
 0.11459999E+03  0.35208E+06
 0.11464999E+03  0.43035E+06
 0.11469999E+03  0.52971E+06
 0.11474999E+03  0.64658E+06
 0.11480000E+03  0.77061E+06
 0.11484999E+03  0.88730E+06
 0.11489999E+03  0.98271E+06
 0.11494999E+03  0.10474E+07
 0.11499999E+03  0.10779E+07
 0.11505000E+03  0.10758E+07
 0.11509999E+03  0.10459E+07
 0.11514999E+03  0.99448E+06
 0.11519999E+03  0.92727E+06
 0.11524999E+03  0.84826E+06
 0.11530000E+03  0.76067E+06
 0.11534999E+03  0.66977E+06
 0.11539999E+03  0.58402E+06
 0.11544999E+03  0.51240E+06
 0.11549999E+03  0.46070E+06
 0.11555000E+03  0.42918E+06
 0.11559999E+03  0.41268E+06
 0.11564999E+03  0.40258E+06
 0.11569999E+03  0.38972E+06
 0.11574999E+03  0.36746E+06
 0.11580000E+03  0.33312E+06
 0.11584999E+03  0.28733E+06
 0.11589999E+03  0.23213E+06
 0.11594999E+03  0.16920E+06
 0.11599999E+03  0.99356E+05
 0.11605000E+03  0.22277E+05
 0.11609999E+03 -0.63810E+05
 0.11614999E+03 -0.16147E+06
 0.11619999E+03 -0.27242E+06
 0.11624999E+03 -0.39543E+06
 0.11630000E+03 -0.52461E+06
 0.11634999E+03 -0.65030E+06
 0.11639999E+03 -0.76195E+06
 0.11644999E+03 -0.85017E+06
 0.11649999E+03 -0.90780E+06
 0.11655000E+03 -0.93012E+06
 0.11659999E+03 -0.91445E+06
 0.11664999E+03 -0.86102E+06
 0.11669999E+03 -0.77355E+06
 0.11674999E+03 -0.65858E+06
 0.11680000E+03 -0.52482E+06
 0.11684999E+03 -0.38277E+06
 0.11689999E+03 -0.24359E+06
 0.11694999E+03 -0.11784E+06
 0.11699999E+03 -0.15300E+05
 0.11705000E+03  0.56316E+05
 0.11709999E+03  0.94628E+05
 0.11714999E+03  0.10481E+06
 0.11719999E+03  0.98960E+05
 0.11724999E+03  0.93042E+05
 0.11730000E+03  0.10352E+06
 0.11734999E+03  0.14453E+06
 0.11739999E+03  0.22496E+06
 0.11744999E+03  0.34615E+06
 0.11749999E+03  0.50198E+06
 0.11755000E+03  0.67981E+06
 0.11759999E+03  0.86342E+06
 0.11764999E+03  0.10379E+07
 0.11769999E+03  0.11911E+07
 0.11774999E+03  0.13140E+07
 0.11780000E+03  0.14011E+07
 0.11784999E+03  0.14503E+07
 0.11789999E+03  0.14623E+07
 0.11794999E+03  0.14408E+07
 0.11799999E+03  0.13918E+07
 0.11805000E+03  0.13243E+07
 0.11809999E+03  0.12495E+07
 0.11814999E+03  0.11785E+07
 0.11819999E+03  0.11196E+07
 0.11824999E+03  0.10771E+07
 0.11830000E+03  0.10488E+07
 0.11834999E+03  0.10271E+07
 0.11839999E+03  0.10025E+07
 0.11844999E+03  0.96770E+06
 0.11849999E+03  0.91992E+06
 0.11855000E+03  0.85875E+06
 0.11859999E+03  0.78471E+06
 0.11864999E+03  0.69886E+06
 0.11869999E+03  0.60382E+06
 0.11874999E+03  0.50295E+06
 0.11880000E+03  0.39796E+06
 0.11884999E+03  0.28903E+06
 0.11889999E+03  0.17663E+06
 0.11894999E+03  0.61625E+05
 0.11899999E+03 -0.55838E+05
 0.11905000E+03 -0.17663E+06
 0.11909999E+03 -0.30119E+06
 0.11914999E+03 -0.42720E+06
 0.11919999E+03 -0.54849E+06
 0.11924999E+03 -0.65612E+06
 0.11930000E+03 -0.74053E+06
 0.11934999E+03 -0.79351E+06
 0.11939999E+03 -0.80972E+06
 0.11944999E+03 -0.78842E+06
 0.11949999E+03 -0.73420E+06
 0.11955000E+03 -0.65545E+06
 0.11959999E+03 -0.56266E+06
 0.11964999E+03 -0.46672E+06
 0.11969999E+03 -0.37694E+06
 0.11974999E+03 -0.30100E+06
 0.11980000E+03 -0.24551E+06
 0.11984999E+03 -0.21495E+06
 0.11989999E+03 -0.21025E+06
 0.11994999E+03 -0.22846E+06
 0.11999999E+03 -0.26303E+06
 0.12005000E+03 -0.30520E+06
 0.12009999E+03 -0.34516E+06
 0.12014999E+03 -0.37272E+06
 0.12019999E+03 -0.38066E+06
 0.12024999E+03 -0.36772E+06
 0.12030000E+03 -0.33638E+06
 0.12034999E+03 -0.29028E+06
 0.12039999E+03 -0.23483E+06
 0.12044999E+03 -0.17708E+06
 0.12049999E+03 -0.12403E+06
 0.12055000E+03 -0.81662E+05
 0.12059999E+03 -0.54147E+05
 0.12064999E+03 -0.43770E+05
 0.12069999E+03 -0.50547E+05
 0.12074999E+03 -0.71009E+05
 0.12080000E+03 -0.98946E+05
 0.12084999E+03 -0.12770E+06
 0.12089999E+03 -0.15176E+06
 0.12094999E+03 -0.16698E+06
 0.12099999E+03 -0.17089E+06
 0.12105000E+03 -0.16382E+06
 0.12109999E+03 -0.14919E+06
 0.12114999E+03 -0.13057E+06
 0.12119999E+03 -0.10925E+06
 0.12124999E+03 -0.85640E+05
 0.12130000E+03 -0.60877E+05
 0.12134999E+03 -0.36255E+05
 0.12139999E+03 -0.13214E+05
 0.12144999E+03  0.59470E+04
 0.12149999E+03  0.18781E+05
 0.12155000E+03  0.24546E+05
 0.12159999E+03  0.24702E+05
 0.12164999E+03  0.22517E+05
 0.12169999E+03  0.22135E+05
 0.12174999E+03  0.26856E+05
 0.12180000E+03  0.38271E+05
 0.12184999E+03  0.56170E+05
 0.12189999E+03  0.78369E+05
 0.12194999E+03  0.10094E+06
 0.12199999E+03  0.11882E+06
 0.12205000E+03  0.12703E+06
 0.12209999E+03  0.12211E+06
 0.12214999E+03  0.10256E+06
 0.12219999E+03  0.69394E+05
 0.12224999E+03  0.26936E+05
 0.12230000E+03 -0.17844E+05
 0.12234999E+03 -0.58463E+05
 0.12239999E+03 -0.92047E+05
 0.12244999E+03 -0.11947E+06
 0.12249999E+03 -0.14392E+06
 0.12255000E+03 -0.16814E+06
 0.12259999E+03 -0.19122E+06
 0.12264999E+03 -0.20849E+06
 0.12269999E+03 -0.21426E+06
 0.12274999E+03 -0.20592E+06
 0.12280000E+03 -0.18665E+06
 0.12284999E+03 -0.16461E+06
 0.12289999E+03 -0.14901E+06
 0.12294999E+03 -0.14690E+06
 0.12299999E+03 -0.16208E+06
 0.12305000E+03 -0.19394E+06
 0.12309999E+03 -0.23766E+06
 0.12314999E+03 -0.28683E+06
 0.12319999E+03 -0.33617E+06
 0.12324999E+03 -0.38233E+06
 0.12330000E+03 -0.42328E+06
 0.12334999E+03 -0.45831E+06
 0.12339999E+03 -0.48760E+06
 0.12344999E+03 -0.51038E+06
 0.12349999E+03 -0.52388E+06
 0.12355000E+03 -0.52451E+06
 0.12359999E+03 -0.51055E+06
 0.12364999E+03 -0.48351E+06
 0.12369999E+03 -0.44589E+06
 0.12374999E+03 -0.39897E+06
 0.12380000E+03 -0.34328E+06
 0.12384999E+03 -0.28034E+06
 0.12389999E+03 -0.21369E+06
 0.12394999E+03 -0.14697E+06
 0.12399999E+03 -0.81776E+05
 0.12405000E+03 -0.18885E+05
 0.12409999E+03  0.39805E+05
 0.12414999E+03  0.91336E+05
 0.12419999E+03  0.13399E+06
 0.12424999E+03  0.16940E+06
 0.12430000E+03  0.20048E+06
 0.12434999E+03  0.22877E+06
 0.12439999E+03  0.25461E+06
 0.12444999E+03  0.27821E+06
 0.12449999E+03  0.30054E+06
 0.12455000E+03  0.32340E+06
 0.12459999E+03  0.34873E+06
 0.12464999E+03  0.37873E+06
 0.12469999E+03  0.41568E+06
 0.12474999E+03  0.46055E+06
 0.12480000E+03  0.51224E+06
 0.12484999E+03  0.56853E+06
 0.12489999E+03  0.62677E+06
 0.12494999E+03  0.68361E+06
 0.12499999E+03  0.73469E+06
 0.12504999E+03  0.77453E+06
 0.12509999E+03  0.79776E+06
 0.12514999E+03  0.80099E+06
 0.12520000E+03  0.78368E+06
 0.12524998E+03  0.74761E+06
 0.12529999E+03  0.69628E+06
 0.12534999E+03  0.63421E+06
 0.12539999E+03  0.56539E+06
 0.12545000E+03  0.49238E+06
 0.12549998E+03  0.41818E+06
 0.12554999E+03  0.34731E+06
 0.12559999E+03  0.28420E+06
 0.12564999E+03  0.23172E+06
 0.12570000E+03  0.19126E+06
 0.12574998E+03  0.16234E+06
 0.12579999E+03  0.14166E+06
 0.12584999E+03  0.12423E+06
 0.12589999E+03  0.10574E+06
 0.12595000E+03  0.83380E+05
 0.12599998E+03  0.55474E+05
 0.12604999E+03  0.21062E+05
 0.12609999E+03 -0.20236E+05
 0.12614999E+03 -0.67966E+05
 0.12620000E+03 -0.11950E+06
 0.12624998E+03 -0.16969E+06
 0.12629999E+03 -0.21336E+06
 0.12634999E+03 -0.24704E+06
 0.12639999E+03 -0.26683E+06
 0.12645000E+03 -0.26757E+06
 0.12649998E+03 -0.24597E+06
 0.12654999E+03 -0.20273E+06
 0.12659999E+03 -0.14179E+06
 0.12664999E+03 -0.70040E+05
 0.12670000E+03  0.36390E+04
 0.12674998E+03  0.71545E+05
 0.12679999E+03  0.12970E+06
 0.12684999E+03  0.17728E+06
 0.12689999E+03  0.21450E+06
 0.12695000E+03  0.24144E+06
 0.12699998E+03  0.25864E+06
 0.12704999E+03  0.26748E+06
 0.12709999E+03  0.26963E+06
 0.12714999E+03  0.26719E+06
 0.12720000E+03  0.26212E+06
 0.12724998E+03  0.25475E+06
 0.12729999E+03  0.24414E+06
 0.12734999E+03  0.22952E+06
 0.12739999E+03  0.21055E+06
 0.12745000E+03  0.18750E+06
 0.12749998E+03  0.16190E+06
 0.12754999E+03  0.13634E+06
 0.12759999E+03  0.11374E+06
 0.12764999E+03  0.96191E+05
 0.12770000E+03  0.84326E+05
 0.12774998E+03  0.77525E+05
 0.12779999E+03  0.74411E+05
 0.12784999E+03  0.73395E+05
 0.12789999E+03  0.72559E+05
 0.12795000E+03  0.69389E+05
 0.12799998E+03  0.61933E+05
 0.12804999E+03  0.50226E+05
 0.12809999E+03  0.36314E+05
 0.12814999E+03  0.23414E+05
 0.12820000E+03  0.14562E+05
 0.12824998E+03  0.11276E+05
 0.12829999E+03  0.13787E+05
 0.12834999E+03  0.22126E+05
 0.12839999E+03  0.36436E+05
 0.12845000E+03  0.56503E+05
 0.12849998E+03  0.80849E+05
 0.12854999E+03  0.10699E+06
 0.12859999E+03  0.13314E+06
 0.12864999E+03  0.15838E+06
 0.12870000E+03  0.18154E+06
 0.12874998E+03  0.20137E+06
 0.12879999E+03  0.21714E+06
 0.12884999E+03  0.22898E+06
 0.12889999E+03  0.23764E+06
 0.12895000E+03  0.24322E+06
 0.12899998E+03  0.24546E+06
 0.12904999E+03  0.24530E+06
 0.12909999E+03  0.24362E+06
 0.12914999E+03  0.23958E+06
 0.12920000E+03  0.23154E+06
 0.12924998E+03  0.21866E+06
 0.12929999E+03  0.20114E+06
 0.12934999E+03  0.17914E+06
 0.12939999E+03  0.15178E+06
 0.12945000E+03  0.11828E+06
 0.12949998E+03  0.79300E+05
 0.12954999E+03  0.36424E+05
 0.12959999E+03 -0.90250E+04
 0.12964999E+03 -0.55784E+05
 0.12970000E+03 -0.10221E+06
 0.12974998E+03 -0.14652E+06
 0.12979999E+03 -0.18745E+06
 0.12984999E+03 -0.22532E+06
 0.12989999E+03 -0.26171E+06
 0.12995000E+03 -0.29777E+06
 0.12999998E+03 -0.33376E+06
 0.13004999E+03 -0.37010E+06
 0.13009999E+03 -0.40748E+06
 0.13014999E+03 -0.44661E+06
 0.13020000E+03 -0.48859E+06
 0.13024998E+03 -0.53400E+06
 0.13029999E+03 -0.58198E+06
 0.13034999E+03 -0.63030E+06
 0.13039999E+03 -0.67531E+06
 0.13045000E+03 -0.71213E+06
 0.13049998E+03 -0.73661E+06
 0.13054999E+03 -0.74700E+06
 0.13059999E+03 -0.74350E+06
 0.13064999E+03 -0.72736E+06
 0.13070000E+03 -0.70123E+06
 0.13074998E+03 -0.66870E+06
 0.13079999E+03 -0.63317E+06
 0.13084999E+03 -0.59756E+06
 0.13089999E+03 -0.56336E+06
 0.13095000E+03 -0.52949E+06
 0.13099998E+03 -0.49308E+06
 0.13104999E+03 -0.45219E+06
 0.13109999E+03 -0.40803E+06
 0.13114999E+03 -0.36502E+06
 0.13120000E+03 -0.32846E+06
 0.13124998E+03 -0.30213E+06
 0.13129999E+03 -0.28672E+06
 0.13134999E+03 -0.27954E+06
 0.13139999E+03 -0.27600E+06
 0.13145000E+03 -0.27185E+06
 0.13149998E+03 -0.26510E+06
 0.13154999E+03 -0.25567E+06
 0.13159999E+03 -0.24386E+06
 0.13164999E+03 -0.22975E+06
 0.13170000E+03 -0.21280E+06
 0.13174998E+03 -0.19240E+06
 0.13179999E+03 -0.16866E+06
 0.13184999E+03 -0.14238E+06
 0.13189999E+03 -0.11537E+06
 0.13195000E+03 -0.91269E+05
 0.13199998E+03 -0.74190E+05
 0.13204999E+03 -0.66628E+05
 0.13209999E+03 -0.69332E+05
 0.13214999E+03 -0.81410E+05
 0.13220000E+03 -0.99989E+05
 0.13224998E+03 -0.12092E+06
 0.13229999E+03 -0.13959E+06
 0.13234999E+03 -0.15200E+06
 0.13239999E+03 -0.15665E+06
 0.13245000E+03 -0.15437E+06
 0.13249998E+03 -0.14608E+06
 0.13254999E+03 -0.13140E+06
 0.13259999E+03 -0.10922E+06
 0.13264999E+03 -0.78679E+05
 0.13270000E+03 -0.39488E+05
 0.13274998E+03  0.67440E+04
 0.13279999E+03  0.55095E+05
 0.13284999E+03  0.98401E+05
 0.13289999E+03  0.13011E+06
 0.13295000E+03  0.14655E+06
 0.13299998E+03  0.14743E+06
 0.13304999E+03  0.13538E+06
 0.13309999E+03  0.11565E+06
 0.13314999E+03  0.94988E+05
 0.13320000E+03  0.78913E+05
 0.13324998E+03  0.70387E+05
 0.13329999E+03  0.70184E+05
 0.13334999E+03  0.77305E+05
 0.13339999E+03  0.89374E+05
 0.13345000E+03  0.10316E+06
 0.13349998E+03  0.11508E+06
 0.13354999E+03  0.12240E+06
 0.13359999E+03  0.12400E+06
 0.13364999E+03  0.11940E+06
 0.13370000E+03  0.10810E+06
 0.13374998E+03  0.90061E+05
 0.13379999E+03  0.66049E+05
 0.13384999E+03  0.38031E+05
 0.13389999E+03  0.86000E+04
 0.13395000E+03 -0.20046E+05
 0.13399998E+03 -0.45759E+05
 0.13404999E+03 -0.65996E+05
 0.13409999E+03 -0.78324E+05
 0.13414999E+03 -0.81821E+05
 0.13420000E+03 -0.77883E+05
 0.13424998E+03 -0.68534E+05
 0.13429999E+03 -0.54551E+05
 0.13434999E+03 -0.36040E+05
 0.13439999E+03 -0.14310E+05
 0.13445000E+03  0.75510E+04
 0.13449998E+03  0.26371E+05
 0.13454999E+03  0.40591E+05
 0.13459999E+03  0.50523E+05
 0.13464999E+03  0.58352E+05
 0.13470000E+03  0.67526E+05
 0.13474998E+03  0.81322E+05
 0.13479999E+03  0.10214E+06
 0.13484999E+03  0.13092E+06
 0.13489999E+03  0.16611E+06
 0.13495000E+03  0.20443E+06
 0.13499998E+03  0.24314E+06
 0.13504999E+03  0.28095E+06
 0.13509999E+03  0.31694E+06
 0.13514999E+03  0.35025E+06
 0.13520000E+03  0.38041E+06
 0.13524998E+03  0.40691E+06
 0.13529999E+03  0.42892E+06
 0.13534999E+03  0.44612E+06
 0.13539999E+03  0.45952E+06
 0.13545000E+03  0.47211E+06
 0.13549998E+03  0.48786E+06
 0.13554999E+03  0.50881E+06
 0.13559999E+03  0.53433E+06
 0.13564999E+03  0.56279E+06
 0.13570000E+03  0.59220E+06
 0.13574998E+03  0.62024E+06
 0.13579999E+03  0.64553E+06
 0.13584999E+03  0.66857E+06
 0.13589999E+03  0.69106E+06
 0.13595000E+03  0.71508E+06
 0.13599998E+03  0.74249E+06
 0.13604999E+03  0.77399E+06
 0.13609999E+03  0.80910E+06
 0.13614999E+03  0.84696E+06
 0.13620000E+03  0.88621E+06
 0.13624998E+03  0.92497E+06
 0.13629999E+03  0.96140E+06
 0.13634999E+03  0.99432E+06
 0.13639999E+03  0.10229E+07
 0.13645000E+03  0.10458E+07
 0.13649998E+03  0.10617E+07
 0.13654999E+03  0.10695E+07
 0.13659999E+03  0.10683E+07
 0.13664999E+03  0.10571E+07
 0.13670000E+03  0.10350E+07
 0.13674998E+03  0.10033E+07
 0.13679999E+03  0.96496E+06
 0.13684999E+03  0.92376E+06
 0.13689999E+03  0.88254E+06
 0.13695000E+03  0.84226E+06
 0.13699998E+03  0.80178E+06
 0.13704999E+03  0.75834E+06
 0.13709999E+03  0.70887E+06
 0.13714999E+03  0.65161E+06
 0.13720000E+03  0.58624E+06
 0.13724998E+03  0.51420E+06
 0.13729999E+03  0.43848E+06
 0.13734999E+03  0.36173E+06
 0.13739999E+03  0.28570E+06
 0.13745000E+03  0.21195E+06
 0.13749998E+03  0.14186E+06
 0.13754999E+03  0.76506E+05
 0.13759999E+03  0.16983E+05
 0.13764999E+03 -0.34906E+05
 0.13770000E+03 -0.76264E+05
 0.13774998E+03 -0.10523E+06
 0.13779999E+03 -0.12325E+06
 0.13784999E+03 -0.13340E+06
 0.13789999E+03 -0.13810E+06
 0.13795000E+03 -0.13909E+06
 0.13799998E+03 -0.13773E+06
 0.13804999E+03 -0.13459E+06
 0.13809999E+03 -0.12892E+06
 0.13814999E+03 -0.11915E+06
 0.13820000E+03 -0.10440E+06
 0.13824998E+03 -0.85400E+05
 0.13829999E+03 -0.64001E+05
 0.13834999E+03 -0.42310E+05
 0.13839999E+03 -0.22569E+05
 0.13845000E+03 -0.68260E+04
 0.13849998E+03  0.43390E+04
 0.13854999E+03  0.12438E+05
 0.13859999E+03  0.20540E+05
 0.13864999E+03  0.30987E+05
 0.13870000E+03  0.43123E+05
 0.13874998E+03  0.53733E+05
 0.13879999E+03  0.58684E+05
 0.13884999E+03  0.54825E+05
 0.13889999E+03  0.41183E+05
 0.13895000E+03  0.18443E+05
 0.13899998E+03 -0.11963E+05
 0.13904999E+03 -0.48838E+05
 0.13909999E+03 -0.91943E+05
 0.13914999E+03 -0.14183E+06
 0.13920000E+03 -0.19898E+06
 0.13924998E+03 -0.26258E+06
 0.13929999E+03 -0.33066E+06
 0.13934999E+03 -0.40125E+06
 0.13939999E+03 -0.47207E+06
 0.13945000E+03 -0.53916E+06
 0.13949998E+03 -0.59750E+06
 0.13954999E+03 -0.64339E+06
 0.13959999E+03 -0.67600E+06
 0.13964999E+03 -0.69638E+06
 0.13970000E+03 -0.70637E+06
 0.13974998E+03 -0.70904E+06
 0.13979999E+03 -0.70778E+06
 0.13984999E+03 -0.70460E+06
 0.13989999E+03 -0.69961E+06
 0.13995000E+03 -0.69224E+06
 0.13999998E+03 -0.68286E+06
 0.14004999E+03 -0.67312E+06
 0.14009999E+03 -0.66473E+06
 0.14014999E+03 -0.65789E+06
 0.14020000E+03 -0.65136E+06
 0.14024998E+03 -0.64365E+06
 0.14029999E+03 -0.63353E+06
 0.14034999E+03 -0.62003E+06
 0.14039999E+03 -0.60247E+06
 0.14045000E+03 -0.58059E+06
 0.14049998E+03 -0.55509E+06
 0.14054999E+03 -0.52747E+06
 0.14059999E+03 -0.49922E+06
 0.14064999E+03 -0.47160E+06
 0.14070000E+03 -0.44566E+06
 0.14074998E+03 -0.42163E+06
 0.14079999E+03 -0.39837E+06
 0.14084999E+03 -0.37417E+06
 0.14089999E+03 -0.34837E+06
 0.14095000E+03 -0.32201E+06
 0.14099998E+03 -0.29692E+06
 0.14104999E+03 -0.27391E+06
 0.14109999E+03 -0.25203E+06
 0.14114999E+03 -0.22931E+06
 0.14120000E+03 -0.20369E+06
 0.14124998E+03 -0.17349E+06
 0.14129999E+03 -0.13816E+06
 0.14134999E+03 -0.98612E+05
 0.14139999E+03 -0.56621E+05
 0.14145000E+03 -0.14183E+05
 0.14149998E+03  0.27053E+05
 0.14154999E+03  0.66159E+05
 0.14159999E+03  0.10307E+06
 0.14164999E+03  0.13893E+06
 0.14170000E+03  0.17532E+06
 0.14174998E+03  0.21204E+06
 0.14179999E+03  0.24639E+06
 0.14184999E+03  0.27538E+06
 0.14189999E+03  0.29792E+06
 0.14195000E+03  0.31468E+06
 0.14199998E+03  0.32717E+06
 0.14204999E+03  0.33730E+06
 0.14209999E+03  0.34690E+06
 0.14214999E+03  0.35685E+06
 0.14220000E+03  0.36606E+06
 0.14224998E+03  0.37161E+06
 0.14229999E+03  0.37159E+06
 0.14234999E+03  0.36761E+06
 0.14239999E+03  0.36392E+06
 0.14245000E+03  0.36462E+06
 0.14249998E+03  0.37196E+06
 0.14254999E+03  0.38700E+06
 0.14259999E+03  0.40951E+06
 0.14264999E+03  0.43759E+06
 0.14270000E+03  0.46855E+06
 0.14274998E+03  0.49985E+06
 0.14279999E+03  0.52946E+06
 0.14284999E+03  0.55597E+06
 0.14289999E+03  0.57842E+06
 0.14295000E+03  0.59642E+06
 0.14299998E+03  0.60969E+06
 0.14304999E+03  0.61777E+06
 0.14309999E+03  0.62111E+06
 0.14314999E+03  0.62174E+06
 0.14320000E+03  0.62178E+06
 0.14324998E+03  0.62181E+06
 0.14329999E+03  0.62123E+06
 0.14334999E+03  0.62006E+06
 0.14339999E+03  0.62004E+06
 0.14345000E+03  0.62376E+06
 0.14349998E+03  0.63284E+06
 0.14354999E+03  0.64717E+06
 0.14359999E+03  0.66582E+06
 0.14364999E+03  0.68712E+06
 0.14370000E+03  0.70838E+06
 0.14374998E+03  0.72727E+06
 0.14379999E+03  0.74416E+06
 0.14384999E+03  0.76198E+06
 0.14389999E+03  0.78284E+06
 0.14395000E+03  0.80587E+06
 0.14399998E+03  0.82875E+06
 0.14404999E+03  0.84944E+06
 0.14409999E+03  0.86609E+06
 0.14414999E+03  0.87734E+06
 0.14420000E+03  0.88302E+06
 0.14424998E+03  0.88452E+06
 0.14429999E+03  0.88426E+06
 0.14434999E+03  0.88386E+06
 0.14439999E+03  0.88339E+06
 0.14445000E+03  0.88200E+06
 0.14449998E+03  0.87790E+06
 0.14454999E+03  0.86877E+06
 0.14459999E+03  0.85276E+06
 0.14464999E+03  0.82859E+06
 0.14470000E+03  0.79562E+06
 0.14474998E+03  0.75473E+06
 0.14479999E+03  0.70800E+06
 0.14484999E+03  0.65709E+06
 0.14489999E+03  0.60292E+06
 0.14495000E+03  0.54609E+06
 0.14499998E+03  0.48735E+06
 0.14504999E+03  0.42845E+06
 0.14509999E+03  0.37215E+06
 0.14514999E+03  0.32104E+06
 0.14520000E+03  0.27700E+06
 0.14524998E+03  0.24099E+06
 0.14529999E+03  0.21246E+06
 0.14534999E+03  0.18918E+06
 0.14539999E+03  0.16785E+06
 0.14545000E+03  0.14444E+06
 0.14549998E+03  0.11562E+06
 0.14554999E+03  0.80507E+05
 0.14559999E+03  0.40438E+05
 0.14564999E+03 -0.22170E+04
 0.14570000E+03 -0.45203E+05
 0.14574998E+03 -0.87085E+05
 0.14579999E+03 -0.12684E+06
 0.14584999E+03 -0.16254E+06
 0.14589999E+03 -0.19116E+06
 0.14595000E+03 -0.20942E+06
 0.14599998E+03 -0.21433E+06
 0.14604999E+03 -0.20429E+06
 0.14609999E+03 -0.18057E+06
 0.14614999E+03 -0.14655E+06
 0.14620000E+03 -0.10564E+06
 0.14624998E+03 -0.60414E+05
 0.14629999E+03 -0.12931E+05
 0.14634999E+03  0.35077E+05
 0.14639999E+03  0.82101E+05
 0.14645000E+03  0.12654E+06
 0.14649998E+03  0.16678E+06
 0.14654999E+03  0.20222E+06
 0.14659999E+03  0.23397E+06
 0.14664999E+03  0.26349E+06
 0.14670000E+03  0.29137E+06
 0.14674998E+03  0.31772E+06
 0.14679999E+03  0.34189E+06
 0.14684999E+03  0.36179E+06
 0.14689999E+03  0.37460E+06
 0.14695000E+03  0.37879E+06
 0.14699998E+03  0.37471E+06
 0.14704999E+03  0.36362E+06
 0.14709999E+03  0.34718E+06
 0.14714999E+03  0.32673E+06
 0.14720000E+03  0.30313E+06
 0.14724998E+03  0.27738E+06
 0.14729999E+03  0.25104E+06
 0.14734999E+03  0.22582E+06
 0.14739999E+03  0.20331E+06
 0.14745000E+03  0.18478E+06
 0.14749998E+03  0.17062E+06
 0.14754999E+03  0.15985E+06
 0.14759999E+03  0.15000E+06
 0.14764999E+03  0.13794E+06
 0.14770000E+03  0.12114E+06
 0.14774998E+03  0.98067E+05
 0.14779999E+03  0.68486E+05
 0.14784999E+03  0.33900E+05
 0.14789999E+03 -0.21870E+04
 0.14795000E+03 -0.34979E+05
 0.14799998E+03 -0.60065E+05
 0.14804999E+03 -0.74770E+05
 0.14809999E+03 -0.78775E+05
 0.14814999E+03 -0.73906E+05
 0.14820000E+03 -0.62987E+05
 0.14824998E+03 -0.48556E+05
 0.14829999E+03 -0.32259E+05
 0.14834999E+03 -0.15273E+05
 0.14839999E+03  0.81700E+03
 0.14845000E+03  0.14100E+05
 0.14849998E+03  0.23188E+05
 0.14854999E+03  0.27581E+05
 0.14859999E+03  0.27915E+05
 0.14864999E+03  0.26360E+05
 0.14870000E+03  0.26293E+05
 0.14874998E+03  0.31729E+05
 0.14879999E+03  0.46271E+05
 0.14884999E+03  0.71409E+05
 0.14889999E+03  0.10589E+06
 0.14895000E+03  0.14662E+06
 0.14899998E+03  0.18980E+06
 0.14904999E+03  0.23179E+06
 0.14909999E+03  0.26988E+06
 0.14914999E+03  0.30346E+06
 0.14920000E+03  0.33374E+06
 0.14924998E+03  0.36180E+06
 0.14929999E+03  0.38751E+06
 0.14934999E+03  0.41030E+06
 0.14939999E+03  0.42973E+06
 0.14945000E+03  0.44527E+06
 0.14949998E+03  0.45716E+06
 0.14954999E+03  0.46768E+06
 0.14959999E+03  0.48033E+06
 0.14964999E+03  0.49773E+06
 0.14970000E+03  0.52017E+06
 0.14974998E+03  0.54528E+06
 0.14979999E+03  0.56934E+06
 0.14984999E+03  0.58921E+06
 0.14989999E+03  0.60342E+06
 0.14995000E+03  0.61194E+06
