-0.30000000E+01 -0.22020E+04
-0.29500000E+01 -0.26930E+04
-0.29000001E+01 -0.30940E+04
-0.28499999E+01 -0.35380E+04
-0.28000000E+01 -0.38560E+04
-0.27500000E+01 -0.41240E+04
-0.27000000E+01 -0.42620E+04
-0.26500001E+01 -0.43580E+04
-0.25999999E+01 -0.44920E+04
-0.25500000E+01 -0.45160E+04
-0.25000000E+01 -0.45380E+04
-0.24500000E+01 -0.44290E+04
-0.24000001E+01 -0.42360E+04
-0.23499999E+01 -0.40540E+04
-0.23000002E+01 -0.38620E+04
-0.22500000E+01 -0.37240E+04
-0.22000000E+01 -0.35120E+04
-0.21500001E+01 -0.30890E+04
-0.20999999E+01 -0.26980E+04
-0.20500002E+01 -0.23400E+04
-0.20000000E+01 -0.18330E+04
-0.19500000E+01 -0.13040E+04
-0.19000001E+01 -0.73100E+03
-0.18500000E+01 -0.18900E+03
-0.18000001E+01  0.40500E+03
-0.17500001E+01  0.11340E+04
-0.17000000E+01  0.17490E+04
-0.16500001E+01  0.23650E+04
-0.16000001E+01  0.30670E+04
-0.15500001E+01  0.37560E+04
-0.15000001E+01  0.44620E+04
-0.14500000E+01  0.52120E+04
-0.14000001E+01  0.59670E+04
-0.13500001E+01  0.67560E+04
-0.13000001E+01  0.76050E+04
-0.12500001E+01  0.84570E+04
-0.12000000E+01  0.92650E+04
-0.11500001E+01  0.10045E+05
-0.11000001E+01  0.10926E+05
-0.10500001E+01  0.11858E+05
-0.10000001E+01  0.12798E+05
-0.95000005E+00  0.13830E+05
-0.90000010E+00  0.14834E+05
-0.85000014E+00  0.15861E+05
-0.80000019E+00  0.16949E+05
-0.75000024E+00  0.17985E+05
-0.70000005E+00  0.19076E+05
-0.65000010E+00  0.20198E+05
-0.60000014E+00  0.21312E+05
-0.55000019E+00  0.22408E+05
-0.50000024E+00  0.23470E+05
-0.45000005E+00  0.24546E+05
-0.40000010E+00  0.25599E+05
-0.35000014E+00  0.26740E+05
-0.30000019E+00  0.27928E+05
-0.25000024E+00  0.29039E+05
-0.20000029E+00  0.30112E+05
-0.15000010E+00  0.31232E+05
-0.10000014E+00  0.32362E+05
-0.50000191E-01  0.33361E+05
-0.23841858E-06  0.34377E+05
 0.49999714E-01  0.35487E+05
 0.99999905E-01  0.36596E+05
 0.14999986E+00  0.37609E+05
 0.19999981E+00  0.38547E+05
 0.24999976E+00  0.39428E+05
 0.29999971E+00  0.40261E+05
 0.34999990E+00  0.41136E+05
 0.39999986E+00  0.41949E+05
 0.44999981E+00  0.42671E+05
 0.49999976E+00  0.43377E+05
 0.54999971E+00  0.44113E+05
 0.59999990E+00  0.44922E+05
 0.64999986E+00  0.45759E+05
 0.69999981E+00  0.46423E+05
 0.74999976E+00  0.46921E+05
 0.79999971E+00  0.47381E+05
 0.84999967E+00  0.47890E+05
 0.89999986E+00  0.48599E+05
 0.94999981E+00  0.49330E+05
 0.99999976E+00  0.49956E+05
 0.10499997E+01  0.50628E+05
 0.10999999E+01  0.51281E+05
 0.11499996E+01  0.51877E+05
 0.11999998E+01  0.52538E+05
 0.12499995E+01  0.53112E+05
 0.12999997E+01  0.53627E+05
 0.13499999E+01  0.54176E+05
 0.13999996E+01  0.54656E+05
 0.14499998E+01  0.55122E+05
 0.14999995E+01  0.55564E+05
 0.15499997E+01  0.56042E+05
 0.15999999E+01  0.56610E+05
 0.16499996E+01  0.57153E+05
 0.16999998E+01  0.57501E+05
 0.17499995E+01  0.57758E+05
 0.17999997E+01  0.58087E+05
 0.18499999E+01  0.58373E+05
 0.18999996E+01  0.58544E+05
 0.19499998E+01  0.58614E+05
 0.19999995E+01  0.58724E+05
 0.20499997E+01  0.58821E+05
 0.20999999E+01  0.58878E+05
 0.21499996E+01  0.59067E+05
 0.21999998E+01  0.59185E+05
 0.22499995E+01  0.59016E+05
 0.22999997E+01  0.58773E+05
 0.23499999E+01  0.58625E+05
 0.23999996E+01  0.58487E+05
 0.24499998E+01  0.58217E+05
 0.24999995E+01  0.57909E+05
 0.25499997E+01  0.57698E+05
 0.25999994E+01  0.57443E+05
 0.26499996E+01  0.57082E+05
 0.26999998E+01  0.56632E+05
 0.27499995E+01  0.56183E+05
 0.27999997E+01  0.55624E+05
 0.28499994E+01  0.54947E+05
 0.28999996E+01  0.54383E+05
 0.29499998E+01  0.53714E+05
 0.29999995E+01  0.53015E+05
 0.30499997E+01  0.52412E+05
 0.30999994E+01  0.51793E+05
 0.31499996E+01  0.51239E+05
 0.31999998E+01  0.50549E+05
 0.32499995E+01  0.49643E+05
 0.32999997E+01  0.48751E+05
 0.33499994E+01  0.47869E+05
 0.33999996E+01  0.47060E+05
 0.34499998E+01  0.46349E+05
 0.34999995E+01  0.45501E+05
 0.35499997E+01  0.44636E+05
 0.35999994E+01  0.43767E+05
 0.36499996E+01  0.42784E+05
 0.36999998E+01  0.41809E+05
 0.37499995E+01  0.40698E+05
 0.37999997E+01  0.39544E+05
 0.38499994E+01  0.38535E+05
 0.38999996E+01  0.37574E+05
 0.39499998E+01  0.36553E+05
 0.39999995E+01  0.35359E+05
 0.40499997E+01  0.34090E+05
 0.40999994E+01  0.32820E+05
 0.41499996E+01  0.31450E+05
 0.41999998E+01  0.30039E+05
 0.42499995E+01  0.28696E+05
 0.42999997E+01  0.27323E+05
 0.43499994E+01  0.25971E+05
 0.43999996E+01  0.24744E+05
 0.44499993E+01  0.23483E+05
 0.44999995E+01  0.22111E+05
 0.45499997E+01  0.20654E+05
 0.45999994E+01  0.19222E+05
 0.46499996E+01  0.17856E+05
 0.46999993E+01  0.16424E+05
 0.47499995E+01  0.14915E+05
 0.47999997E+01  0.13387E+05
 0.48499994E+01  0.11978E+05
 0.48999996E+01  0.10703E+05
 0.49499993E+01  0.93730E+04
 0.49999995E+01  0.80380E+04
 0.50499992E+01  0.67440E+04
 0.50999994E+01  0.54660E+04
 0.51499996E+01  0.42560E+04
 0.51999998E+01  0.30220E+04
 0.52499990E+01  0.17760E+04
 0.52999992E+01  0.60100E+03
 0.53499994E+01 -0.49400E+03
 0.53999996E+01 -0.15430E+04
 0.54499998E+01 -0.25930E+04
 0.54999990E+01 -0.35640E+04
 0.55499992E+01 -0.44470E+04
 0.55999994E+01 -0.53270E+04
 0.56499996E+01 -0.63370E+04
 0.56999998E+01 -0.74190E+04
 0.57499990E+01 -0.84800E+04
 0.57999992E+01 -0.94380E+04
 0.58499994E+01 -0.10256E+05
 0.58999996E+01 -0.11165E+05
 0.59499998E+01 -0.12051E+05
 0.59999990E+01 -0.12917E+05
 0.60499992E+01 -0.13817E+05
 0.60999994E+01 -0.14532E+05
 0.61499996E+01 -0.15243E+05
 0.61999998E+01 -0.16012E+05
 0.62499990E+01 -0.16747E+05
 0.62999992E+01 -0.17524E+05
 0.63499994E+01 -0.18308E+05
 0.63999996E+01 -0.18920E+05
 0.64499998E+01 -0.19479E+05
 0.64999990E+01 -0.20132E+05
 0.65499992E+01 -0.20827E+05
 0.65999994E+01 -0.21570E+05
 0.66499996E+01 -0.22231E+05
 0.66999998E+01 -0.22881E+05
 0.67499990E+01 -0.23456E+05
 0.67999992E+01 -0.23970E+05
 0.68499994E+01 -0.24658E+05
 0.68999996E+01 -0.25383E+05
 0.69499998E+01 -0.26077E+05
 0.69999990E+01 -0.26717E+05
 0.70499992E+01 -0.27301E+05
 0.70999994E+01 -0.27887E+05
 0.71499996E+01 -0.28480E+05
 0.71999998E+01 -0.29115E+05
 0.72499990E+01 -0.29768E+05
 0.72999992E+01 -0.30314E+05
 0.73499994E+01 -0.30790E+05
 0.73999996E+01 -0.31207E+05
 0.74499998E+01 -0.31561E+05
 0.74999990E+01 -0.32035E+05
 0.75499992E+01 -0.32594E+05
 0.75999994E+01 -0.33164E+05
 0.76499996E+01 -0.33608E+05
 0.76999998E+01 -0.34027E+05
 0.77499990E+01 -0.34547E+05
 0.77999992E+01 -0.35090E+05
 0.78499994E+01 -0.35665E+05
 0.78999996E+01 -0.36037E+05
 0.79499998E+01 -0.36309E+05
 0.79999990E+01 -0.36574E+05
 0.80499992E+01 -0.36862E+05
 0.80999994E+01 -0.37249E+05
 0.81499996E+01 -0.37579E+05
 0.81999989E+01 -0.37909E+05
 0.82499990E+01 -0.38284E+05
 0.82999992E+01 -0.38692E+05
 0.83499994E+01 -0.38995E+05
 0.83999996E+01 -0.39225E+05
 0.84499989E+01 -0.39444E+05
 0.84999990E+01 -0.39771E+05
 0.85499992E+01 -0.40199E+05
 0.85999994E+01 -0.40457E+05
 0.86499996E+01 -0.40800E+05
 0.86999989E+01 -0.41253E+05
 0.87499990E+01 -0.41661E+05
 0.87999992E+01 -0.42075E+05
 0.88499994E+01 -0.42468E+05
 0.88999996E+01 -0.42843E+05
 0.89499989E+01 -0.43140E+05
 0.89999990E+01 -0.43382E+05
 0.90499992E+01 -0.43765E+05
 0.90999994E+01 -0.44279E+05
 0.91499996E+01 -0.44690E+05
 0.91999989E+01 -0.45067E+05
 0.92499990E+01 -0.45526E+05
 0.92999992E+01 -0.46028E+05
 0.93499994E+01 -0.46534E+05
 0.93999996E+01 -0.47015E+05
 0.94499989E+01 -0.47500E+05
 0.94999990E+01 -0.47978E+05
 0.95499992E+01 -0.48532E+05
 0.95999994E+01 -0.49223E+05
 0.96499996E+01 -0.49823E+05
 0.96999989E+01 -0.50267E+05
 0.97499990E+01 -0.50813E+05
 0.97999992E+01 -0.51455E+05
 0.98499994E+01 -0.52091E+05
 0.98999996E+01 -0.52639E+05
 0.99499989E+01 -0.53019E+05
 0.99999990E+01 -0.53413E+05
 0.10049999E+02 -0.53885E+05
 0.10099999E+02 -0.54412E+05
 0.10150000E+02 -0.54971E+05
 0.10199999E+02 -0.55396E+05
 0.10249999E+02 -0.55761E+05
 0.10299999E+02 -0.56116E+05
 0.10349999E+02 -0.56357E+05
 0.10400000E+02 -0.56647E+05
 0.10449999E+02 -0.56946E+05
 0.10499999E+02 -0.57260E+05
 0.10549999E+02 -0.57654E+05
 0.10599999E+02 -0.58040E+05
 0.10650000E+02 -0.58404E+05
 0.10699999E+02 -0.58534E+05
 0.10749999E+02 -0.58628E+05
 0.10799999E+02 -0.58780E+05
 0.10849999E+02 -0.58895E+05
 0.10900000E+02 -0.58935E+05
 0.10949999E+02 -0.58742E+05
 0.10999999E+02 -0.58556E+05
 0.11049999E+02 -0.58390E+05
 0.11099999E+02 -0.58242E+05
 0.11150000E+02 -0.58036E+05
 0.11199999E+02 -0.57642E+05
 0.11249999E+02 -0.57179E+05
 0.11299999E+02 -0.56724E+05
 0.11349999E+02 -0.56278E+05
 0.11400000E+02 -0.55832E+05
 0.11449999E+02 -0.55470E+05
 0.11499999E+02 -0.55135E+05
 0.11549999E+02 -0.54804E+05
 0.11599999E+02 -0.54295E+05
 0.11649999E+02 -0.53720E+05
 0.11699999E+02 -0.53126E+05
 0.11749999E+02 -0.52446E+05
 0.11799999E+02 -0.51783E+05
 0.11849999E+02 -0.50979E+05
 0.11899999E+02 -0.50293E+05
 0.11949999E+02 -0.49637E+05
 0.11999999E+02 -0.48876E+05
 0.12049999E+02 -0.48060E+05
 0.12099999E+02 -0.47240E+05
 0.12149999E+02 -0.46492E+05
 0.12199999E+02 -0.45714E+05
 0.12249999E+02 -0.44986E+05
 0.12299999E+02 -0.44147E+05
 0.12349999E+02 -0.43198E+05
 0.12399999E+02 -0.42073E+05
 0.12449999E+02 -0.40917E+05
 0.12499999E+02 -0.39987E+05
 0.12549999E+02 -0.39023E+05
 0.12599999E+02 -0.38021E+05
 0.12649999E+02 -0.37034E+05
 0.12699999E+02 -0.36035E+05
 0.12749999E+02 -0.34976E+05
 0.12799999E+02 -0.33819E+05
 0.12849999E+02 -0.32615E+05
 0.12899999E+02 -0.31499E+05
 0.12949999E+02 -0.30454E+05
 0.12999999E+02 -0.29282E+05
 0.13049999E+02 -0.28034E+05
 0.13099998E+02 -0.26785E+05
 0.13150000E+02 -0.25558E+05
 0.13199999E+02 -0.24320E+05
 0.13249998E+02 -0.23023E+05
 0.13299999E+02 -0.21777E+05
 0.13349998E+02 -0.20558E+05
 0.13400000E+02 -0.19251E+05
 0.13449999E+02 -0.17965E+05
 0.13499998E+02 -0.16675E+05
 0.13549999E+02 -0.15288E+05
 0.13599998E+02 -0.14050E+05
 0.13650000E+02 -0.12873E+05
 0.13699999E+02 -0.11634E+05
 0.13749998E+02 -0.10442E+05
 0.13799999E+02 -0.89910E+04
 0.13849998E+02 -0.75440E+04
 0.13900000E+02 -0.63420E+04
 0.13949999E+02 -0.49780E+04
 0.13999998E+02 -0.36860E+04
 0.14049999E+02 -0.24460E+04
 0.14099998E+02 -0.99400E+03
 0.14150000E+02  0.42100E+03
 0.14199999E+02  0.17920E+04
 0.14249998E+02  0.31430E+04
 0.14299999E+02  0.43860E+04
 0.14349998E+02  0.56220E+04
 0.14400000E+02  0.69450E+04
 0.14449999E+02  0.83050E+04
 0.14499998E+02  0.96500E+04
 0.14549999E+02  0.10952E+05
 0.14599998E+02  0.12258E+05
 0.14650000E+02  0.13695E+05
 0.14699999E+02  0.15176E+05
 0.14749998E+02  0.16664E+05
 0.14799999E+02  0.18072E+05
 0.14849998E+02  0.19386E+05
 0.14900000E+02  0.20753E+05
 0.14949999E+02  0.22090E+05
 0.14999998E+02  0.23414E+05
 0.15049999E+02  0.24717E+05
 0.15099998E+02  0.25950E+05
 0.15150000E+02  0.27158E+05
 0.15199999E+02  0.28382E+05
 0.15249998E+02  0.29521E+05
 0.15299999E+02  0.30573E+05
 0.15349998E+02  0.31656E+05
 0.15400000E+02  0.32667E+05
 0.15449999E+02  0.33759E+05
 0.15499998E+02  0.34930E+05
 0.15549999E+02  0.36017E+05
 0.15599998E+02  0.36934E+05
 0.15650000E+02  0.37811E+05
 0.15699999E+02  0.38731E+05
 0.15749998E+02  0.39474E+05
 0.15799999E+02  0.40221E+05
 0.15849998E+02  0.40900E+05
 0.15900000E+02  0.41537E+05
 0.15949999E+02  0.42181E+05
 0.15999998E+02  0.42772E+05
 0.16049999E+02  0.43476E+05
 0.16099998E+02  0.44124E+05
 0.16150000E+02  0.44711E+05
 0.16199999E+02  0.45338E+05
 0.16249998E+02  0.45967E+05
 0.16299999E+02  0.46468E+05
 0.16349998E+02  0.46839E+05
 0.16400000E+02  0.47172E+05
 0.16449999E+02  0.47535E+05
 0.16499998E+02  0.47802E+05
 0.16549999E+02  0.47951E+05
 0.16599998E+02  0.48128E+05
 0.16650000E+02  0.48237E+05
 0.16699999E+02  0.48409E+05
 0.16749998E+02  0.48494E+05
 0.16799999E+02  0.48468E+05
 0.16849998E+02  0.48417E+05
 0.16900000E+02  0.48278E+05
 0.16949999E+02  0.48237E+05
 0.16999998E+02  0.48119E+05
 0.17049999E+02  0.47917E+05
 0.17099998E+02  0.47564E+05
 0.17150000E+02  0.47072E+05
 0.17199999E+02  0.46640E+05
 0.17249998E+02  0.46143E+05
 0.17299999E+02  0.45619E+05
 0.17349998E+02  0.45037E+05
 0.17400000E+02  0.44397E+05
 0.17449999E+02  0.43745E+05
 0.17499998E+02  0.43089E+05
 0.17549999E+02  0.42387E+05
 0.17599998E+02  0.41569E+05
 0.17650000E+02  0.40785E+05
 0.17699999E+02  0.40027E+05
 0.17749998E+02  0.39204E+05
 0.17799999E+02  0.38338E+05
 0.17849998E+02  0.37453E+05
 0.17900000E+02  0.36637E+05
 0.17949999E+02  0.35753E+05
 0.17999998E+02  0.34619E+05
 0.18049999E+02  0.33503E+05
 0.18099998E+02  0.32453E+05
 0.18150000E+02  0.31335E+05
 0.18199999E+02  0.30291E+05
 0.18249998E+02  0.29291E+05
 0.18299999E+02  0.28112E+05
 0.18349998E+02  0.26887E+05
 0.18400000E+02  0.25863E+05
 0.18449999E+02  0.24868E+05
 0.18499998E+02  0.23805E+05
 0.18549999E+02  0.22587E+05
 0.18599998E+02  0.21359E+05
 0.18650000E+02  0.20232E+05
 0.18699999E+02  0.19067E+05
 0.18749998E+02  0.18053E+05
 0.18799999E+02  0.17081E+05
 0.18849998E+02  0.15907E+05
 0.18900000E+02  0.14629E+05
 0.18949999E+02  0.13493E+05
 0.18999998E+02  0.12343E+05
 0.19049999E+02  0.11197E+05
 0.19099998E+02  0.10179E+05
 0.19150000E+02  0.91480E+04
 0.19199999E+02  0.82310E+04
 0.19249998E+02  0.73090E+04
 0.19299999E+02  0.64120E+04
 0.19349998E+02  0.54200E+04
 0.19399998E+02  0.42710E+04
 0.19449999E+02  0.31740E+04
 0.19499998E+02  0.20690E+04
 0.19549999E+02  0.11270E+04
 0.19599998E+02  0.23700E+03
 0.19649998E+02 -0.87300E+03
 0.19699999E+02 -0.19160E+04
 0.19749998E+02 -0.27360E+04
 0.19799999E+02 -0.36180E+04
 0.19849998E+02 -0.44130E+04
 0.19899998E+02 -0.52580E+04
 0.19949999E+02 -0.61530E+04
 0.19999998E+02 -0.69180E+04
 0.20049999E+02 -0.78210E+04
 0.20099998E+02 -0.84860E+04
 0.20149998E+02 -0.92250E+04
 0.20199999E+02 -0.10201E+05
 0.20249998E+02 -0.10979E+05
 0.20299999E+02 -0.11713E+05
 0.20349998E+02 -0.12464E+05
 0.20399998E+02 -0.13315E+05
 0.20449999E+02 -0.14067E+05
 0.20499998E+02 -0.14754E+05
 0.20549999E+02 -0.15390E+05
 0.20599998E+02 -0.15994E+05
 0.20649998E+02 -0.16724E+05
 0.20699999E+02 -0.17339E+05
 0.20749998E+02 -0.17932E+05
 0.20799999E+02 -0.18497E+05
 0.20849998E+02 -0.19099E+05
 0.20899998E+02 -0.19754E+05
 0.20949999E+02 -0.20299E+05
 0.20999998E+02 -0.20848E+05
 0.21049999E+02 -0.21485E+05
 0.21099998E+02 -0.22189E+05
 0.21149998E+02 -0.22787E+05
 0.21199999E+02 -0.23371E+05
 0.21249998E+02 -0.23948E+05
 0.21299999E+02 -0.24455E+05
 0.21349998E+02 -0.24958E+05
 0.21399998E+02 -0.25473E+05
 0.21449999E+02 -0.26064E+05
 0.21499998E+02 -0.26696E+05
 0.21549999E+02 -0.27356E+05
 0.21599998E+02 -0.27981E+05
 0.21649998E+02 -0.28575E+05
 0.21699999E+02 -0.29169E+05
 0.21749998E+02 -0.29808E+05
 0.21799999E+02 -0.30456E+05
 0.21849998E+02 -0.31024E+05
 0.21899998E+02 -0.31526E+05
 0.21949999E+02 -0.31938E+05
 0.21999998E+02 -0.32372E+05
 0.22049999E+02 -0.32951E+05
 0.22099998E+02 -0.33497E+05
 0.22149998E+02 -0.33851E+05
 0.22199999E+02 -0.34152E+05
 0.22249998E+02 -0.34496E+05
 0.22299999E+02 -0.34839E+05
 0.22349998E+02 -0.35111E+05
 0.22399998E+02 -0.35534E+05
 0.22449999E+02 -0.36059E+05
 0.22499998E+02 -0.36460E+05
 0.22549999E+02 -0.36848E+05
 0.22599998E+02 -0.37238E+05
 0.22649998E+02 -0.37538E+05
 0.22699999E+02 -0.37727E+05
 0.22749998E+02 -0.38025E+05
 0.22799999E+02 -0.38308E+05
 0.22849998E+02 -0.38498E+05
 0.22899998E+02 -0.38606E+05
 0.22949999E+02 -0.38656E+05
 0.22999998E+02 -0.38818E+05
 0.23049999E+02 -0.38851E+05
 0.23099998E+02 -0.38855E+05
 0.23149998E+02 -0.38939E+05
 0.23199999E+02 -0.39007E+05
 0.23249998E+02 -0.39021E+05
 0.23299999E+02 -0.38940E+05
 0.23349998E+02 -0.38829E+05
 0.23399998E+02 -0.38678E+05
 0.23449999E+02 -0.38438E+05
 0.23499998E+02 -0.38146E+05
 0.23549999E+02 -0.37903E+05
 0.23599998E+02 -0.37517E+05
 0.23649998E+02 -0.37017E+05
 0.23699999E+02 -0.36461E+05
 0.23749998E+02 -0.35906E+05
 0.23799999E+02 -0.35506E+05
 0.23849998E+02 -0.35009E+05
 0.23899998E+02 -0.34507E+05
 0.23949999E+02 -0.33982E+05
 0.23999998E+02 -0.33354E+05
 0.24049999E+02 -0.32805E+05
 0.24099998E+02 -0.32280E+05
 0.24149998E+02 -0.31705E+05
 0.24199999E+02 -0.31077E+05
 0.24249998E+02 -0.30379E+05
 0.24299999E+02 -0.29616E+05
 0.24349998E+02 -0.28876E+05
 0.24399998E+02 -0.28130E+05
 0.24449999E+02 -0.27421E+05
 0.24499998E+02 -0.26583E+05
 0.24549999E+02 -0.25696E+05
 0.24599998E+02 -0.24989E+05
 0.24649998E+02 -0.24297E+05
 0.24699999E+02 -0.23516E+05
 0.24749998E+02 -0.22597E+05
 0.24799999E+02 -0.21813E+05
 0.24849998E+02 -0.20951E+05
 0.24899998E+02 -0.19944E+05
 0.24949999E+02 -0.18938E+05
 0.24999998E+02 -0.17917E+05
 0.25049999E+02 -0.16999E+05
 0.25099998E+02 -0.15985E+05
 0.25149998E+02 -0.14994E+05
 0.25199999E+02 -0.13875E+05
 0.25249998E+02 -0.12669E+05
 0.25299999E+02 -0.11518E+05
 0.25349998E+02 -0.10335E+05
 0.25399998E+02 -0.92320E+04
 0.25449999E+02 -0.81670E+04
 0.25499998E+02 -0.71760E+04
 0.25549999E+02 -0.61100E+04
 0.25599998E+02 -0.50960E+04
 0.25649998E+02 -0.40820E+04
 0.25699999E+02 -0.28980E+04
 0.25749998E+02 -0.17100E+04
 0.25799999E+02 -0.62400E+03
 0.25849998E+02  0.36300E+03
 0.25899998E+02  0.14620E+04
 0.25949999E+02  0.24420E+04
 0.25999998E+02  0.33840E+04
 0.26049997E+02  0.45700E+04
 0.26099998E+02  0.56900E+04
 0.26149998E+02  0.66110E+04
 0.26199999E+02  0.74840E+04
 0.26249998E+02  0.84700E+04
 0.26299997E+02  0.95320E+04
 0.26349998E+02  0.10612E+05
 0.26399998E+02  0.11645E+05
 0.26449999E+02  0.12634E+05
 0.26499998E+02  0.13650E+05
 0.26549997E+02  0.14716E+05
 0.26599998E+02  0.15838E+05
 0.26649998E+02  0.17052E+05
 0.26699999E+02  0.18279E+05
 0.26749998E+02  0.19413E+05
 0.26799997E+02  0.20496E+05
 0.26849998E+02  0.21424E+05
 0.26899998E+02  0.22424E+05
 0.26949999E+02  0.23453E+05
 0.26999998E+02  0.24404E+05
 0.27049997E+02  0.25454E+05
 0.27099998E+02  0.26376E+05
 0.27149998E+02  0.27311E+05
 0.27199999E+02  0.28325E+05
 0.27249998E+02  0.29239E+05
 0.27299997E+02  0.30166E+05
 0.27349998E+02  0.31206E+05
 0.27399998E+02  0.32176E+05
 0.27449999E+02  0.33053E+05
 0.27499998E+02  0.34000E+05
 0.27549997E+02  0.34949E+05
 0.27599998E+02  0.35869E+05
 0.27649998E+02  0.36657E+05
 0.27699999E+02  0.37328E+05
 0.27749998E+02  0.38057E+05
 0.27799997E+02  0.38683E+05
 0.27849998E+02  0.39165E+05
 0.27899998E+02  0.39809E+05
 0.27949999E+02  0.40505E+05
 0.27999998E+02  0.41108E+05
 0.28049997E+02  0.41649E+05
 0.28099998E+02  0.42271E+05
 0.28149998E+02  0.42975E+05
 0.28199999E+02  0.43474E+05
 0.28249998E+02  0.43904E+05
 0.28299997E+02  0.44210E+05
 0.28349998E+02  0.44452E+05
 0.28399998E+02  0.44727E+05
 0.28449999E+02  0.44990E+05
 0.28499998E+02  0.45263E+05
 0.28549997E+02  0.45388E+05
 0.28599998E+02  0.45529E+05
 0.28649998E+02  0.45714E+05
 0.28699999E+02  0.45983E+05
 0.28749998E+02  0.46274E+05
 0.28799997E+02  0.46496E+05
 0.28849998E+02  0.46660E+05
 0.28899998E+02  0.46795E+05
 0.28949999E+02  0.47015E+05
 0.28999998E+02  0.47071E+05
 0.29049999E+02  0.47168E+05
 0.29099998E+02  0.47338E+05
 0.29149998E+02  0.47376E+05
 0.29199997E+02  0.47333E+05
 0.29249996E+02  0.47246E+05
 0.29299999E+02  0.47167E+05
 0.29349998E+02  0.47072E+05
 0.29399998E+02  0.47148E+05
 0.29449997E+02  0.47138E+05
 0.29499996E+02  0.47044E+05
 0.29549999E+02  0.47017E+05
 0.29599998E+02  0.46982E+05
 0.29649998E+02  0.47033E+05
 0.29699997E+02  0.46938E+05
 0.29749996E+02  0.46845E+05
 0.29799999E+02  0.46805E+05
 0.29849998E+02  0.46660E+05
 0.29899998E+02  0.46411E+05
 0.29949997E+02  0.46202E+05
 0.29999996E+02  0.46046E+05
 0.30049999E+02  0.45751E+05
 0.30099998E+02  0.45677E+05
 0.30149998E+02  0.45556E+05
 0.30199997E+02  0.45218E+05
 0.30249996E+02  0.45005E+05
 0.30299999E+02  0.44708E+05
 0.30349998E+02  0.44447E+05
 0.30399998E+02  0.44283E+05
 0.30449997E+02  0.44083E+05
 0.30499996E+02  0.43889E+05
 0.30549999E+02  0.43653E+05
 0.30599998E+02  0.43353E+05
 0.30649998E+02  0.43072E+05
 0.30699997E+02  0.42790E+05
 0.30749996E+02  0.42401E+05
 0.30799999E+02  0.42057E+05
 0.30849998E+02  0.41780E+05
 0.30899998E+02  0.41429E+05
 0.30949997E+02  0.41073E+05
 0.30999996E+02  0.40754E+05
 0.31049999E+02  0.40467E+05
 0.31099998E+02  0.40256E+05
 0.31149998E+02  0.40026E+05
 0.31199997E+02  0.39759E+05
 0.31249996E+02  0.39334E+05
 0.31299999E+02  0.38740E+05
 0.31349998E+02  0.38235E+05
 0.31399998E+02  0.37710E+05
 0.31449997E+02  0.37241E+05
 0.31499996E+02  0.36771E+05
 0.31549999E+02  0.36096E+05
 0.31599998E+02  0.35484E+05
 0.31649998E+02  0.34966E+05
 0.31699997E+02  0.34360E+05
 0.31749996E+02  0.33742E+05
 0.31799999E+02  0.33111E+05
 0.31849998E+02  0.32360E+05
 0.31899998E+02  0.31735E+05
 0.31949997E+02  0.31146E+05
 0.31999996E+02  0.30409E+05
 0.32049999E+02  0.29633E+05
 0.32099998E+02  0.28818E+05
 0.32149998E+02  0.27999E+05
 0.32199997E+02  0.27158E+05
 0.32249996E+02  0.26342E+05
 0.32299999E+02  0.25435E+05
 0.32349998E+02  0.24495E+05
 0.32399998E+02  0.23594E+05
 0.32449997E+02  0.22674E+05
 0.32499996E+02  0.21809E+05
 0.32549999E+02  0.20916E+05
 0.32599998E+02  0.19975E+05
 0.32649998E+02  0.18978E+05
 0.32699997E+02  0.18090E+05
 0.32749996E+02  0.17202E+05
 0.32799999E+02  0.16116E+05
 0.32849998E+02  0.14990E+05
 0.32899998E+02  0.13876E+05
 0.32949997E+02  0.12784E+05
 0.32999996E+02  0.11655E+05
 0.33049999E+02  0.10510E+05
 0.33099998E+02  0.94300E+04
 0.33149998E+02  0.85340E+04
 0.33199997E+02  0.76230E+04
 0.33249996E+02  0.66100E+04
 0.33299999E+02  0.56450E+04
 0.33349998E+02  0.46750E+04
 0.33399998E+02  0.37360E+04
 0.33449997E+02  0.27750E+04
 0.33499996E+02  0.18820E+04
 0.33549999E+02  0.89900E+03
 0.33599998E+02 -0.22000E+03
 0.33649998E+02 -0.12000E+04
 0.33699997E+02 -0.21540E+04
 0.33749996E+02 -0.32030E+04
 0.33799999E+02 -0.41740E+04
 0.33849998E+02 -0.50910E+04
 0.33899998E+02 -0.61020E+04
 0.33949997E+02 -0.70480E+04
 0.33999996E+02 -0.80410E+04
 0.34049999E+02 -0.90600E+04
 0.34099998E+02 -0.10081E+05
 0.34149998E+02 -0.11088E+05
 0.34199997E+02 -0.12027E+05
 0.34249996E+02 -0.13046E+05
 0.34299999E+02 -0.14196E+05
 0.34349998E+02 -0.15430E+05
 0.34399998E+02 -0.16465E+05
 0.34449997E+02 -0.17574E+05
 0.34499996E+02 -0.18773E+05
 0.34549999E+02 -0.19809E+05
 0.34599998E+02 -0.20901E+05
 0.34649998E+02 -0.21963E+05
 0.34699997E+02 -0.23058E+05
 0.34749996E+02 -0.24192E+05
 0.34799999E+02 -0.25165E+05
 0.34849998E+02 -0.26126E+05
 0.34899998E+02 -0.27157E+05
 0.34949997E+02 -0.28117E+05
 0.34999996E+02 -0.29060E+05
 0.35049999E+02 -0.29964E+05
 0.35099998E+02 -0.30860E+05
 0.35149998E+02 -0.31789E+05
 0.35199997E+02 -0.32636E+05
 0.35249996E+02 -0.33470E+05
 0.35299999E+02 -0.34221E+05
 0.35349998E+02 -0.34900E+05
 0.35399998E+02 -0.35556E+05
 0.35449997E+02 -0.36167E+05
 0.35499996E+02 -0.36584E+05
 0.35549999E+02 -0.36779E+05
 0.35599998E+02 -0.37035E+05
 0.35649998E+02 -0.37288E+05
 0.35699997E+02 -0.37645E+05
 0.35749996E+02 -0.37962E+05
 0.35799999E+02 -0.38151E+05
 0.35849998E+02 -0.38361E+05
 0.35899998E+02 -0.38310E+05
 0.35949997E+02 -0.38213E+05
 0.35999996E+02 -0.38230E+05
 0.36049999E+02 -0.38206E+05
 0.36099998E+02 -0.38217E+05
 0.36149998E+02 -0.38134E+05
 0.36199997E+02 -0.37769E+05
 0.36249996E+02 -0.37377E+05
 0.36299999E+02 -0.36957E+05
 0.36349998E+02 -0.36504E+05
 0.36399998E+02 -0.36216E+05
 0.36449997E+02 -0.35674E+05
 0.36499996E+02 -0.35061E+05
 0.36549999E+02 -0.34677E+05
 0.36599998E+02 -0.34253E+05
 0.36649998E+02 -0.33797E+05
 0.36699997E+02 -0.33188E+05
 0.36749996E+02 -0.32518E+05
 0.36799999E+02 -0.31879E+05
 0.36849998E+02 -0.31155E+05
 0.36899998E+02 -0.30425E+05
 0.36949997E+02 -0.29770E+05
 0.36999996E+02 -0.29146E+05
 0.37049999E+02 -0.28570E+05
 0.37099998E+02 -0.28061E+05
 0.37149998E+02 -0.27511E+05
 0.37199997E+02 -0.27052E+05
 0.37249996E+02 -0.26626E+05
 0.37299999E+02 -0.26227E+05
 0.37349998E+02 -0.25855E+05
 0.37399998E+02 -0.25348E+05
 0.37449997E+02 -0.24932E+05
 0.37499996E+02 -0.24663E+05
 0.37549999E+02 -0.24219E+05
 0.37599998E+02 -0.23695E+05
 0.37649998E+02 -0.23315E+05
 0.37699997E+02 -0.22869E+05
 0.37749996E+02 -0.22573E+05
 0.37799999E+02 -0.22252E+05
 0.37849998E+02 -0.21925E+05
 0.37899998E+02 -0.21821E+05
 0.37949997E+02 -0.21632E+05
 0.37999996E+02 -0.21524E+05
 0.38049999E+02 -0.21387E+05
 0.38099998E+02 -0.21303E+05
 0.38149998E+02 -0.21180E+05
 0.38199997E+02 -0.20976E+05
 0.38249996E+02 -0.20822E+05
 0.38299999E+02 -0.20670E+05
 0.38349998E+02 -0.20640E+05
 0.38399998E+02 -0.20498E+05
 0.38449997E+02 -0.20353E+05
 0.38499996E+02 -0.20169E+05
 0.38549999E+02 -0.19999E+05
 0.38599998E+02 -0.19935E+05
 0.38649998E+02 -0.19947E+05
 0.38699997E+02 -0.20030E+05
 0.38749996E+02 -0.20019E+05
 0.38799999E+02 -0.19941E+05
 0.38849998E+02 -0.19777E+05
 0.38899998E+02 -0.19724E+05
 0.38949997E+02 -0.19516E+05
 0.38999996E+02 -0.19236E+05
 0.39049999E+02 -0.19197E+05
 0.39099998E+02 -0.19103E+05
 0.39149998E+02 -0.18967E+05
 0.39199997E+02 -0.18759E+05
 0.39249996E+02 -0.18573E+05
 0.39299999E+02 -0.18447E+05
 0.39349998E+02 -0.18316E+05
 0.39399998E+02 -0.18162E+05
 0.39449997E+02 -0.18013E+05
 0.39499996E+02 -0.17875E+05
 0.39549999E+02 -0.17707E+05
 0.39599998E+02 -0.17625E+05
 0.39649998E+02 -0.17610E+05
 0.39699997E+02 -0.17722E+05
 0.39749996E+02 -0.17767E+05
 0.39799999E+02 -0.17718E+05
 0.39849998E+02 -0.17690E+05
 0.39899998E+02 -0.17553E+05
 0.39949997E+02 -0.17471E+05
 0.39999996E+02 -0.17360E+05
 0.40049999E+02 -0.17134E+05
 0.40099998E+02 -0.16976E+05
 0.40149998E+02 -0.16913E+05
 0.40199997E+02 -0.16728E+05
 0.40249996E+02 -0.16560E+05
 0.40299999E+02 -0.16443E+05
 0.40349998E+02 -0.16056E+05
 0.40399998E+02 -0.15727E+05
 0.40449997E+02 -0.15545E+05
 0.40499996E+02 -0.15365E+05
 0.40549999E+02 -0.15232E+05
 0.40599998E+02 -0.15055E+05
 0.40649998E+02 -0.14947E+05
 0.40699997E+02 -0.14921E+05
 0.40749996E+02 -0.14778E+05
 0.40799999E+02 -0.14591E+05
 0.40849998E+02 -0.14371E+05
 0.40899998E+02 -0.14088E+05
 0.40949997E+02 -0.14008E+05
 0.40999996E+02 -0.13967E+05
 0.41049999E+02 -0.13893E+05
 0.41099998E+02 -0.13863E+05
 0.41149998E+02 -0.13775E+05
 0.41199997E+02 -0.13740E+05
 0.41249996E+02 -0.13560E+05
 0.41299999E+02 -0.13258E+05
 0.41349998E+02 -0.13078E+05
 0.41399998E+02 -0.12905E+05
 0.41449997E+02 -0.12730E+05
 0.41499996E+02 -0.12537E+05
 0.41549999E+02 -0.12297E+05
 0.41599998E+02 -0.12195E+05
 0.41649998E+02 -0.12126E+05
 0.41699997E+02 -0.11991E+05
 0.41749996E+02 -0.11932E+05
 0.41799995E+02 -0.11874E+05
 0.41849998E+02 -0.11789E+05
 0.41899998E+02 -0.11670E+05
 0.41949997E+02 -0.11530E+05
 0.41999996E+02 -0.11447E+05
 0.42049995E+02 -0.11354E+05
 0.42099998E+02 -0.11321E+05
 0.42149998E+02 -0.11463E+05
 0.42199997E+02 -0.11579E+05
 0.42249996E+02 -0.11625E+05
 0.42299995E+02 -0.11787E+05
 0.42349998E+02 -0.11869E+05
 0.42399998E+02 -0.11879E+05
 0.42449997E+02 -0.12009E+05
 0.42499996E+02 -0.12132E+05
 0.42549995E+02 -0.12364E+05
 0.42599998E+02 -0.12539E+05
 0.42649998E+02 -0.12625E+05
 0.42699997E+02 -0.12784E+05
 0.42749996E+02 -0.12845E+05
 0.42799995E+02 -0.13066E+05
 0.42849998E+02 -0.13322E+05
 0.42899998E+02 -0.13489E+05
 0.42949997E+02 -0.13779E+05
 0.42999996E+02 -0.13983E+05
 0.43049995E+02 -0.14133E+05
 0.43099998E+02 -0.14331E+05
 0.43149998E+02 -0.14546E+05
 0.43199997E+02 -0.14877E+05
 0.43249996E+02 -0.15226E+05
 0.43299995E+02 -0.15498E+05
 0.43349998E+02 -0.15770E+05
 0.43399998E+02 -0.15903E+05
 0.43449997E+02 -0.16040E+05
 0.43499996E+02 -0.16318E+05
 0.43549995E+02 -0.16584E+05
 0.43599998E+02 -0.16873E+05
 0.43649998E+02 -0.17084E+05
 0.43699997E+02 -0.17148E+05
 0.43749996E+02 -0.17157E+05
 0.43799995E+02 -0.17261E+05
 0.43849998E+02 -0.17384E+05
 0.43899998E+02 -0.17442E+05
 0.43949997E+02 -0.17523E+05
 0.43999996E+02 -0.17554E+05
 0.44049995E+02 -0.17655E+05
 0.44099998E+02 -0.17747E+05
 0.44149998E+02 -0.17782E+05
 0.44199997E+02 -0.17869E+05
 0.44249996E+02 -0.17826E+05
 0.44299995E+02 -0.17705E+05
 0.44349998E+02 -0.17592E+05
 0.44399998E+02 -0.17504E+05
 0.44449997E+02 -0.17432E+05
 0.44499996E+02 -0.17264E+05
 0.44549995E+02 -0.16977E+05
 0.44599998E+02 -0.16761E+05
 0.44649998E+02 -0.16590E+05
 0.44699997E+02 -0.16306E+05
 0.44749996E+02 -0.16085E+05
 0.44799995E+02 -0.15731E+05
 0.44849998E+02 -0.15295E+05
 0.44899998E+02 -0.14961E+05
 0.44949997E+02 -0.14571E+05
 0.44999996E+02 -0.14121E+05
 0.45049995E+02 -0.13525E+05
 0.45099998E+02 -0.12916E+05
 0.45149998E+02 -0.12338E+05
 0.45199997E+02 -0.11776E+05
 0.45249996E+02 -0.11179E+05
 0.45299995E+02 -0.10582E+05
 0.45349998E+02 -0.99850E+04
 0.45399998E+02 -0.93230E+04
 0.45449997E+02 -0.87360E+04
 0.45499996E+02 -0.79560E+04
 0.45549995E+02 -0.71110E+04
 0.45599998E+02 -0.63700E+04
 0.45649998E+02 -0.56510E+04
 0.45699997E+02 -0.49530E+04
 0.45749996E+02 -0.41390E+04
 0.45799995E+02 -0.33610E+04
 0.45849998E+02 -0.26180E+04
 0.45899998E+02 -0.18110E+04
 0.45949997E+02 -0.93200E+03
 0.45999996E+02  0.31000E+02
 0.46049995E+02  0.95500E+03
 0.46099998E+02  0.18320E+04
 0.46149998E+02  0.27760E+04
 0.46199997E+02  0.37080E+04
 0.46249996E+02  0.45570E+04
 0.46299995E+02  0.54490E+04
 0.46349998E+02  0.63220E+04
 0.46399998E+02  0.71240E+04
 0.46449997E+02  0.79470E+04
 0.46499996E+02  0.87690E+04
 0.46549995E+02  0.95580E+04
 0.46599998E+02  0.10212E+05
 0.46649998E+02  0.10719E+05
 0.46699997E+02  0.11286E+05
 0.46749996E+02  0.11939E+05
 0.46799995E+02  0.12706E+05
 0.46849998E+02  0.13510E+05
 0.46899998E+02  0.14140E+05
 0.46949997E+02  0.14667E+05
 0.46999996E+02  0.15014E+05
 0.47049995E+02  0.15465E+05
 0.47099998E+02  0.16250E+05
 0.47149998E+02  0.16877E+05
 0.47199997E+02  0.17374E+05
 0.47249996E+02  0.17844E+05
 0.47299995E+02  0.18259E+05
 0.47349998E+02  0.18895E+05
 0.47399998E+02  0.19612E+05
 0.47449997E+02  0.20125E+05
 0.47499996E+02  0.20520E+05
 0.47549995E+02  0.20956E+05
 0.47599998E+02  0.21482E+05
 0.47649998E+02  0.22078E+05
 0.47699997E+02  0.22559E+05
 0.47749996E+02  0.22868E+05
 0.47799995E+02  0.23161E+05
 0.47849998E+02  0.23478E+05
 0.47899998E+02  0.23881E+05
 0.47949997E+02  0.24204E+05
 0.47999996E+02  0.24429E+05
 0.48049995E+02  0.24757E+05
 0.48099998E+02  0.25121E+05
 0.48149998E+02  0.25527E+05
 0.48199997E+02  0.25960E+05
 0.48249996E+02  0.26443E+05
 0.48299995E+02  0.26836E+05
 0.48349998E+02  0.27021E+05
 0.48399998E+02  0.27121E+05
 0.48449997E+02  0.27222E+05
 0.48499996E+02  0.27486E+05
 0.48549995E+02  0.27847E+05
 0.48599998E+02  0.28062E+05
 0.48649998E+02  0.28140E+05
 0.48699997E+02  0.28332E+05
 0.48749996E+02  0.28575E+05
 0.48799995E+02  0.28711E+05
 0.48849998E+02  0.28719E+05
 0.48899998E+02  0.28617E+05
 0.48949997E+02  0.28615E+05
 0.48999996E+02  0.28673E+05
 0.49049995E+02  0.28794E+05
 0.49099998E+02  0.28936E+05
 0.49149998E+02  0.28932E+05
 0.49199997E+02  0.28931E+05
 0.49249996E+02  0.28879E+05
 0.49299995E+02  0.28902E+05
 0.49349998E+02  0.28918E+05
 0.49399998E+02  0.28744E+05
 0.49449997E+02  0.28698E+05
 0.49499996E+02  0.28655E+05
 0.49549995E+02  0.28538E+05
 0.49599998E+02  0.28514E+05
 0.49649998E+02  0.28587E+05
 0.49699997E+02  0.28698E+05
 0.49749996E+02  0.28790E+05
 0.49799995E+02  0.28736E+05
 0.49849998E+02  0.28657E+05
 0.49899998E+02  0.28751E+05
 0.49949997E+02  0.28806E+05
 0.49999996E+02  0.28794E+05
 0.50049995E+02  0.28802E+05
 0.50099998E+02  0.28860E+05
 0.50149998E+02  0.28879E+05
 0.50199997E+02  0.28917E+05
 0.50249996E+02  0.28956E+05
 0.50299995E+02  0.28924E+05
 0.50349998E+02  0.28967E+05
 0.50399998E+02  0.28967E+05
 0.50449997E+02  0.29059E+05
 0.50499996E+02  0.29178E+05
 0.50549995E+02  0.29240E+05
 0.50599998E+02  0.29348E+05
 0.50649998E+02  0.29446E+05
 0.50699997E+02  0.29602E+05
 0.50749996E+02  0.29776E+05
 0.50799995E+02  0.29945E+05
 0.50849998E+02  0.29972E+05
 0.50899998E+02  0.30072E+05
 0.50949997E+02  0.30294E+05
 0.50999996E+02  0.30404E+05
 0.51049995E+02  0.30560E+05
 0.51099998E+02  0.30748E+05
 0.51149998E+02  0.30971E+05
 0.51199997E+02  0.31127E+05
 0.51249996E+02  0.31211E+05
 0.51299995E+02  0.31321E+05
 0.51349998E+02  0.31487E+05
 0.51399998E+02  0.31596E+05
 0.51449997E+02  0.31417E+05
 0.51499996E+02  0.31234E+05
 0.51549995E+02  0.31142E+05
 0.51599998E+02  0.31057E+05
 0.51649998E+02  0.31053E+05
 0.51699997E+02  0.30991E+05
 0.51749996E+02  0.30906E+05
 0.51799995E+02  0.30858E+05
 0.51849998E+02  0.30733E+05
 0.51899998E+02  0.30574E+05
 0.51949997E+02  0.30367E+05
 0.51999996E+02  0.30116E+05
 0.52049995E+02  0.29941E+05
 0.52099998E+02  0.29776E+05
 0.52149998E+02  0.29634E+05
 0.52199997E+02  0.29554E+05
 0.52249996E+02  0.29370E+05
 0.52299995E+02  0.29021E+05
 0.52349998E+02  0.28651E+05
 0.52399998E+02  0.28432E+05
 0.52449997E+02  0.28396E+05
 0.52499996E+02  0.28350E+05
 0.52549995E+02  0.28186E+05
 0.52599998E+02  0.28058E+05
 0.52649998E+02  0.27995E+05
 0.52699997E+02  0.27904E+05
 0.52749996E+02  0.27756E+05
 0.52799995E+02  0.27605E+05
 0.52849998E+02  0.27352E+05
 0.52899998E+02  0.26944E+05
 0.52949997E+02  0.26615E+05
 0.52999996E+02  0.26401E+05
 0.53049995E+02  0.26260E+05
 0.53099998E+02  0.26073E+05
 0.53149998E+02  0.25780E+05
 0.53199997E+02  0.25433E+05
 0.53249996E+02  0.25006E+05
 0.53299995E+02  0.24721E+05
 0.53349998E+02  0.24468E+05
 0.53399998E+02  0.24087E+05
 0.53449997E+02  0.23707E+05
 0.53499996E+02  0.23293E+05
 0.53549995E+02  0.22920E+05
 0.53599998E+02  0.22651E+05
 0.53649998E+02  0.22480E+05
 0.53699997E+02  0.22182E+05
 0.53749996E+02  0.21699E+05
 0.53799995E+02  0.21252E+05
 0.53849998E+02  0.20780E+05
 0.53899998E+02  0.20383E+05
 0.53949997E+02  0.20062E+05
 0.53999996E+02  0.19645E+05
 0.54049995E+02  0.19236E+05
 0.54099998E+02  0.18836E+05
 0.54149998E+02  0.18387E+05
 0.54199997E+02  0.17993E+05
 0.54249996E+02  0.17613E+05
 0.54299995E+02  0.17058E+05
 0.54349998E+02  0.16403E+05
 0.54399998E+02  0.15883E+05
 0.54449997E+02  0.15530E+05
 0.54499996E+02  0.15219E+05
 0.54549995E+02  0.14765E+05
 0.54599998E+02  0.14285E+05
 0.54649998E+02  0.13959E+05
 0.54699997E+02  0.13527E+05
 0.54749996E+02  0.12949E+05
 0.54799995E+02  0.12460E+05
 0.54849995E+02  0.11998E+05
 0.54899998E+02  0.11452E+05
 0.54949997E+02  0.10977E+05
 0.54999996E+02  0.10611E+05
 0.55049995E+02  0.10278E+05
 0.55099995E+02  0.98820E+04
 0.55149998E+02  0.92660E+04
 0.55199997E+02  0.86310E+04
 0.55249996E+02  0.80930E+04
 0.55299995E+02  0.76240E+04
 0.55349995E+02  0.71470E+04
 0.55399998E+02  0.65260E+04
 0.55449997E+02  0.58490E+04
 0.55499996E+02  0.51290E+04
 0.55549995E+02  0.43600E+04
 0.55599995E+02  0.35990E+04
 0.55649998E+02  0.29030E+04
 0.55699997E+02  0.21500E+04
 0.55749996E+02  0.12650E+04
 0.55799995E+02  0.46200E+03
 0.55849995E+02 -0.28700E+03
 0.55899998E+02 -0.11230E+04
 0.55949997E+02 -0.19600E+04
 0.55999996E+02 -0.27960E+04
 0.56049995E+02 -0.37700E+04
 0.56099995E+02 -0.47210E+04
 0.56149998E+02 -0.55570E+04
 0.56199997E+02 -0.63600E+04
 0.56249996E+02 -0.70670E+04
 0.56299995E+02 -0.78120E+04
 0.56349995E+02 -0.86510E+04
 0.56399998E+02 -0.94380E+04
 0.56449997E+02 -0.10166E+05
 0.56499996E+02 -0.10894E+05
 0.56549995E+02 -0.11630E+05
 0.56599995E+02 -0.12444E+05
 0.56649998E+02 -0.13188E+05
 0.56699997E+02 -0.13792E+05
 0.56749996E+02 -0.14458E+05
 0.56799995E+02 -0.15160E+05
 0.56849995E+02 -0.16019E+05
 0.56899998E+02 -0.16861E+05
 0.56949997E+02 -0.17438E+05
 0.56999996E+02 -0.18008E+05
 0.57049995E+02 -0.18573E+05
 0.57099995E+02 -0.19145E+05
 0.57149998E+02 -0.19737E+05
 0.57199997E+02 -0.20374E+05
 0.57249996E+02 -0.21098E+05
 0.57299995E+02 -0.21625E+05
 0.57349995E+02 -0.22127E+05
 0.57399998E+02 -0.22744E+05
 0.57449997E+02 -0.23358E+05
 0.57499996E+02 -0.24074E+05
 0.57549995E+02 -0.24699E+05
 0.57599995E+02 -0.25137E+05
 0.57649998E+02 -0.25455E+05
 0.57699997E+02 -0.25927E+05
 0.57749996E+02 -0.26552E+05
 0.57799995E+02 -0.27080E+05
 0.57849995E+02 -0.27653E+05
 0.57899998E+02 -0.28227E+05
 0.57949997E+02 -0.28771E+05
 0.57999996E+02 -0.29265E+05
 0.58049995E+02 -0.29814E+05
 0.58099995E+02 -0.30410E+05
 0.58149998E+02 -0.30963E+05
 0.58199997E+02 -0.31451E+05
 0.58249996E+02 -0.31853E+05
 0.58299995E+02 -0.32432E+05
 0.58349995E+02 -0.33072E+05
 0.58399998E+02 -0.33615E+05
 0.58449997E+02 -0.34057E+05
 0.58499996E+02 -0.34424E+05
 0.58549995E+02 -0.34941E+05
 0.58599995E+02 -0.35527E+05
 0.58649998E+02 -0.36005E+05
 0.58699997E+02 -0.36408E+05
 0.58749996E+02 -0.36732E+05
 0.58799995E+02 -0.37126E+05
 0.58849995E+02 -0.37585E+05
 0.58899998E+02 -0.38052E+05
 0.58949997E+02 -0.38570E+05
 0.58999996E+02 -0.38871E+05
 0.59049995E+02 -0.39087E+05
 0.59099995E+02 -0.39354E+05
 0.59149998E+02 -0.39713E+05
 0.59199997E+02 -0.40189E+05
 0.59249996E+02 -0.40681E+05
 0.59299995E+02 -0.41247E+05
 0.59349995E+02 -0.41607E+05
 0.59399998E+02 -0.41912E+05
 0.59449997E+02 -0.42290E+05
 0.59499996E+02 -0.42637E+05
 0.59549995E+02 -0.43081E+05
 0.59599995E+02 -0.43399E+05
 0.59649998E+02 -0.43648E+05
 0.59699997E+02 -0.43974E+05
 0.59749996E+02 -0.44271E+05
 0.59799995E+02 -0.44500E+05
 0.59849995E+02 -0.44675E+05
 0.59899998E+02 -0.44834E+05
 0.59949997E+02 -0.44891E+05
 0.59999996E+02 -0.44939E+05
 0.60049995E+02 -0.45000E+05
 0.60099995E+02 -0.45040E+05
 0.60149998E+02 -0.45073E+05
 0.60199997E+02 -0.44954E+05
 0.60249996E+02 -0.44880E+05
 0.60299995E+02 -0.44824E+05
 0.60349995E+02 -0.44690E+05
 0.60399998E+02 -0.44554E+05
 0.60449997E+02 -0.44366E+05
 0.60499996E+02 -0.44161E+05
 0.60549995E+02 -0.43831E+05
 0.60599995E+02 -0.43469E+05
 0.60649998E+02 -0.43141E+05
 0.60699997E+02 -0.42897E+05
 0.60749996E+02 -0.42719E+05
 0.60799995E+02 -0.42402E+05
 0.60849995E+02 -0.41990E+05
 0.60899998E+02 -0.41622E+05
 0.60949997E+02 -0.41421E+05
 0.60999996E+02 -0.41145E+05
 0.61049995E+02 -0.40601E+05
 0.61099998E+02 -0.40090E+05
 0.61149994E+02 -0.39640E+05
 0.61199997E+02 -0.39097E+05
 0.61249992E+02 -0.38556E+05
 0.61299995E+02 -0.38023E+05
 0.61349998E+02 -0.37442E+05
 0.61399994E+02 -0.36712E+05
 0.61449997E+02 -0.35817E+05
 0.61499992E+02 -0.34956E+05
 0.61549995E+02 -0.34268E+05
 0.61599998E+02 -0.33648E+05
 0.61649994E+02 -0.32757E+05
 0.61699997E+02 -0.31661E+05
 0.61749992E+02 -0.30617E+05
 0.61799995E+02 -0.29644E+05
 0.61849998E+02 -0.28677E+05
 0.61899994E+02 -0.27638E+05
 0.61949997E+02 -0.26530E+05
 0.61999992E+02 -0.25404E+05
 0.62049995E+02 -0.24332E+05
 0.62099998E+02 -0.23294E+05
 0.62149994E+02 -0.22308E+05
 0.62199997E+02 -0.21356E+05
 0.62249992E+02 -0.20374E+05
 0.62299995E+02 -0.19265E+05
 0.62349998E+02 -0.18059E+05
 0.62399994E+02 -0.16928E+05
 0.62449997E+02 -0.15795E+05
 0.62499992E+02 -0.14634E+05
 0.62549995E+02 -0.13392E+05
 0.62599998E+02 -0.12228E+05
 0.62649994E+02 -0.11242E+05
 0.62699997E+02 -0.10110E+05
 0.62749992E+02 -0.89280E+04
 0.62799995E+02 -0.78640E+04
 0.62849998E+02 -0.67880E+04
 0.62899994E+02 -0.55970E+04
 0.62949997E+02 -0.44810E+04
 0.62999992E+02 -0.35010E+04
 0.63049995E+02 -0.24560E+04
 0.63099998E+02 -0.13140E+04
 0.63149994E+02 -0.50000E+01
 0.63199997E+02  0.13210E+04
 0.63249992E+02  0.25830E+04
 0.63299995E+02  0.37020E+04
 0.63349998E+02  0.47570E+04
 0.63399994E+02  0.60080E+04
 0.63449997E+02  0.72950E+04
 0.63499992E+02  0.85210E+04
 0.63549995E+02  0.96990E+04
 0.63599998E+02  0.10955E+05
 0.63649994E+02  0.12087E+05
 0.63699997E+02  0.13216E+05
 0.63749992E+02  0.14557E+05
 0.63799995E+02  0.15738E+05
 0.63849998E+02  0.17034E+05
 0.63899994E+02  0.18490E+05
 0.63949997E+02  0.19910E+05
 0.63999992E+02  0.21310E+05
 0.64049995E+02  0.22633E+05
 0.64099998E+02  0.23861E+05
 0.64149994E+02  0.25001E+05
 0.64199997E+02  0.26348E+05
 0.64249992E+02  0.27837E+05
 0.64299995E+02  0.29218E+05
 0.64349998E+02  0.30497E+05
 0.64399994E+02  0.31729E+05
 0.64449997E+02  0.32872E+05
 0.64499992E+02  0.33937E+05
 0.64549995E+02  0.34983E+05
 0.64599998E+02  0.36017E+05
 0.64649994E+02  0.37094E+05
 0.64699997E+02  0.38146E+05
 0.64749992E+02  0.39197E+05
 0.64799995E+02  0.40048E+05
 0.64849998E+02  0.40693E+05
 0.64899994E+02  0.41400E+05
 0.64949997E+02  0.42136E+05
 0.64999992E+02  0.43001E+05
 0.65049995E+02  0.43773E+05
 0.65099998E+02  0.44252E+05
 0.65149994E+02  0.44640E+05
 0.65199997E+02  0.45093E+05
 0.65249992E+02  0.45685E+05
 0.65299995E+02  0.46218E+05
 0.65349998E+02  0.46602E+05
 0.65399994E+02  0.46925E+05
 0.65449997E+02  0.47105E+05
 0.65499992E+02  0.47113E+05
 0.65549995E+02  0.47235E+05
 0.65599998E+02  0.47517E+05
 0.65649994E+02  0.47593E+05
 0.65699997E+02  0.47568E+05
 0.65749992E+02  0.47564E+05
 0.65799995E+02  0.47479E+05
 0.65849998E+02  0.47565E+05
 0.65899994E+02  0.47499E+05
 0.65949997E+02  0.47217E+05
 0.65999992E+02  0.47123E+05
 0.66049995E+02  0.46935E+05
 0.66099998E+02  0.46700E+05
 0.66149994E+02  0.46534E+05
 0.66199997E+02  0.46392E+05
 0.66249992E+02  0.46176E+05
 0.66299995E+02  0.45694E+05
 0.66349998E+02  0.45089E+05
 0.66399994E+02  0.44563E+05
 0.66449997E+02  0.44266E+05
 0.66499992E+02  0.43959E+05
 0.66549995E+02  0.43414E+05
 0.66599998E+02  0.42786E+05
 0.66649994E+02  0.42084E+05
 0.66699997E+02  0.41297E+05
 0.66749992E+02  0.40629E+05
 0.66799995E+02  0.39945E+05
 0.66849998E+02  0.39150E+05
 0.66899994E+02  0.38346E+05
 0.66949997E+02  0.37442E+05
 0.66999992E+02  0.36510E+05
 0.67049995E+02  0.35687E+05
 0.67099998E+02  0.34966E+05
 0.67149994E+02  0.34048E+05
 0.67199997E+02  0.32933E+05
 0.67249992E+02  0.31843E+05
 0.67299995E+02  0.30868E+05
 0.67349998E+02  0.29993E+05
 0.67399994E+02  0.29039E+05
 0.67449997E+02  0.27990E+05
 0.67499992E+02  0.26870E+05
 0.67549995E+02  0.25806E+05
 0.67599998E+02  0.24921E+05
 0.67649994E+02  0.24135E+05
 0.67699997E+02  0.23221E+05
 0.67749992E+02  0.22227E+05
 0.67799995E+02  0.21257E+05
 0.67849998E+02  0.20331E+05
 0.67899994E+02  0.19565E+05
 0.67949997E+02  0.18875E+05
 0.67999992E+02  0.18014E+05
 0.68049995E+02  0.17012E+05
 0.68099998E+02  0.16140E+05
 0.68149994E+02  0.15194E+05
 0.68199997E+02  0.14249E+05
 0.68249992E+02  0.13455E+05
 0.68299995E+02  0.12664E+05
 0.68349998E+02  0.11882E+05
 0.68399994E+02  0.10981E+05
 0.68449997E+02  0.99650E+04
 0.68499992E+02  0.90330E+04
 0.68549995E+02  0.83010E+04
 0.68599998E+02  0.75530E+04
 0.68649994E+02  0.67740E+04
 0.68699997E+02  0.59310E+04
 0.68749992E+02  0.48480E+04
 0.68799995E+02  0.38150E+04
 0.68849998E+02  0.28750E+04
 0.68899994E+02  0.19210E+04
 0.68949997E+02  0.10990E+04
 0.68999992E+02  0.23300E+03
 0.69049995E+02 -0.73700E+03
 0.69099998E+02 -0.14890E+04
 0.69149994E+02 -0.20760E+04
 0.69199997E+02 -0.26700E+04
 0.69249992E+02 -0.33540E+04
 0.69299995E+02 -0.41560E+04
 0.69349998E+02 -0.50480E+04
 0.69399994E+02 -0.59460E+04
 0.69449997E+02 -0.66690E+04
 0.69499992E+02 -0.73850E+04
 0.69549995E+02 -0.81260E+04
 0.69599998E+02 -0.88390E+04
 0.69649994E+02 -0.96760E+04
 0.69699997E+02 -0.10499E+05
 0.69749992E+02 -0.11218E+05
 0.69799995E+02 -0.11882E+05
 0.69849998E+02 -0.12583E+05
 0.69899994E+02 -0.13475E+05
 0.69949997E+02 -0.14286E+05
 0.69999992E+02 -0.14905E+05
 0.70049995E+02 -0.15464E+05
 0.70099998E+02 -0.15914E+05
 0.70149994E+02 -0.16388E+05
 0.70199997E+02 -0.16918E+05
 0.70249992E+02 -0.17649E+05
 0.70299995E+02 -0.18501E+05
 0.70349998E+02 -0.19249E+05
 0.70399994E+02 -0.19876E+05
 0.70449997E+02 -0.20442E+05
 0.70499992E+02 -0.21180E+05
 0.70549995E+02 -0.21880E+05
 0.70599998E+02 -0.22491E+05
 0.70649994E+02 -0.22970E+05
 0.70699997E+02 -0.23286E+05
 0.70749992E+02 -0.23683E+05
 0.70799995E+02 -0.24074E+05
 0.70849998E+02 -0.24549E+05
 0.70899994E+02 -0.25088E+05
 0.70949997E+02 -0.25610E+05
 0.70999992E+02 -0.26121E+05
 0.71049995E+02 -0.26542E+05
 0.71099998E+02 -0.27000E+05
 0.71149994E+02 -0.27491E+05
 0.71199997E+02 -0.27922E+05
 0.71249992E+02 -0.28271E+05
 0.71299995E+02 -0.28406E+05
 0.71349998E+02 -0.28568E+05
 0.71399994E+02 -0.28921E+05
 0.71449997E+02 -0.29119E+05
 0.71499992E+02 -0.29200E+05
 0.71549995E+02 -0.29251E+05
 0.71599998E+02 -0.29226E+05
 0.71649994E+02 -0.29162E+05
 0.71699997E+02 -0.29011E+05
 0.71749992E+02 -0.28834E+05
 0.71799995E+02 -0.28695E+05
 0.71849998E+02 -0.28610E+05
 0.71899994E+02 -0.28456E+05
 0.71949997E+02 -0.28220E+05
 0.71999992E+02 -0.28043E+05
 0.72049995E+02 -0.27887E+05
 0.72099998E+02 -0.27709E+05
 0.72149994E+02 -0.27487E+05
 0.72199997E+02 -0.27111E+05
 0.72249992E+02 -0.26647E+05
 0.72299995E+02 -0.26301E+05
 0.72349998E+02 -0.25994E+05
 0.72399994E+02 -0.25704E+05
 0.72449997E+02 -0.25461E+05
 0.72499992E+02 -0.25110E+05
 0.72549995E+02 -0.24717E+05
 0.72599998E+02 -0.24342E+05
 0.72649994E+02 -0.24029E+05
 0.72699997E+02 -0.23759E+05
 0.72749992E+02 -0.23375E+05
 0.72799995E+02 -0.22945E+05
 0.72849998E+02 -0.22324E+05
 0.72899994E+02 -0.21609E+05
 0.72949997E+02 -0.21032E+05
 0.72999992E+02 -0.20398E+05
 0.73049995E+02 -0.19828E+05
 0.73099998E+02 -0.19216E+05
 0.73149994E+02 -0.18439E+05
 0.73199997E+02 -0.17681E+05
 0.73249992E+02 -0.17005E+05
 0.73299995E+02 -0.16390E+05
 0.73349998E+02 -0.15723E+05
 0.73399994E+02 -0.15029E+05
 0.73449997E+02 -0.14246E+05
 0.73499992E+02 -0.13426E+05
 0.73549995E+02 -0.12672E+05
 0.73599998E+02 -0.12030E+05
 0.73649994E+02 -0.11457E+05
 0.73699997E+02 -0.10740E+05
 0.73749992E+02 -0.99000E+04
 0.73799995E+02 -0.90560E+04
 0.73849998E+02 -0.81900E+04
 0.73899994E+02 -0.73180E+04
 0.73949997E+02 -0.64910E+04
 0.73999992E+02 -0.57070E+04
 0.74049995E+02 -0.49380E+04
 0.74099998E+02 -0.40900E+04
 0.74149994E+02 -0.32960E+04
 0.74199997E+02 -0.26080E+04
 0.74249992E+02 -0.19450E+04
 0.74299995E+02 -0.12110E+04
 0.74349998E+02 -0.36700E+03
 0.74399994E+02  0.42300E+03
 0.74449997E+02  0.12030E+04
 0.74499992E+02  0.20430E+04
 0.74549995E+02  0.28360E+04
 0.74599998E+02  0.34730E+04
 0.74649994E+02  0.39990E+04
 0.74699997E+02  0.44750E+04
 0.74749992E+02  0.49480E+04
 0.74799995E+02  0.53930E+04
 0.74849998E+02  0.58080E+04
 0.74899994E+02  0.62600E+04
 0.74949997E+02  0.65780E+04
 0.74999992E+02  0.69070E+04
 0.75049995E+02  0.73290E+04
 0.75099998E+02  0.77200E+04
 0.75149994E+02  0.82810E+04
 0.75199997E+02  0.88410E+04
 0.75249992E+02  0.92080E+04
 0.75299995E+02  0.95000E+04
 0.75349998E+02  0.97600E+04
 0.75399994E+02  0.10057E+05
 0.75449997E+02  0.10365E+05
 0.75499992E+02  0.10669E+05
 0.75549995E+02  0.10964E+05
 0.75599998E+02  0.11257E+05
 0.75649994E+02  0.11604E+05
 0.75699997E+02  0.11876E+05
 0.75749992E+02  0.11998E+05
 0.75799995E+02  0.12152E+05
 0.75849998E+02  0.12395E+05
 0.75899994E+02  0.12626E+05
 0.75949997E+02  0.12863E+05
 0.75999992E+02  0.13175E+05
 0.76049995E+02  0.13474E+05
 0.76099998E+02  0.13585E+05
 0.76149994E+02  0.13674E+05
 0.76199997E+02  0.13813E+05
 0.76249992E+02  0.13933E+05
 0.76299995E+02  0.14032E+05
 0.76349998E+02  0.14004E+05
 0.76399994E+02  0.13938E+05
 0.76449997E+02  0.13850E+05
 0.76499992E+02  0.13862E+05
 0.76549995E+02  0.13995E+05
 0.76599998E+02  0.14010E+05
 0.76649994E+02  0.14107E+05
 0.76699997E+02  0.14333E+05
 0.76749992E+02  0.14395E+05
 0.76799995E+02  0.14342E+05
 0.76849998E+02  0.14219E+05
 0.76899994E+02  0.14138E+05
 0.76949997E+02  0.14175E+05
 0.76999992E+02  0.14039E+05
 0.77049995E+02  0.13817E+05
 0.77099998E+02  0.13652E+05
 0.77149994E+02  0.13655E+05
 0.77199997E+02  0.13761E+05
 0.77249992E+02  0.13625E+05
 0.77299995E+02  0.13400E+05
 0.77349998E+02  0.13197E+05
 0.77399994E+02  0.13083E+05
 0.77449997E+02  0.13082E+05
 0.77499992E+02  0.13003E+05
 0.77549995E+02  0.12848E+05
 0.77599998E+02  0.12632E+05
 0.77649994E+02  0.12295E+05
 0.77699997E+02  0.11904E+05
 0.77749992E+02  0.11666E+05
 0.77799995E+02  0.11543E+05
 0.77849998E+02  0.11445E+05
 0.77899994E+02  0.11330E+05
 0.77949997E+02  0.11185E+05
 0.77999992E+02  0.10973E+05
 0.78049995E+02  0.10729E+05
 0.78099998E+02  0.10713E+05
 0.78149994E+02  0.10664E+05
 0.78199997E+02  0.10467E+05
 0.78249992E+02  0.10309E+05
 0.78299995E+02  0.10148E+05
 0.78349998E+02  0.10050E+05
 0.78399994E+02  0.99720E+04
 0.78449997E+02  0.99000E+04
 0.78499992E+02  0.97950E+04
 0.78549995E+02  0.96760E+04
 0.78599998E+02  0.95370E+04
 0.78649994E+02  0.92270E+04
 0.78699997E+02  0.89450E+04
 0.78749992E+02  0.88480E+04
 0.78799995E+02  0.86600E+04
 0.78849998E+02  0.83860E+04
 0.78899994E+02  0.81610E+04
 0.78949997E+02  0.79270E+04
 0.78999992E+02  0.76880E+04
 0.79049995E+02  0.73090E+04
 0.79099998E+02  0.68110E+04
 0.79149994E+02  0.62580E+04
 0.79199997E+02  0.57330E+04
 0.79249992E+02  0.51690E+04
 0.79299995E+02  0.45410E+04
 0.79349998E+02  0.40560E+04
 0.79399994E+02  0.35340E+04
 0.79449997E+02  0.29590E+04
 0.79499992E+02  0.24100E+04
 0.79549995E+02  0.18710E+04
 0.79599998E+02  0.13590E+04
 0.79649994E+02  0.77900E+03
 0.79699997E+02  0.11400E+03
 0.79749992E+02 -0.52900E+03
 0.79799995E+02 -0.11680E+04
 0.79849998E+02 -0.18300E+04
 0.79899994E+02 -0.24800E+04
 0.79949997E+02 -0.31830E+04
 0.79999992E+02 -0.38340E+04
 0.80049995E+02 -0.43540E+04
 0.80099998E+02 -0.48460E+04
 0.80149994E+02 -0.53010E+04
 0.80199997E+02 -0.57600E+04
 0.80249992E+02 -0.64590E+04
 0.80299995E+02 -0.71700E+04
 0.80349998E+02 -0.77420E+04
 0.80399994E+02 -0.82500E+04
 0.80449997E+02 -0.86340E+04
 0.80499992E+02 -0.91330E+04
 0.80549995E+02 -0.96700E+04
 0.80599998E+02 -0.10144E+05
 0.80649994E+02 -0.10589E+05
 0.80699997E+02 -0.11099E+05
 0.80749992E+02 -0.11625E+05
 0.80799995E+02 -0.11977E+05
 0.80849998E+02 -0.12378E+05
 0.80899994E+02 -0.12778E+05
 0.80949997E+02 -0.13213E+05
 0.80999992E+02 -0.13656E+05
 0.81049995E+02 -0.13983E+05
 0.81099998E+02 -0.14397E+05
 0.81149994E+02 -0.14814E+05
 0.81199997E+02 -0.15090E+05
 0.81249992E+02 -0.15344E+05
 0.81299995E+02 -0.15656E+05
 0.81349998E+02 -0.16084E+05
 0.81399994E+02 -0.16673E+05
 0.81449997E+02 -0.17112E+05
 0.81499992E+02 -0.17461E+05
 0.81549995E+02 -0.17818E+05
 0.81599998E+02 -0.18170E+05
 0.81649994E+02 -0.18512E+05
 0.81699997E+02 -0.18639E+05
 0.81749992E+02 -0.18920E+05
 0.81799995E+02 -0.19297E+05
 0.81849998E+02 -0.19518E+05
 0.81899994E+02 -0.19678E+05
 0.81949997E+02 -0.19704E+05
 0.81999992E+02 -0.19734E+05
 0.82049995E+02 -0.19921E+05
 0.82099998E+02 -0.20138E+05
 0.82149994E+02 -0.20315E+05
 0.82199997E+02 -0.20508E+05
 0.82249992E+02 -0.20609E+05
 0.82299995E+02 -0.20725E+05
 0.82349998E+02 -0.20816E+05
 0.82399994E+02 -0.20880E+05
 0.82449997E+02 -0.20895E+05
 0.82499992E+02 -0.20787E+05
 0.82549995E+02 -0.20827E+05
 0.82599998E+02 -0.20809E+05
 0.82649994E+02 -0.20723E+05
 0.82699997E+02 -0.20658E+05
 0.82749992E+02 -0.20612E+05
 0.82799995E+02 -0.20644E+05
 0.82849998E+02 -0.20664E+05
 0.82899994E+02 -0.20711E+05
 0.82949997E+02 -0.20666E+05
 0.82999992E+02 -0.20551E+05
 0.83049995E+02 -0.20328E+05
 0.83099998E+02 -0.20246E+05
 0.83149994E+02 -0.20366E+05
 0.83199997E+02 -0.20347E+05
 0.83249992E+02 -0.20287E+05
 0.83299995E+02 -0.20182E+05
 0.83349998E+02 -0.19967E+05
 0.83399994E+02 -0.19594E+05
 0.83449997E+02 -0.19318E+05
 0.83499992E+02 -0.19184E+05
 0.83549995E+02 -0.19027E+05
 0.83599998E+02 -0.18935E+05
 0.83649994E+02 -0.18847E+05
 0.83699997E+02 -0.18719E+05
 0.83749992E+02 -0.18508E+05
 0.83799995E+02 -0.18298E+05
 0.83849998E+02 -0.18044E+05
 0.83899994E+02 -0.17758E+05
 0.83949997E+02 -0.17459E+05
 0.83999992E+02 -0.17226E+05
 0.84049995E+02 -0.17143E+05
 0.84099998E+02 -0.16991E+05
 0.84149994E+02 -0.16878E+05
 0.84199997E+02 -0.16784E+05
 0.84249992E+02 -0.16650E+05
 0.84299995E+02 -0.16462E+05
 0.84349998E+02 -0.16271E+05
 0.84399994E+02 -0.16274E+05
 0.84449997E+02 -0.16291E+05
 0.84499992E+02 -0.16245E+05
 0.84549995E+02 -0.16067E+05
 0.84599998E+02 -0.15841E+05
 0.84649994E+02 -0.15745E+05
 0.84699997E+02 -0.15715E+05
 0.84749992E+02 -0.15701E+05
 0.84799995E+02 -0.15563E+05
 0.84849998E+02 -0.15434E+05
 0.84899994E+02 -0.15280E+05
 0.84949997E+02 -0.15041E+05
 0.84999992E+02 -0.14824E+05
 0.85049995E+02 -0.14607E+05
 0.85099998E+02 -0.14513E+05
 0.85149994E+02 -0.14406E+05
 0.85199997E+02 -0.14257E+05
 0.85249992E+02 -0.14056E+05
 0.85299995E+02 -0.13846E+05
 0.85349998E+02 -0.13723E+05
 0.85399994E+02 -0.13496E+05
 0.85449997E+02 -0.13181E+05
 0.85499992E+02 -0.12798E+05
 0.85549995E+02 -0.12419E+05
 0.85599998E+02 -0.12070E+05
 0.85649994E+02 -0.11823E+05
 0.85699997E+02 -0.11731E+05
 0.85749992E+02 -0.11572E+05
 0.85799995E+02 -0.11392E+05
 0.85849998E+02 -0.11217E+05
 0.85899994E+02 -0.10971E+05
 0.85949997E+02 -0.10755E+05
 0.85999992E+02 -0.10607E+05
 0.86049995E+02 -0.10535E+05
 0.86099998E+02 -0.10365E+05
 0.86149994E+02 -0.10068E+05
 0.86199997E+02 -0.98520E+04
 0.86249992E+02 -0.96190E+04
 0.86299995E+02 -0.93470E+04
 0.86349998E+02 -0.91010E+04
 0.86399994E+02 -0.88610E+04
 0.86449997E+02 -0.86140E+04
 0.86499992E+02 -0.83800E+04
 0.86549995E+02 -0.80590E+04
 0.86599991E+02 -0.76730E+04
 0.86649994E+02 -0.75210E+04
 0.86699997E+02 -0.74940E+04
 0.86749992E+02 -0.72350E+04
 0.86799995E+02 -0.67480E+04
 0.86849991E+02 -0.64030E+04
 0.86899994E+02 -0.61130E+04
 0.86949997E+02 -0.56990E+04
 0.86999992E+02 -0.52880E+04
 0.87049995E+02 -0.49550E+04
 0.87099991E+02 -0.46130E+04
 0.87149994E+02 -0.40990E+04
 0.87199997E+02 -0.35860E+04
 0.87249992E+02 -0.30970E+04
 0.87299995E+02 -0.27810E+04
 0.87349991E+02 -0.26710E+04
 0.87399994E+02 -0.24310E+04
 0.87449997E+02 -0.20620E+04
 0.87499992E+02 -0.17470E+04
 0.87549995E+02 -0.14650E+04
 0.87599991E+02 -0.10440E+04
 0.87649994E+02 -0.59700E+03
 0.87699997E+02 -0.18100E+03
 0.87749992E+02  0.92000E+02
 0.87799995E+02  0.29400E+03
 0.87849991E+02  0.63600E+03
 0.87899994E+02  0.10070E+04
 0.87949997E+02  0.13850E+04
 0.87999992E+02  0.15640E+04
 0.88049995E+02  0.17190E+04
 0.88099991E+02  0.20480E+04
 0.88149994E+02  0.22630E+04
 0.88199997E+02  0.24120E+04
 0.88249992E+02  0.26200E+04
 0.88299995E+02  0.28510E+04
 0.88349991E+02  0.30220E+04
 0.88399994E+02  0.31160E+04
 0.88449997E+02  0.31250E+04
 0.88499992E+02  0.32730E+04
 0.88549995E+02  0.36590E+04
 0.88599991E+02  0.40160E+04
 0.88649994E+02  0.41800E+04
 0.88699997E+02  0.41240E+04
 0.88749992E+02  0.42210E+04
 0.88799995E+02  0.45020E+04
 0.88849991E+02  0.46770E+04
 0.88899994E+02  0.47320E+04
 0.88949997E+02  0.46460E+04
 0.88999992E+02  0.45990E+04
 0.89049995E+02  0.46770E+04
 0.89099991E+02  0.48030E+04
 0.89149994E+02  0.48970E+04
 0.89199997E+02  0.50390E+04
 0.89249992E+02  0.52830E+04
 0.89299995E+02  0.54840E+04
 0.89349991E+02  0.55550E+04
 0.89399994E+02  0.55460E+04
 0.89449997E+02  0.56990E+04
 0.89499992E+02  0.59050E+04
 0.89549995E+02  0.59920E+04
 0.89599991E+02  0.61140E+04
 0.89649994E+02  0.62680E+04
 0.89699997E+02  0.64440E+04
 0.89749992E+02  0.67210E+04
 0.89799995E+02  0.69810E+04
 0.89849991E+02  0.71180E+04
 0.89899994E+02  0.72660E+04
 0.89949997E+02  0.75450E+04
 0.89999992E+02  0.78830E+04
 0.90049995E+02  0.81220E+04
 0.90099991E+02  0.82290E+04
 0.90149994E+02  0.83000E+04
 0.90199997E+02  0.84490E+04
 0.90249992E+02  0.86560E+04
 0.90299995E+02  0.87730E+04
 0.90349991E+02  0.87830E+04
 0.90399994E+02  0.88310E+04
 0.90449997E+02  0.87680E+04
 0.90499992E+02  0.87330E+04
 0.90549995E+02  0.88620E+04
 0.90599991E+02  0.88460E+04
 0.90649994E+02  0.88620E+04
 0.90699997E+02  0.89520E+04
 0.90749992E+02  0.90520E+04
 0.90799995E+02  0.91320E+04
 0.90849991E+02  0.92440E+04
 0.90899994E+02  0.94310E+04
 0.90949997E+02  0.94720E+04
 0.90999992E+02  0.94780E+04
 0.91049995E+02  0.96880E+04
 0.91099991E+02  0.10024E+05
 0.91149994E+02  0.10112E+05
 0.91199997E+02  0.10119E+05
 0.91249992E+02  0.10256E+05
 0.91299995E+02  0.10418E+05
 0.91349991E+02  0.10595E+05
 0.91399994E+02  0.10727E+05
 0.91449997E+02  0.10881E+05
 0.91499992E+02  0.11114E+05
 0.91549995E+02  0.11317E+05
 0.91599991E+02  0.11327E+05
 0.91649994E+02  0.11395E+05
 0.91699997E+02  0.11556E+05
 0.91749992E+02  0.11696E+05
 0.91799995E+02  0.11795E+05
 0.91849991E+02  0.11769E+05
 0.91899994E+02  0.11721E+05
 0.91949997E+02  0.11559E+05
 0.91999992E+02  0.11526E+05
 0.92049995E+02  0.11627E+05
 0.92099991E+02  0.11682E+05
 0.92149994E+02  0.11864E+05
 0.92199997E+02  0.12050E+05
 0.92249992E+02  0.12110E+05
 0.92299995E+02  0.12114E+05
 0.92349991E+02  0.12240E+05
 0.92399994E+02  0.12397E+05
 0.92449997E+02  0.12422E+05
 0.92499992E+02  0.12246E+05
 0.92549995E+02  0.12105E+05
 0.92599991E+02  0.12111E+05
 0.92649994E+02  0.12088E+05
 0.92699997E+02  0.12175E+05
 0.92749992E+02  0.12137E+05
 0.92799995E+02  0.12018E+05
 0.92849991E+02  0.12011E+05
 0.92899994E+02  0.11917E+05
 0.92949997E+02  0.11829E+05
 0.92999992E+02  0.11754E+05
 0.93049995E+02  0.11658E+05
 0.93099991E+02  0.11598E+05
 0.93149994E+02  0.11526E+05
 0.93199997E+02  0.11362E+05
 0.93249992E+02  0.11132E+05
 0.93299995E+02  0.10922E+05
 0.93349991E+02  0.10857E+05
 0.93399994E+02  0.10943E+05
 0.93449997E+02  0.11017E+05
 0.93499992E+02  0.11032E+05
 0.93549995E+02  0.10975E+05
 0.93599991E+02  0.10953E+05
 0.93649994E+02  0.11018E+05
 0.93699997E+02  0.11064E+05
 0.93749992E+02  0.11102E+05
 0.93799995E+02  0.11237E+05
 0.93849991E+02  0.11450E+05
 0.93899994E+02  0.11572E+05
 0.93949997E+02  0.11549E+05
 0.93999992E+02  0.11497E+05
 0.94049995E+02  0.11591E+05
 0.94099991E+02  0.11730E+05
 0.94149994E+02  0.11825E+05
 0.94199997E+02  0.11860E+05
 0.94249992E+02  0.11822E+05
 0.94299995E+02  0.12025E+05
 0.94349991E+02  0.12376E+05
 0.94399994E+02  0.12624E+05
 0.94449997E+02  0.12850E+05
 0.94499992E+02  0.13072E+05
 0.94549995E+02  0.13373E+05
 0.94599991E+02  0.13714E+05
 0.94649994E+02  0.13988E+05
 0.94699997E+02  0.14334E+05
 0.94749992E+02  0.14719E+05
 0.94799995E+02  0.14965E+05
 0.94849991E+02  0.15180E+05
 0.94899994E+02  0.15394E+05
 0.94949997E+02  0.15585E+05
 0.94999992E+02  0.15849E+05
 0.95049995E+02  0.16182E+05
 0.95099991E+02  0.16554E+05
 0.95149994E+02  0.16845E+05
 0.95199997E+02  0.17123E+05
 0.95249992E+02  0.17467E+05
 0.95299995E+02  0.17808E+05
 0.95349991E+02  0.18143E+05
 0.95399994E+02  0.18447E+05
 0.95449997E+02  0.18778E+05
 0.95499992E+02  0.19070E+05
 0.95549995E+02  0.19401E+05
 0.95599991E+02  0.19767E+05
 0.95649994E+02  0.20055E+05
 0.95699997E+02  0.20454E+05
 0.95749992E+02  0.20842E+05
 0.95799995E+02  0.21163E+05
 0.95849991E+02  0.21564E+05
 0.95899994E+02  0.21853E+05
 0.95949997E+02  0.22111E+05
 0.95999992E+02  0.22538E+05
 0.96049995E+02  0.22924E+05
 0.96099991E+02  0.23297E+05
 0.96149994E+02  0.23677E+05
 0.96199997E+02  0.23966E+05
 0.96249992E+02  0.24205E+05
 0.96299995E+02  0.24473E+05
 0.96349991E+02  0.24882E+05
 0.96399994E+02  0.25361E+05
 0.96449997E+02  0.25681E+05
 0.96499992E+02  0.25860E+05
 0.96549995E+02  0.26216E+05
 0.96599991E+02  0.26607E+05
 0.96649994E+02  0.26924E+05
 0.96699997E+02  0.27264E+05
 0.96749992E+02  0.27608E+05
 0.96799995E+02  0.27977E+05
 0.96849991E+02  0.28262E+05
 0.96899994E+02  0.28390E+05
 0.96949997E+02  0.28333E+05
 0.96999992E+02  0.28284E+05
 0.97049995E+02  0.28375E+05
 0.97099991E+02  0.28548E+05
 0.97149994E+02  0.28478E+05
 0.97199997E+02  0.28168E+05
 0.97249992E+02  0.28004E+05
 0.97299995E+02  0.27788E+05
 0.97349991E+02  0.27611E+05
 0.97399994E+02  0.27515E+05
 0.97449997E+02  0.27262E+05
 0.97499992E+02  0.26944E+05
 0.97549995E+02  0.26576E+05
 0.97599991E+02  0.26224E+05
 0.97649994E+02  0.25875E+05
 0.97699997E+02  0.25509E+05
 0.97749992E+02  0.25159E+05
 0.97799995E+02  0.24733E+05
 0.97849991E+02  0.24197E+05
 0.97899994E+02  0.23605E+05
 0.97949997E+02  0.23067E+05
 0.97999992E+02  0.22527E+05
 0.98049995E+02  0.21904E+05
 0.98099991E+02  0.21235E+05
 0.98149994E+02  0.20508E+05
 0.98199997E+02  0.19907E+05
 0.98249992E+02  0.19410E+05
 0.98299995E+02  0.18785E+05
 0.98349991E+02  0.18214E+05
 0.98399994E+02  0.17611E+05
 0.98449997E+02  0.16850E+05
 0.98499992E+02  0.16221E+05
 0.98549995E+02  0.15626E+05
 0.98599991E+02  0.14996E+05
 0.98649994E+02  0.14317E+05
 0.98699997E+02  0.13542E+05
 0.98749992E+02  0.12824E+05
 0.98799995E+02  0.12203E+05
 0.98849991E+02  0.11554E+05
 0.98899994E+02  0.10863E+05
 0.98949997E+02  0.10269E+05
 0.98999992E+02  0.96380E+04
 0.99049995E+02  0.89810E+04
 0.99099991E+02  0.82610E+04
 0.99149994E+02  0.74700E+04
 0.99199997E+02  0.68440E+04
 0.99249992E+02  0.63580E+04
 0.99299995E+02  0.58650E+04
 0.99349991E+02  0.51110E+04
 0.99399994E+02  0.42300E+04
 0.99449997E+02  0.34750E+04
 0.99499992E+02  0.30010E+04
 0.99549995E+02  0.26480E+04
 0.99599991E+02  0.21430E+04
 0.99649994E+02  0.16930E+04
 0.99699997E+02  0.12540E+04
 0.99749992E+02  0.86700E+03
 0.99799995E+02  0.42700E+03
 0.99849991E+02 -0.25800E+03
 0.99899994E+02 -0.81400E+03
 0.99949997E+02 -0.11720E+04
 0.99999992E+02 -0.16020E+04
 0.10005000E+03 -0.21140E+04
 0.10009999E+03 -0.25780E+04
 0.10014999E+03 -0.30640E+04
 0.10020000E+03 -0.35400E+04
 0.10024999E+03 -0.38950E+04
 0.10030000E+03 -0.42330E+04
 0.10034999E+03 -0.45940E+04
 0.10039999E+03 -0.49010E+04
 0.10045000E+03 -0.51660E+04
 0.10049999E+03 -0.54200E+04
 0.10055000E+03 -0.57300E+04
 0.10059999E+03 -0.61450E+04
 0.10064999E+03 -0.65480E+04
 0.10070000E+03 -0.69710E+04
 0.10074999E+03 -0.73910E+04
 0.10080000E+03 -0.77600E+04
 0.10084999E+03 -0.82060E+04
 0.10089999E+03 -0.87640E+04
 0.10095000E+03 -0.92760E+04
 0.10099999E+03 -0.96040E+04
 0.10105000E+03 -0.10002E+05
 0.10109999E+03 -0.10389E+05
 0.10114999E+03 -0.10750E+05
 0.10120000E+03 -0.11289E+05
 0.10124999E+03 -0.11691E+05
 0.10130000E+03 -0.12042E+05
 0.10134999E+03 -0.12448E+05
 0.10139999E+03 -0.12851E+05
 0.10145000E+03 -0.13198E+05
 0.10149999E+03 -0.13397E+05
 0.10155000E+03 -0.13593E+05
 0.10159999E+03 -0.13847E+05
 0.10164999E+03 -0.14199E+05
 0.10170000E+03 -0.14566E+05
 0.10174999E+03 -0.14930E+05
 0.10180000E+03 -0.15210E+05
 0.10184999E+03 -0.15391E+05
 0.10189999E+03 -0.15641E+05
 0.10195000E+03 -0.15797E+05
 0.10199999E+03 -0.15800E+05
 0.10205000E+03 -0.15897E+05
 0.10209999E+03 -0.16190E+05
 0.10214999E+03 -0.16552E+05
 0.10220000E+03 -0.16785E+05
 0.10224999E+03 -0.16839E+05
 0.10230000E+03 -0.16952E+05
 0.10234999E+03 -0.17253E+05
 0.10239999E+03 -0.17637E+05
 0.10245000E+03 -0.17812E+05
 0.10249999E+03 -0.17720E+05
 0.10255000E+03 -0.17770E+05
 0.10259999E+03 -0.17981E+05
 0.10264999E+03 -0.18141E+05
 0.10270000E+03 -0.18152E+05
 0.10274999E+03 -0.18103E+05
 0.10280000E+03 -0.18172E+05
 0.10284999E+03 -0.18296E+05
 0.10289999E+03 -0.18508E+05
 0.10295000E+03 -0.18658E+05
 0.10299999E+03 -0.18687E+05
 0.10305000E+03 -0.18813E+05
 0.10309999E+03 -0.19040E+05
 0.10314999E+03 -0.19260E+05
 0.10320000E+03 -0.19359E+05
 0.10324999E+03 -0.19404E+05
 0.10330000E+03 -0.19420E+05
 0.10334999E+03 -0.19457E+05
 0.10339999E+03 -0.19501E+05
 0.10345000E+03 -0.19404E+05
 0.10349999E+03 -0.19334E+05
 0.10355000E+03 -0.19422E+05
 0.10359999E+03 -0.19529E+05
 0.10364999E+03 -0.19548E+05
 0.10370000E+03 -0.19464E+05
 0.10374999E+03 -0.19332E+05
 0.10380000E+03 -0.19269E+05
 0.10384999E+03 -0.19364E+05
 0.10389999E+03 -0.19487E+05
 0.10395000E+03 -0.19405E+05
 0.10399999E+03 -0.19195E+05
 0.10405000E+03 -0.19040E+05
 0.10409999E+03 -0.19051E+05
 0.10414999E+03 -0.19021E+05
 0.10420000E+03 -0.18822E+05
 0.10424999E+03 -0.18792E+05
 0.10430000E+03 -0.18826E+05
 0.10434999E+03 -0.18784E+05
 0.10439999E+03 -0.18736E+05
 0.10445000E+03 -0.18480E+05
 0.10449999E+03 -0.18061E+05
 0.10455000E+03 -0.17802E+05
 0.10459999E+03 -0.17679E+05
 0.10464999E+03 -0.17518E+05
 0.10470000E+03 -0.17241E+05
 0.10474999E+03 -0.16895E+05
 0.10480000E+03 -0.16692E+05
 0.10484999E+03 -0.16549E+05
 0.10489999E+03 -0.16434E+05
 0.10495000E+03 -0.16304E+05
 0.10499999E+03 -0.16067E+05
 0.10505000E+03 -0.15751E+05
 0.10509999E+03 -0.15491E+05
 0.10514999E+03 -0.15331E+05
 0.10520000E+03 -0.14917E+05
 0.10524999E+03 -0.14389E+05
 0.10530000E+03 -0.13955E+05
 0.10534999E+03 -0.13671E+05
 0.10539999E+03 -0.13491E+05
 0.10545000E+03 -0.13060E+05
 0.10549999E+03 -0.12493E+05
 0.10555000E+03 -0.11971E+05
 0.10559999E+03 -0.11496E+05
 0.10564999E+03 -0.11085E+05
 0.10570000E+03 -0.10618E+05
 0.10574999E+03 -0.10069E+05
 0.10580000E+03 -0.95180E+04
 0.10584999E+03 -0.88560E+04
 0.10589999E+03 -0.80790E+04
 0.10595000E+03 -0.73290E+04
 0.10599999E+03 -0.66980E+04
 0.10605000E+03 -0.62410E+04
 0.10609999E+03 -0.57180E+04
 0.10614999E+03 -0.50290E+04
 0.10620000E+03 -0.41980E+04
 0.10624999E+03 -0.33100E+04
 0.10630000E+03 -0.25400E+04
 0.10634999E+03 -0.17530E+04
 0.10639999E+03 -0.10120E+04
 0.10645000E+03 -0.30600E+03
 0.10649999E+03  0.49400E+03
 0.10655000E+03  0.13670E+04
 0.10659999E+03  0.22250E+04
 0.10664999E+03  0.28920E+04
 0.10670000E+03  0.35900E+04
 0.10674999E+03  0.43230E+04
 0.10680000E+03  0.51020E+04
 0.10684999E+03  0.59920E+04
 0.10689999E+03  0.67610E+04
 0.10695000E+03  0.75120E+04
 0.10699999E+03  0.82890E+04
 0.10705000E+03  0.90590E+04
 0.10709999E+03  0.97590E+04
 0.10714999E+03  0.10381E+05
 0.10720000E+03  0.11066E+05
 0.10724999E+03  0.11794E+05
 0.10730000E+03  0.12434E+05
 0.10734999E+03  0.13071E+05
 0.10739999E+03  0.13724E+05
 0.10745000E+03  0.14148E+05
 0.10749999E+03  0.14482E+05
 0.10755000E+03  0.14913E+05
 0.10759999E+03  0.15436E+05
 0.10764999E+03  0.15893E+05
 0.10770000E+03  0.16171E+05
 0.10774999E+03  0.16349E+05
 0.10780000E+03  0.16512E+05
 0.10784999E+03  0.16785E+05
 0.10789999E+03  0.17029E+05
 0.10795000E+03  0.17188E+05
 0.10799999E+03  0.17229E+05
 0.10805000E+03  0.17258E+05
 0.10809999E+03  0.17342E+05
 0.10814999E+03  0.17133E+05
 0.10820000E+03  0.16812E+05
 0.10824999E+03  0.16489E+05
 0.10830000E+03  0.16249E+05
 0.10834999E+03  0.16182E+05
 0.10839999E+03  0.15965E+05
 0.10845000E+03  0.15557E+05
 0.10849999E+03  0.15005E+05
 0.10855000E+03  0.14612E+05
 0.10859999E+03  0.14336E+05
 0.10864999E+03  0.13964E+05
 0.10870000E+03  0.13638E+05
 0.10874999E+03  0.13167E+05
 0.10880000E+03  0.12618E+05
 0.10884999E+03  0.12100E+05
 0.10889999E+03  0.11569E+05
 0.10895000E+03  0.11172E+05
 0.10899999E+03  0.10788E+05
 0.10905000E+03  0.10341E+05
 0.10909999E+03  0.98550E+04
 0.10914999E+03  0.93000E+04
 0.10920000E+03  0.86750E+04
 0.10924999E+03  0.80000E+04
 0.10930000E+03  0.75210E+04
 0.10934999E+03  0.71670E+04
 0.10939999E+03  0.66910E+04
 0.10945000E+03  0.60850E+04
 0.10949999E+03  0.53920E+04
 0.10955000E+03  0.46970E+04
 0.10959999E+03  0.41600E+04
 0.10964999E+03  0.36730E+04
 0.10970000E+03  0.30830E+04
 0.10974999E+03  0.25530E+04
 0.10980000E+03  0.19390E+04
 0.10984999E+03  0.12390E+04
 0.10989999E+03  0.51100E+03
 0.10995000E+03 -0.34400E+03
 0.10999999E+03 -0.10830E+04
 0.11005000E+03 -0.16160E+04
 0.11009999E+03 -0.21530E+04
 0.11014999E+03 -0.26990E+04
 0.11020000E+03 -0.33000E+04
 0.11024999E+03 -0.41780E+04
 0.11030000E+03 -0.50060E+04
 0.11034999E+03 -0.55870E+04
 0.11039999E+03 -0.60520E+04
 0.11045000E+03 -0.64630E+04
 0.11049999E+03 -0.69270E+04
 0.11055000E+03 -0.74940E+04
 0.11059999E+03 -0.81620E+04
 0.11064999E+03 -0.87990E+04
 0.11070000E+03 -0.93960E+04
 0.11074999E+03 -0.98170E+04
 0.11080000E+03 -0.10181E+05
 0.11084999E+03 -0.10574E+05
 0.11089999E+03 -0.10890E+05
 0.11095000E+03 -0.11377E+05
 0.11099999E+03 -0.11870E+05
 0.11105000E+03 -0.12186E+05
 0.11109999E+03 -0.12346E+05
 0.11114999E+03 -0.12472E+05
 0.11120000E+03 -0.12776E+05
 0.11124999E+03 -0.13197E+05
 0.11130000E+03 -0.13583E+05
 0.11134999E+03 -0.13829E+05
 0.11139999E+03 -0.13960E+05
 0.11145000E+03 -0.14024E+05
 0.11149999E+03 -0.14099E+05
 0.11155000E+03 -0.14198E+05
 0.11159999E+03 -0.14162E+05
 0.11164999E+03 -0.14131E+05
 0.11170000E+03 -0.14232E+05
 0.11174999E+03 -0.14303E+05
 0.11180000E+03 -0.14341E+05
 0.11184999E+03 -0.14253E+05
 0.11189999E+03 -0.14187E+05
 0.11195000E+03 -0.14242E+05
 0.11199999E+03 -0.14309E+05
 0.11205000E+03 -0.14405E+05
 0.11209999E+03 -0.14291E+05
 0.11214999E+03 -0.14135E+05
 0.11220000E+03 -0.14047E+05
 0.11224999E+03 -0.13889E+05
 0.11230000E+03 -0.13732E+05
 0.11234999E+03 -0.13561E+05
 0.11239999E+03 -0.13468E+05
 0.11244999E+03 -0.13315E+05
 0.11249999E+03 -0.13046E+05
 0.11255000E+03 -0.12755E+05
 0.11259999E+03 -0.12345E+05
 0.11264999E+03 -0.11923E+05
 0.11269999E+03 -0.11595E+05
 0.11274999E+03 -0.11427E+05
 0.11280000E+03 -0.11230E+05
 0.11284999E+03 -0.10837E+05
 0.11289999E+03 -0.10481E+05
 0.11294999E+03 -0.10117E+05
 0.11299999E+03 -0.98080E+04
 0.11305000E+03 -0.95920E+04
 0.11309999E+03 -0.92550E+04
 0.11314999E+03 -0.88840E+04
 0.11319999E+03 -0.85050E+04
 0.11324999E+03 -0.81530E+04
 0.11330000E+03 -0.77330E+04
 0.11334999E+03 -0.72270E+04
 0.11339999E+03 -0.68130E+04
 0.11344999E+03 -0.65110E+04
 0.11349999E+03 -0.62910E+04
 0.11355000E+03 -0.59570E+04
 0.11359999E+03 -0.55210E+04
 0.11364999E+03 -0.50900E+04
 0.11369999E+03 -0.47410E+04
 0.11374999E+03 -0.44730E+04
 0.11380000E+03 -0.41330E+04
 0.11384999E+03 -0.37460E+04
 0.11389999E+03 -0.34190E+04
 0.11394999E+03 -0.30630E+04
 0.11399999E+03 -0.27280E+04
 0.11405000E+03 -0.25320E+04
 0.11409999E+03 -0.21970E+04
 0.11414999E+03 -0.16960E+04
 0.11419999E+03 -0.11460E+04
 0.11424999E+03 -0.84800E+03
 0.11430000E+03 -0.65900E+03
 0.11434999E+03 -0.15700E+03
 0.11439999E+03  0.49600E+03
 0.11444999E+03  0.10960E+04
 0.11449999E+03  0.14420E+04
 0.11455000E+03  0.17170E+04
 0.11459999E+03  0.20250E+04
 0.11464999E+03  0.25560E+04
 0.11469999E+03  0.32460E+04
 0.11474999E+03  0.38100E+04
 0.11480000E+03  0.42610E+04
 0.11484999E+03  0.47340E+04
 0.11489999E+03  0.53310E+04
 0.11494999E+03  0.57490E+04
 0.11499999E+03  0.60700E+04
 0.11505000E+03  0.65230E+04
 0.11509999E+03  0.72470E+04
 0.11514999E+03  0.79510E+04
 0.11519999E+03  0.85420E+04
 0.11524999E+03  0.90940E+04
 0.11530000E+03  0.93620E+04
 0.11534999E+03  0.96760E+04
 0.11539999E+03  0.10146E+05
 0.11544999E+03  0.10798E+05
 0.11549999E+03  0.11525E+05
 0.11555000E+03  0.12086E+05
 0.11559999E+03  0.12598E+05
 0.11564999E+03  0.13012E+05
 0.11569999E+03  0.13405E+05
 0.11574999E+03  0.13796E+05
 0.11580000E+03  0.14101E+05
 0.11584999E+03  0.14582E+05
 0.11589999E+03  0.15098E+05
 0.11594999E+03  0.15449E+05
 0.11599999E+03  0.15865E+05
 0.11605000E+03  0.16200E+05
 0.11609999E+03  0.16335E+05
 0.11614999E+03  0.16435E+05
 0.11619999E+03  0.16626E+05
 0.11624999E+03  0.16971E+05
 0.11630000E+03  0.17371E+05
 0.11634999E+03  0.17652E+05
 0.11639999E+03  0.17698E+05
 0.11644999E+03  0.17687E+05
 0.11649999E+03  0.17830E+05
 0.11655000E+03  0.18002E+05
 0.11659999E+03  0.18143E+05
 0.11664999E+03  0.18278E+05
 0.11669999E+03  0.18318E+05
 0.11674999E+03  0.18362E+05
 0.11680000E+03  0.18337E+05
 0.11684999E+03  0.18169E+05
 0.11689999E+03  0.18135E+05
 0.11694999E+03  0.18162E+05
 0.11699999E+03  0.18173E+05
 0.11705000E+03  0.18190E+05
 0.11709999E+03  0.18094E+05
 0.11714999E+03  0.17904E+05
 0.11719999E+03  0.17705E+05
 0.11724999E+03  0.17644E+05
 0.11730000E+03  0.17696E+05
 0.11734999E+03  0.17616E+05
 0.11739999E+03  0.17380E+05
 0.11744999E+03  0.17215E+05
 0.11749999E+03  0.17102E+05
 0.11755000E+03  0.16929E+05
 0.11759999E+03  0.16714E+05
 0.11764999E+03  0.16567E+05
 0.11769999E+03  0.16598E+05
 0.11774999E+03  0.16504E+05
 0.11780000E+03  0.16250E+05
 0.11784999E+03  0.15891E+05
 0.11789999E+03  0.15424E+05
 0.11794999E+03  0.15082E+05
 0.11799999E+03  0.14765E+05
 0.11805000E+03  0.14425E+05
 0.11809999E+03  0.13915E+05
 0.11814999E+03  0.13360E+05
 0.11819999E+03  0.12954E+05
 0.11824999E+03  0.12391E+05
 0.11830000E+03  0.11808E+05
 0.11834999E+03  0.11302E+05
 0.11839999E+03  0.10811E+05
 0.11844999E+03  0.10329E+05
 0.11849999E+03  0.98700E+04
 0.11855000E+03  0.94110E+04
 0.11859999E+03  0.88210E+04
 0.11864999E+03  0.82130E+04
 0.11869999E+03  0.75740E+04
 0.11874999E+03  0.69270E+04
 0.11880000E+03  0.64530E+04
 0.11884999E+03  0.61300E+04
 0.11889999E+03  0.55170E+04
 0.11894999E+03  0.46450E+04
 0.11899999E+03  0.38470E+04
 0.11905000E+03  0.31160E+04
 0.11909999E+03  0.26020E+04
 0.11914999E+03  0.21550E+04
 0.11919999E+03  0.17210E+04
 0.11924999E+03  0.11110E+04
 0.11930000E+03  0.35200E+03
 0.11934999E+03 -0.25600E+03
 0.11939999E+03 -0.92400E+03
 0.11944999E+03 -0.15970E+04
 0.11949999E+03 -0.21480E+04
 0.11955000E+03 -0.25760E+04
 0.11959999E+03 -0.29830E+04
 0.11964999E+03 -0.34780E+04
 0.11969999E+03 -0.41620E+04
 0.11974999E+03 -0.47820E+04
 0.11980000E+03 -0.52770E+04
 0.11984999E+03 -0.58420E+04
 0.11989999E+03 -0.63450E+04
 0.11994999E+03 -0.68780E+04
 0.11999999E+03 -0.73140E+04
 0.12005000E+03 -0.76740E+04
 0.12009999E+03 -0.80000E+04
 0.12014999E+03 -0.83070E+04
 0.12019999E+03 -0.87890E+04
 0.12024999E+03 -0.93310E+04
 0.12030000E+03 -0.97170E+04
 0.12034999E+03 -0.10010E+05
 0.12039999E+03 -0.10312E+05
 0.12044999E+03 -0.10576E+05
 0.12049999E+03 -0.11023E+05
 0.12055000E+03 -0.11382E+05
 0.12059999E+03 -0.11482E+05
 0.12064999E+03 -0.11647E+05
 0.12069999E+03 -0.11901E+05
 0.12074999E+03 -0.12134E+05
 0.12080000E+03 -0.12364E+05
 0.12084999E+03 -0.12531E+05
 0.12089999E+03 -0.12518E+05
 0.12094999E+03 -0.12554E+05
 0.12099999E+03 -0.12654E+05
 0.12105000E+03 -0.12844E+05
 0.12109999E+03 -0.13050E+05
 0.12114999E+03 -0.13118E+05
 0.12119999E+03 -0.13175E+05
 0.12124999E+03 -0.13214E+05
 0.12130000E+03 -0.13245E+05
 0.12134999E+03 -0.13246E+05
 0.12139999E+03 -0.13183E+05
 0.12144999E+03 -0.13005E+05
 0.12149999E+03 -0.12843E+05
 0.12155000E+03 -0.12721E+05
 0.12159999E+03 -0.12511E+05
 0.12164999E+03 -0.12398E+05
 0.12169999E+03 -0.12272E+05
 0.12174999E+03 -0.12049E+05
 0.12180000E+03 -0.12012E+05
 0.12184999E+03 -0.12179E+05
 0.12189999E+03 -0.12362E+05
 0.12194999E+03 -0.12351E+05
 0.12199999E+03 -0.12214E+05
 0.12205000E+03 -0.12265E+05
 0.12209999E+03 -0.12508E+05
 0.12214999E+03 -0.12887E+05
 0.12219999E+03 -0.13165E+05
 0.12224999E+03 -0.13388E+05
 0.12230000E+03 -0.13836E+05
 0.12234999E+03 -0.14310E+05
 0.12239999E+03 -0.14883E+05
 0.12244999E+03 -0.15481E+05
 0.12249999E+03 -0.16070E+05
 0.12255000E+03 -0.16831E+05
 0.12259999E+03 -0.17639E+05
 0.12264999E+03 -0.18490E+05
 0.12269999E+03 -0.19373E+05
 0.12274999E+03 -0.20357E+05
 0.12280000E+03 -0.21325E+05
 0.12284999E+03 -0.22297E+05
 0.12289999E+03 -0.23525E+05
 0.12294999E+03 -0.24760E+05
 0.12299999E+03 -0.25975E+05
 0.12305000E+03 -0.27303E+05
 0.12309999E+03 -0.28695E+05
 0.12314999E+03 -0.30345E+05
 0.12319999E+03 -0.32097E+05
 0.12324999E+03 -0.33809E+05
 0.12330000E+03 -0.35585E+05
 0.12334999E+03 -0.37296E+05
 0.12339999E+03 -0.39169E+05
 0.12344999E+03 -0.41135E+05
 0.12349999E+03 -0.42989E+05
 0.12355000E+03 -0.44851E+05
 0.12359999E+03 -0.46697E+05
 0.12364999E+03 -0.48527E+05
 0.12369999E+03 -0.50411E+05
 0.12374999E+03 -0.52602E+05
 0.12380000E+03 -0.54916E+05
 0.12384999E+03 -0.57257E+05
 0.12389999E+03 -0.59945E+05
 0.12394999E+03 -0.62976E+05
 0.12399999E+03 -0.66248E+05
 0.12405000E+03 -0.69645E+05
 0.12409999E+03 -0.73209E+05
 0.12414999E+03 -0.77032E+05
 0.12419999E+03 -0.81237E+05
 0.12424999E+03 -0.85742E+05
 0.12430000E+03 -0.90148E+05
 0.12434999E+03 -0.94506E+05
 0.12439999E+03 -0.98838E+05
 0.12444999E+03 -0.10293E+06
 0.12449999E+03 -0.10660E+06
 0.12455000E+03 -0.10939E+06
 0.12459999E+03 -0.11091E+06
 0.12464999E+03 -0.11107E+06
 0.12469999E+03 -0.10975E+06
 0.12474999E+03 -0.10676E+06
 0.12480000E+03 -0.10182E+06
 0.12484999E+03 -0.94554E+05
 0.12489999E+03 -0.85189E+05
 0.12494999E+03 -0.74469E+05
 0.12499999E+03 -0.62893E+05
 0.12504999E+03 -0.51103E+05
 0.12509999E+03 -0.39200E+05
 0.12514999E+03 -0.27328E+05
 0.12520000E+03 -0.16472E+05
 0.12524998E+03 -0.73020E+04
 0.12529999E+03 -0.85900E+03
 0.12534999E+03  0.17440E+04
 0.12539999E+03 -0.63000E+02
 0.12545000E+03 -0.67570E+04
 0.12549998E+03 -0.18438E+05
 0.12554999E+03 -0.34885E+05
 0.12559999E+03 -0.55421E+05
 0.12564999E+03 -0.78930E+05
 0.12570000E+03 -0.10459E+06
 0.12574998E+03 -0.13204E+06
 0.12579999E+03 -0.16085E+06
 0.12584999E+03 -0.19065E+06
 0.12589999E+03 -0.22046E+06
 0.12595000E+03 -0.24882E+06
 0.12599998E+03 -0.27445E+06
 0.12604999E+03 -0.29579E+06
 0.12609999E+03 -0.31133E+06
 0.12614999E+03 -0.32021E+06
 0.12620000E+03 -0.32241E+06
 0.12624998E+03 -0.31828E+06
 0.12629999E+03 -0.30832E+06
 0.12634999E+03 -0.29338E+06
 0.12639999E+03 -0.27460E+06
 0.12645000E+03 -0.25365E+06
 0.12649998E+03 -0.23243E+06
 0.12654999E+03 -0.21251E+06
 0.12659999E+03 -0.19510E+06
 0.12664999E+03 -0.18132E+06
 0.12670000E+03 -0.17204E+06
 0.12674998E+03 -0.16753E+06
 0.12679999E+03 -0.16830E+06
 0.12684999E+03 -0.17536E+06
 0.12689999E+03 -0.18910E+06
 0.12695000E+03 -0.20918E+06
 0.12699998E+03 -0.23422E+06
 0.12704999E+03 -0.26183E+06
 0.12709999E+03 -0.29002E+06
 0.12714999E+03 -0.31766E+06
 0.12720000E+03 -0.34399E+06
 0.12724998E+03 -0.36850E+06
 0.12729999E+03 -0.39096E+06
 0.12734999E+03 -0.41042E+06
 0.12739999E+03 -0.42527E+06
 0.12745000E+03 -0.43424E+06
 0.12749998E+03 -0.43724E+06
 0.12754999E+03 -0.43550E+06
 0.12759999E+03 -0.43128E+06
 0.12764999E+03 -0.42747E+06
 0.12770000E+03 -0.42646E+06
 0.12774998E+03 -0.42992E+06
 0.12779999E+03 -0.43849E+06
 0.12784999E+03 -0.45144E+06
 0.12789999E+03 -0.46738E+06
 0.12795000E+03 -0.48469E+06
 0.12799998E+03 -0.50154E+06
 0.12804999E+03 -0.51523E+06
 0.12809999E+03 -0.52245E+06
 0.12814999E+03 -0.52078E+06
 0.12820000E+03 -0.50862E+06
 0.12824998E+03 -0.48482E+06
 0.12829999E+03 -0.44913E+06
 0.12834999E+03 -0.40264E+06
 0.12839999E+03 -0.34777E+06
 0.12845000E+03 -0.28718E+06
 0.12849998E+03 -0.22238E+06
 0.12854999E+03 -0.15381E+06
 0.12859999E+03 -0.82087E+05
 0.12864999E+03 -0.83070E+04
 0.12870000E+03  0.66079E+05
 0.12874998E+03  0.13864E+06
 0.12879999E+03  0.20641E+06
 0.12884999E+03  0.26523E+06
 0.12889999E+03  0.31084E+06
 0.12895000E+03  0.33932E+06
 0.12899998E+03  0.34727E+06
 0.12904999E+03  0.33360E+06
 0.12909999E+03  0.29747E+06
 0.12914999E+03  0.23869E+06
 0.12920000E+03  0.16043E+06
 0.12924998E+03  0.69944E+05
 0.12929999E+03 -0.23151E+05
 0.12934999E+03 -0.11057E+06
 0.12939999E+03 -0.18685E+06
 0.12945000E+03 -0.24824E+06
 0.12949998E+03 -0.29245E+06
 0.12954999E+03 -0.31829E+06
 0.12959999E+03 -0.32361E+06
 0.12964999E+03 -0.30549E+06
 0.12970000E+03 -0.26262E+06
 0.12974998E+03 -0.19777E+06
 0.12979999E+03 -0.11789E+06
 0.12984999E+03 -0.31105E+05
 0.12989999E+03  0.56564E+05
 0.12995000E+03  0.14235E+06
 0.12999998E+03  0.22561E+06
 0.13004999E+03  0.30609E+06
 0.13009999E+03  0.38340E+06
 0.13014999E+03  0.45810E+06
 0.13020000E+03  0.53192E+06
 0.13024998E+03  0.60544E+06
 0.13029999E+03  0.67500E+06
 0.13034999E+03  0.73272E+06
 0.13039999E+03  0.77033E+06
 0.13045000E+03  0.78305E+06
 0.13049998E+03  0.77052E+06
 0.13054999E+03  0.73448E+06
 0.13059999E+03  0.67656E+06
 0.13064999E+03  0.59854E+06
 0.13070000E+03  0.50346E+06
 0.13074998E+03  0.39700E+06
 0.13079999E+03  0.28763E+06
 0.13084999E+03  0.18498E+06
 0.13089999E+03  0.96690E+05
 0.13095000E+03  0.26435E+05
 0.13099998E+03 -0.23953E+05
 0.13104999E+03 -0.52202E+05
 0.13109999E+03 -0.56980E+05
 0.13114999E+03 -0.39575E+05
 0.13120000E+03 -0.37780E+04
 0.13124998E+03  0.43548E+05
 0.13129999E+03  0.92491E+05
 0.13134999E+03  0.13424E+06
 0.13139999E+03  0.16627E+06
 0.13145000E+03  0.19244E+06
 0.13149998E+03  0.21919E+06
 0.13154999E+03  0.25224E+06
 0.13159999E+03  0.29426E+06
 0.13164999E+03  0.34364E+06
 0.13170000E+03  0.39549E+06
 0.13174998E+03  0.44361E+06
 0.13179999E+03  0.48262E+06
 0.13184999E+03  0.50943E+06
 0.13189999E+03  0.52368E+06
 0.13195000E+03  0.52790E+06
 0.13199998E+03  0.52520E+06
 0.13204999E+03  0.51599E+06
 0.13209999E+03  0.49838E+06
 0.13214999E+03  0.47210E+06
 0.13220000E+03  0.44018E+06
 0.13224998E+03  0.40658E+06
 0.13229999E+03  0.37433E+06
 0.13234999E+03  0.34598E+06
 0.13239999E+03  0.32398E+06
 0.13245000E+03  0.30924E+06
 0.13249998E+03  0.30013E+06
 0.13254999E+03  0.29518E+06
 0.13259999E+03  0.29570E+06
 0.13264999E+03  0.30363E+06
 0.13270000E+03  0.31765E+06
 0.13274998E+03  0.33247E+06
 0.13279999E+03  0.34164E+06
 0.13284999E+03  0.33982E+06
 0.13289999E+03  0.32439E+06
 0.13295000E+03  0.29786E+06
 0.13299998E+03  0.26724E+06
 0.13304999E+03  0.23916E+06
 0.13309999E+03  0.21607E+06
 0.13314999E+03  0.19800E+06
 0.13320000E+03  0.18648E+06
 0.13324998E+03  0.18467E+06
 0.13329999E+03  0.19447E+06
 0.13334999E+03  0.21526E+06
 0.13339999E+03  0.24490E+06
 0.13345000E+03  0.28025E+06
 0.13349998E+03  0.31726E+06
 0.13354999E+03  0.35157E+06
 0.13359999E+03  0.37981E+06
 0.13364999E+03  0.40096E+06
 0.13370000E+03  0.41708E+06
 0.13374998E+03  0.43245E+06
 0.13379999E+03  0.45088E+06
 0.13384999E+03  0.47292E+06
 0.13389999E+03  0.49447E+06
 0.13395000E+03  0.50892E+06
 0.13399998E+03  0.51114E+06
 0.13404999E+03  0.49885E+06
 0.13409999E+03  0.47357E+06
 0.13414999E+03  0.44106E+06
 0.13420000E+03  0.40820E+06
 0.13424998E+03  0.37913E+06
 0.13429999E+03  0.35314E+06
 0.13434999E+03  0.32507E+06
 0.13439999E+03  0.28861E+06
 0.13445000E+03  0.23964E+06
 0.13449998E+03  0.17834E+06
 0.13454999E+03  0.10854E+06
 0.13459999E+03  0.35159E+05
 0.13464999E+03 -0.37222E+05
 0.13470000E+03 -0.10307E+06
 0.13474998E+03 -0.15418E+06
 0.13479999E+03 -0.18260E+06
 0.13484999E+03 -0.18540E+06
 0.13489999E+03 -0.16787E+06
 0.13495000E+03 -0.14107E+06
 0.13499998E+03 -0.11436E+06
 0.13504999E+03 -0.90927E+05
 0.13509999E+03 -0.67852E+05
 0.13514999E+03 -0.40695E+05
 0.13520000E+03 -0.83210E+04
 0.13524998E+03  0.26600E+05
 0.13529999E+03  0.59233E+05
 0.13534999E+03  0.85110E+05
 0.13539999E+03  0.10078E+06
 0.13545000E+03  0.10226E+06
 0.13549998E+03  0.86653E+05
 0.13554999E+03  0.55596E+05
 0.13559999E+03  0.16435E+05
 0.13564999E+03 -0.21198E+05
 0.13570000E+03 -0.51827E+05
 0.13574998E+03 -0.76171E+05
 0.13579999E+03 -0.98769E+05
 0.13584999E+03 -0.12550E+06
 0.13589999E+03 -0.16196E+06
 0.13595000E+03 -0.21136E+06
 0.13599998E+03 -0.27238E+06
 0.13604999E+03 -0.33943E+06
 0.13609999E+03 -0.40545E+06
 0.13614999E+03 -0.46377E+06
 0.13620000E+03 -0.50767E+06
 0.13624998E+03 -0.53051E+06
 0.13629999E+03 -0.52813E+06
 0.13634999E+03 -0.50140E+06
 0.13639999E+03 -0.45610E+06
 0.13645000E+03 -0.39968E+06
 0.13649998E+03 -0.33860E+06
 0.13654999E+03 -0.27760E+06
 0.13659999E+03 -0.21967E+06
 0.13664999E+03 -0.16634E+06
 0.13670000E+03 -0.11793E+06
 0.13674998E+03 -0.76074E+05
 0.13679999E+03 -0.45955E+05
 0.13684999E+03 -0.34562E+05
 0.13689999E+03 -0.47527E+05
 0.13695000E+03 -0.86356E+05
 0.13699998E+03 -0.14609E+06
 0.13704999E+03 -0.21637E+06
 0.13709999E+03 -0.28711E+06
 0.13714999E+03 -0.35256E+06
 0.13720000E+03 -0.41175E+06
 0.13724998E+03 -0.46640E+06
 0.13729999E+03 -0.51796E+06
 0.13734999E+03 -0.56551E+06
 0.13739999E+03 -0.60609E+06
 0.13745000E+03 -0.63720E+06
 0.13749998E+03 -0.65726E+06
 0.13754999E+03 -0.66385E+06
 0.13759999E+03 -0.65341E+06
 0.13764999E+03 -0.62392E+06
 0.13770000E+03 -0.57679E+06
 0.13774998E+03 -0.51580E+06
 0.13779999E+03 -0.44491E+06
 0.13784999E+03 -0.36708E+06
 0.13789999E+03 -0.28414E+06
 0.13795000E+03 -0.19770E+06
 0.13799998E+03 -0.11116E+06
 0.13804999E+03 -0.29716E+05
 0.13809999E+03  0.40406E+05
 0.13814999E+03  0.93242E+05
 0.13820000E+03  0.12464E+06
 0.13824998E+03  0.13335E+06
 0.13829999E+03  0.12317E+06
 0.13834999E+03  0.10139E+06
 0.13839999E+03  0.73780E+05
 0.13845000E+03  0.42903E+05
 0.13849998E+03  0.92700E+04
 0.13854999E+03 -0.26657E+05
 0.13859999E+03 -0.63280E+05
 0.13864999E+03 -0.98420E+05
 0.13870000E+03 -0.13080E+06
 0.13874998E+03 -0.16002E+06
 0.13879999E+03 -0.18553E+06
 0.13884999E+03 -0.20660E+06
 0.13889999E+03 -0.22268E+06
 0.13895000E+03 -0.23490E+06
 0.13899998E+03 -0.24541E+06
 0.13904999E+03 -0.25468E+06
 0.13909999E+03 -0.26029E+06
 0.13914999E+03 -0.25799E+06
 0.13920000E+03 -0.24435E+06
 0.13924998E+03 -0.21983E+06
 0.13929999E+03 -0.18801E+06
 0.13934999E+03 -0.15143E+06
 0.13939999E+03 -0.11067E+06
 0.13945000E+03 -0.67993E+05
 0.13949998E+03 -0.29392E+05
 0.13954999E+03 -0.10420E+04
 0.13959999E+03  0.15485E+05
 0.13964999E+03  0.23651E+05
 0.13970000E+03  0.29360E+05
 0.13974998E+03  0.38863E+05
 0.13979999E+03  0.55524E+05
 0.13984999E+03  0.78001E+05
 0.13989999E+03  0.10230E+06
 0.13995000E+03  0.12384E+06
 0.13999998E+03  0.13920E+06
 0.14004999E+03  0.14750E+06
 0.14009999E+03  0.15046E+06
 0.14014999E+03  0.15051E+06
 0.14020000E+03  0.14854E+06
 0.14024998E+03  0.14315E+06
 0.14029999E+03  0.13109E+06
 0.14034999E+03  0.11001E+06
 0.14039999E+03  0.81022E+05
 0.14045000E+03  0.47337E+05
 0.14049998E+03  0.10637E+05
 0.14054999E+03 -0.29529E+05
 0.14059999E+03 -0.73643E+05
 0.14064999E+03 -0.12037E+06
 0.14070000E+03 -0.16637E+06
 0.14074998E+03 -0.20740E+06
 0.14079999E+03 -0.24097E+06
 0.14084999E+03 -0.26680E+06
 0.14089999E+03 -0.28542E+06
 0.14095000E+03 -0.29814E+06
 0.14099998E+03 -0.30777E+06
 0.14104999E+03 -0.31901E+06
 0.14109999E+03 -0.33462E+06
 0.14114999E+03 -0.35205E+06
 0.14120000E+03 -0.36448E+06
 0.14124998E+03 -0.36534E+06
 0.14129999E+03 -0.35248E+06
 0.14134999E+03 -0.32898E+06
 0.14139999E+03 -0.30016E+06
 0.14145000E+03 -0.26998E+06
 0.14149998E+03 -0.24113E+06
 0.14154999E+03 -0.21566E+06
 0.14159999E+03 -0.19420E+06
 0.14164999E+03 -0.17639E+06
 0.14170000E+03 -0.16178E+06
 0.14174998E+03 -0.15017E+06
 0.14179999E+03 -0.14214E+06
 0.14184999E+03 -0.13792E+06
 0.14189999E+03 -0.13592E+06
 0.14195000E+03 -0.13276E+06
 0.14199998E+03 -0.12435E+06
 0.14204999E+03 -0.10876E+06
 0.14209999E+03 -0.87539E+05
 0.14214999E+03 -0.63775E+05
 0.14220000E+03 -0.40576E+05
 0.14224998E+03 -0.21554E+05
 0.14229999E+03 -0.84910E+04
 0.14234999E+03  0.73200E+03
 0.14239999E+03  0.99350E+04
 0.14245000E+03  0.21679E+05
 0.14249998E+03  0.36075E+05
 0.14254999E+03  0.51403E+05
 0.14259999E+03  0.64090E+05
 0.14264999E+03  0.71802E+05
 0.14270000E+03  0.77065E+05
 0.14274998E+03  0.86047E+05
 0.14279999E+03  0.10393E+06
 0.14284999E+03  0.13026E+06
 0.14289999E+03  0.15856E+06
 0.14295000E+03  0.18031E+06
 0.14299998E+03  0.19080E+06
 0.14304999E+03  0.19121E+06
 0.14309999E+03  0.18579E+06
 0.14314999E+03  0.17915E+06
 0.14320000E+03  0.17619E+06
 0.14324998E+03  0.18157E+06
 0.14329999E+03  0.19783E+06
 0.14334999E+03  0.22433E+06
 0.14339999E+03  0.25940E+06
 0.14345000E+03  0.30099E+06
 0.14349998E+03  0.34502E+06
 0.14354999E+03  0.38544E+06
 0.14359999E+03  0.41542E+06
 0.14364999E+03  0.43068E+06
 0.14370000E+03  0.43084E+06
 0.14374998E+03  0.41790E+06
 0.14379999E+03  0.39424E+06
 0.14384999E+03  0.36419E+06
 0.14389999E+03  0.33618E+06
 0.14395000E+03  0.31968E+06
 0.14399998E+03  0.32017E+06
 0.14404999E+03  0.33625E+06
 0.14409999E+03  0.36198E+06
 0.14414999E+03  0.38999E+06
 0.14420000E+03  0.41447E+06
 0.14424998E+03  0.43300E+06
 0.14429999E+03  0.44414E+06
 0.14434999E+03  0.44500E+06
 0.14439999E+03  0.43193E+06
 0.14445000E+03  0.40440E+06
 0.14449998E+03  0.36651E+06
 0.14454999E+03  0.32451E+06
 0.14459999E+03  0.28477E+06
 0.14464999E+03  0.25212E+06
 0.14470000E+03  0.22756E+06
 0.14474998E+03  0.20872E+06
 0.14479999E+03  0.19133E+06
 0.14484999E+03  0.17183E+06
 0.14489999E+03  0.14923E+06
 0.14495000E+03  0.12357E+06
 0.14499998E+03  0.95292E+05
 0.14504999E+03  0.65348E+05
 0.14509999E+03  0.34894E+05
 0.14514999E+03  0.34930E+04
 0.14520000E+03 -0.30993E+05
 0.14524998E+03 -0.68317E+05
 0.14529999E+03 -0.10485E+06
 0.14534999E+03 -0.13610E+06
 0.14539999E+03 -0.15715E+06
 0.14545000E+03 -0.16265E+06
 0.14549998E+03 -0.15024E+06
 0.14554999E+03 -0.12348E+06
 0.14559999E+03 -0.90959E+05
 0.14564999E+03 -0.61419E+05
 0.14570000E+03 -0.40282E+05
 0.14574998E+03 -0.28913E+05
 0.14579999E+03 -0.25371E+05
 0.14584999E+03 -0.26986E+05
 0.14589999E+03 -0.31364E+05
 0.14595000E+03 -0.37524E+05
 0.14599998E+03 -0.46654E+05
 0.14604999E+03 -0.58717E+05
 0.14609999E+03 -0.69771E+05
 0.14614999E+03 -0.75365E+05
 0.14620000E+03 -0.75386E+05
 0.14624998E+03 -0.72518E+05
 0.14629999E+03 -0.67661E+05
 0.14634999E+03 -0.59484E+05
 0.14639999E+03 -0.47094E+05
 0.14645000E+03 -0.30462E+05
 0.14649998E+03 -0.86960E+04
 0.14654999E+03  0.20034E+05
 0.14659999E+03  0.57665E+05
 0.14664999E+03  0.10384E+06
 0.14670000E+03  0.15329E+06
 0.14674998E+03  0.19680E+06
 0.14679999E+03  0.22602E+06
 0.14684999E+03  0.23890E+06
 0.14689999E+03  0.23905E+06
 0.14695000E+03  0.23084E+06
 0.14699998E+03  0.21535E+06
 0.14704999E+03  0.19145E+06
 0.14709999E+03  0.16024E+06
 0.14714999E+03  0.12634E+06
 0.14720000E+03  0.96057E+05
 0.14724998E+03  0.74830E+05
 0.14729999E+03  0.66139E+05
 0.14734999E+03  0.71042E+05
 0.14739999E+03  0.87192E+05
 0.14745000E+03  0.10945E+06
 0.14749998E+03  0.13369E+06
 0.14754999E+03  0.15879E+06
 0.14759999E+03  0.18438E+06
 0.14764999E+03  0.20990E+06
 0.14770000E+03  0.23537E+06
 0.14774998E+03  0.26127E+06
 0.14779999E+03  0.28655E+06
 0.14784999E+03  0.30896E+06
 0.14789999E+03  0.32779E+06
 0.14795000E+03  0.34429E+06
 0.14799998E+03  0.35992E+06
 0.14804999E+03  0.37358E+06
 0.14809999E+03  0.38156E+06
 0.14814999E+03  0.38254E+06
 0.14820000E+03  0.37998E+06
 0.14824998E+03  0.37814E+06
 0.14829999E+03  0.37861E+06
 0.14834999E+03  0.38087E+06
 0.14839999E+03  0.38332E+06
 0.14845000E+03  0.38358E+06
 0.14849998E+03  0.37870E+06
 0.14854999E+03  0.36663E+06
 0.14859999E+03  0.34699E+06
 0.14864999E+03  0.32278E+06
 0.14870000E+03  0.30076E+06
 0.14874998E+03  0.28607E+06
 0.14879999E+03  0.27811E+06
 0.14884999E+03  0.27224E+06
 0.14889999E+03  0.26380E+06
 0.14895000E+03  0.24948E+06
 0.14899998E+03  0.22775E+06
 0.14904999E+03  0.20036E+06
 0.14909999E+03  0.17123E+06
 0.14914999E+03  0.14330E+06
 0.14920000E+03  0.11646E+06
 0.14924998E+03  0.88855E+05
 0.14929999E+03  0.59088E+05
 0.14934999E+03  0.26132E+05
 0.14939999E+03 -0.10348E+05
 0.14945000E+03 -0.47931E+05
 0.14949998E+03 -0.80584E+05
 0.14954999E+03 -0.10198E+06
 0.14959999E+03 -0.10974E+06
 0.14964999E+03 -0.10621E+06
 0.14970000E+03 -0.96588E+05
 0.14974998E+03 -0.85923E+05
 0.14979999E+03 -0.77708E+05
 0.14984999E+03 -0.75595E+05
 0.14989999E+03 -0.82984E+05
 0.14995000E+03 -0.99529E+05
