-0.20000000E+01  0.36469E+06
-0.19500000E+01  0.36654E+06
-0.19000000E+01  0.37233E+06
-0.18500000E+01  0.37706E+06
-0.18000000E+01  0.38219E+06
-0.17500000E+01  0.38749E+06
-0.17000000E+01  0.39281E+06
-0.16500001E+01  0.39798E+06
-0.16000000E+01  0.40287E+06
-0.15500000E+01  0.40733E+06
-0.15000000E+01  0.41128E+06
-0.14500000E+01  0.41453E+06
-0.14000001E+01  0.41711E+06
-0.13500000E+01  0.41900E+06
-0.13000001E+01  0.41996E+06
-0.12500000E+01  0.41977E+06
-0.12000000E+01  0.41843E+06
-0.11500001E+01  0.41630E+06
-0.11000000E+01  0.41359E+06
-0.10500001E+01  0.41048E+06
-0.10000000E+01  0.40698E+06
-0.95000005E+00  0.40298E+06
-0.90000010E+00  0.39840E+06
-0.85000002E+00  0.39339E+06
-0.80000007E+00  0.38818E+06
-0.75000012E+00  0.38310E+06
-0.70000005E+00  0.37857E+06
-0.65000010E+00  0.37479E+06
-0.60000014E+00  0.37170E+06
-0.55000007E+00  0.36899E+06
-0.50000012E+00  0.36662E+06
-0.45000005E+00  0.36466E+06
-0.40000010E+00  0.36318E+06
-0.35000014E+00  0.36228E+06
-0.30000007E+00  0.36193E+06
-0.25000012E+00  0.36218E+06
-0.20000005E+00  0.36286E+06
-0.15000010E+00  0.36394E+06
-0.10000014E+00  0.36541E+06
-0.50000072E-01  0.36714E+06
-0.11920929E-06  0.36898E+06
 0.49999952E-01  0.37094E+06
 0.99999905E-01  0.37306E+06
 0.14999986E+00  0.37536E+06
 0.19999981E+00  0.37781E+06
 0.24999976E+00  0.38028E+06
 0.29999995E+00  0.38263E+06
 0.34999990E+00  0.38474E+06
 0.39999986E+00  0.38679E+06
 0.44999981E+00  0.38869E+06
 0.49999976E+00  0.39032E+06
 0.54999995E+00  0.39169E+06
 0.59999990E+00  0.39284E+06
 0.64999986E+00  0.39395E+06
 0.69999981E+00  0.39506E+06
 0.74999976E+00  0.39605E+06
 0.79999971E+00  0.39686E+06
 0.84999990E+00  0.39747E+06
 0.89999986E+00  0.39792E+06
 0.94999981E+00  0.39826E+06
 0.99999976E+00  0.39850E+06
 0.10499997E+01  0.39879E+06
 0.10999999E+01  0.39904E+06
 0.11499999E+01  0.39910E+06
 0.11999998E+01  0.39881E+06
 0.12499998E+01  0.39818E+06
 0.12999997E+01  0.39723E+06
 0.13499999E+01  0.39600E+06
 0.13999999E+01  0.39456E+06
 0.14499998E+01  0.39295E+06
 0.14999998E+01  0.39124E+06
 0.15499997E+01  0.38944E+06
 0.15999999E+01  0.38752E+06
 0.16499999E+01  0.38543E+06
 0.16999998E+01  0.38337E+06
 0.17499998E+01  0.38141E+06
 0.17999997E+01  0.37954E+06
 0.18499997E+01  0.37777E+06
 0.18999999E+01  0.37605E+06
 0.19499998E+01  0.37428E+06
 0.19999998E+01  0.37247E+06
 0.20499997E+01  0.37072E+06
 0.20999999E+01  0.36909E+06
 0.21499996E+01  0.36769E+06
 0.21999998E+01  0.36664E+06
 0.22499995E+01  0.36587E+06
 0.22999997E+01  0.36531E+06
 0.23499999E+01  0.36484E+06
 0.23999996E+01  0.36456E+06
 0.24499998E+01  0.36465E+06
 0.24999995E+01  0.36509E+06
 0.25499997E+01  0.36595E+06
 0.25999999E+01  0.36703E+06
 0.26499996E+01  0.36843E+06
 0.26999998E+01  0.37037E+06
 0.27499995E+01  0.37277E+06
 0.27999997E+01  0.37544E+06
 0.28499999E+01  0.37809E+06
 0.28999996E+01  0.38063E+06
 0.29499998E+01  0.38297E+06
 0.29999995E+01  0.38509E+06
 0.30499997E+01  0.38718E+06
 0.30999999E+01  0.38937E+06
 0.31499996E+01  0.39169E+06
 0.31999998E+01  0.39391E+06
 0.32499995E+01  0.39588E+06
 0.32999997E+01  0.39756E+06
 0.33499999E+01  0.39910E+06
 0.33999996E+01  0.40072E+06
 0.34499998E+01  0.40232E+06
 0.34999995E+01  0.40390E+06
 0.35499997E+01  0.40550E+06
 0.35999994E+01  0.40706E+06
 0.36499996E+01  0.40848E+06
 0.36999998E+01  0.40966E+06
 0.37499995E+01  0.41078E+06
 0.37999997E+01  0.41164E+06
 0.38499994E+01  0.41197E+06
 0.38999996E+01  0.41147E+06
 0.39499998E+01  0.41009E+06
 0.39999995E+01  0.40799E+06
 0.40499997E+01  0.40527E+06
 0.40999994E+01  0.40210E+06
 0.41499996E+01  0.39849E+06
 0.41999998E+01  0.39447E+06
 0.42499995E+01  0.39012E+06
 0.42999997E+01  0.38557E+06
 0.43499994E+01  0.38102E+06
 0.43999996E+01  0.37663E+06
 0.44499998E+01  0.37243E+06
 0.44999995E+01  0.36841E+06
 0.45499997E+01  0.36458E+06
 0.45999994E+01  0.36113E+06
 0.46499996E+01  0.35808E+06
 0.46999998E+01  0.35531E+06
 0.47499995E+01  0.35287E+06
 0.47999997E+01  0.35103E+06
 0.48499994E+01  0.34982E+06
 0.48999996E+01  0.34900E+06
 0.49499998E+01  0.34853E+06
 0.49999995E+01  0.34857E+06
 0.50499997E+01  0.34908E+06
 0.50999994E+01  0.35003E+06
 0.51499996E+01  0.35134E+06
 0.51999998E+01  0.35292E+06
 0.52499995E+01  0.35471E+06
 0.52999997E+01  0.35655E+06
 0.53499994E+01  0.35855E+06
 0.53999996E+01  0.36079E+06
 0.54499993E+01  0.36318E+06
 0.54999995E+01  0.36564E+06
 0.55499997E+01  0.36807E+06
 0.55999994E+01  0.37044E+06
 0.56499996E+01  0.37273E+06
 0.56999993E+01  0.37493E+06
 0.57499995E+01  0.37702E+06
 0.57999997E+01  0.37892E+06
 0.58499994E+01  0.38057E+06
 0.58999996E+01  0.38205E+06
 0.59499993E+01  0.38324E+06
 0.59999995E+01  0.38402E+06
 0.60499992E+01  0.38451E+06
 0.60999994E+01  0.38466E+06
 0.61499996E+01  0.38448E+06
 0.61999998E+01  0.38403E+06
 0.62499990E+01  0.38333E+06
 0.62999992E+01  0.38245E+06
 0.63499994E+01  0.38139E+06
 0.63999996E+01  0.38018E+06
 0.64499998E+01  0.37893E+06
 0.64999990E+01  0.37771E+06
 0.65499992E+01  0.37672E+06
 0.65999994E+01  0.37583E+06
 0.66499996E+01  0.37492E+06
 0.66999998E+01  0.37410E+06
 0.67499990E+01  0.37358E+06
 0.67999992E+01  0.37359E+06
 0.68499994E+01  0.37395E+06
 0.68999996E+01  0.37445E+06
 0.69499998E+01  0.37522E+06
 0.69999990E+01  0.37636E+06
 0.70499992E+01  0.37772E+06
 0.70999994E+01  0.37921E+06
 0.71499996E+01  0.38078E+06
 0.71999998E+01  0.38249E+06
 0.72499990E+01  0.38420E+06
 0.72999992E+01  0.38583E+06
 0.73499994E+01  0.38740E+06
 0.73999996E+01  0.38882E+06
 0.74499998E+01  0.39012E+06
 0.74999990E+01  0.39104E+06
 0.75499992E+01  0.39150E+06
 0.75999994E+01  0.39151E+06
 0.76499996E+01  0.39077E+06
 0.76999998E+01  0.38946E+06
 0.77499990E+01  0.38736E+06
 0.77999992E+01  0.38477E+06
 0.78499994E+01  0.38138E+06
 0.78999996E+01  0.37728E+06
 0.79499998E+01  0.37236E+06
 0.79999990E+01  0.36681E+06
 0.80499992E+01  0.36097E+06
 0.80999994E+01  0.35460E+06
 0.81499996E+01  0.34825E+06
 0.81999998E+01  0.34164E+06
 0.82499990E+01  0.33526E+06
 0.82999992E+01  0.32904E+06
 0.83499994E+01  0.32349E+06
 0.83999996E+01  0.31865E+06
 0.84499998E+01  0.31456E+06
 0.84999990E+01  0.31146E+06
 0.85499992E+01  0.30932E+06
 0.85999994E+01  0.30842E+06
 0.86499996E+01  0.30847E+06
 0.86999998E+01  0.30988E+06
 0.87499990E+01  0.31251E+06
 0.87999992E+01  0.31614E+06
 0.88499994E+01  0.32065E+06
 0.88999996E+01  0.32586E+06
 0.89499998E+01  0.33169E+06
 0.89999990E+01  0.33754E+06
 0.90499992E+01  0.34336E+06
 0.90999994E+01  0.34899E+06
 0.91499996E+01  0.35414E+06
 0.91999989E+01  0.35902E+06
 0.92499990E+01  0.36342E+06
 0.92999992E+01  0.36743E+06
 0.93499994E+01  0.37069E+06
 0.93999996E+01  0.37359E+06
 0.94499989E+01  0.37572E+06
 0.94999990E+01  0.37756E+06
 0.95499992E+01  0.37792E+06
 0.95999994E+01  0.37709E+06
 0.96499996E+01  0.37695E+06
 0.96999989E+01  0.37718E+06
 0.97499990E+01  0.37648E+06
 0.97999992E+01  0.37500E+06
 0.98499994E+01  0.37240E+06
 0.98999996E+01  0.37100E+06
 0.99499989E+01  0.36806E+06
 0.99999990E+01  0.36484E+06
 0.10049999E+02  0.37486E+06
 0.10099999E+02  0.41764E+06
 0.10150000E+02  0.47361E+06
 0.10199999E+02  0.48237E+06
 0.10249999E+02  0.44911E+06
 0.10299999E+02  0.43323E+06
 0.10349999E+02  0.43868E+06
 0.10400000E+02  0.45473E+06
 0.10449999E+02  0.47251E+06
 0.10499999E+02  0.51892E+06
 0.10549999E+02  0.60119E+06
 0.10599999E+02  0.75888E+06
 0.10650000E+02  0.76920E+06
 0.10699999E+02  0.57028E+06
 0.10749999E+02  0.52400E+06
 0.10799999E+02  0.63735E+06
 0.10849999E+02  0.80579E+06
 0.10900000E+02  0.88411E+06
 0.10949999E+02  0.95177E+06
 0.10999999E+02  0.11892E+07
 0.11049999E+02  0.13538E+07
 0.11099999E+02  0.10748E+07
 0.11150000E+02  0.53074E+06
 0.11199999E+02  0.75588E+06
 0.11249999E+02  0.19622E+07
 0.11299999E+02  0.22974E+07
 0.11349999E+02  0.13451E+07
 0.11400000E+02  0.85093E+06
 0.11449999E+02  0.91885E+06
 0.11499999E+02  0.13378E+07
 0.11549999E+02  0.11524E+07
 0.11599999E+02  0.67888E+06
 0.11650000E+02  0.95683E+06
 0.11699999E+02  0.62030E+06
 0.11749999E+02 -0.16637E+06
 0.11799999E+02 -0.28023E+06
 0.11849999E+02  0.45291E+05
 0.11900000E+02 -0.48837E+05
 0.11949999E+02 -0.20510E+06
 0.11999999E+02 -0.26374E+06
 0.12049999E+02 -0.42092E+06
 0.12099999E+02 -0.39685E+06
 0.12150000E+02 -0.13435E+06
 0.12199999E+02 -0.16199E+06
 0.12249999E+02 -0.17011E+06
 0.12299999E+02  0.63328E+05
 0.12349999E+02  0.14951E+06
 0.12400000E+02  0.23579E+06
 0.12449999E+02 -0.13643E+06
 0.12499999E+02 -0.16212E+06
 0.12549999E+02  0.49270E+06
 0.12599999E+02  0.57340E+06
 0.12649999E+02  0.51029E+06
 0.12699999E+02  0.52618E+06
 0.12749999E+02  0.28439E+06
 0.12799999E+02  0.90505E+06
 0.12849999E+02  0.13376E+07
 0.12899999E+02  0.10681E+07
 0.12949999E+02  0.89939E+06
 0.12999999E+02  0.90877E+06
 0.13049999E+02  0.13741E+07
 0.13099999E+02  0.13441E+07
 0.13149999E+02  0.13285E+07
 0.13199999E+02  0.13632E+07
 0.13249999E+02  0.11795E+07
 0.13299999E+02  0.12949E+07
 0.13349999E+02  0.14643E+07
 0.13399999E+02  0.17131E+07
 0.13449999E+02  0.12105E+07
 0.13499999E+02  0.55428E+06
 0.13549999E+02  0.80074E+06
 0.13599999E+02  0.90694E+06
 0.13649999E+02  0.87731E+06
 0.13699999E+02  0.87872E+06
 0.13749999E+02  0.42488E+06
 0.13799999E+02  0.31883E+06
 0.13849999E+02  0.70130E+06
 0.13899999E+02  0.51375E+06
 0.13949999E+02 -0.11001E+06
 0.13999999E+02 -0.40737E+06
 0.14049999E+02 -0.24796E+06
 0.14099998E+02  0.43837E+05
 0.14150000E+02 -0.34581E+06
 0.14199999E+02 -0.85395E+06
 0.14249998E+02 -0.82632E+06
 0.14299999E+02 -0.64363E+06
 0.14349998E+02 -0.17744E+06
 0.14400000E+02 -0.51703E+05
 0.14449999E+02 -0.35849E+06
 0.14499998E+02 -0.23209E+06
 0.14549999E+02  0.32706E+06
 0.14599998E+02  0.58180E+06
 0.14650000E+02  0.28358E+06
 0.14699999E+02  0.34140E+06
 0.14749998E+02  0.81760E+06
 0.14799999E+02  0.92650E+06
 0.14849998E+02  0.67246E+06
 0.14900000E+02  0.69403E+06
 0.14949999E+02  0.10413E+07
 0.14999998E+02  0.14720E+07
 0.15049999E+02  0.16527E+07
 0.15099998E+02  0.15207E+07
 0.15150000E+02  0.17657E+07
 0.15199999E+02  0.17910E+07
 0.15249998E+02  0.17736E+07
 0.15299999E+02  0.21136E+07
 0.15349998E+02  0.19791E+07
 0.15400000E+02  0.19926E+07
 0.15449999E+02  0.22353E+07
 0.15499998E+02  0.18661E+07
 0.15549999E+02  0.12393E+07
 0.15599998E+02  0.11284E+07
 0.15650000E+02  0.12848E+07
 0.15699999E+02  0.98417E+06
 0.15749998E+02  0.80883E+06
 0.15799999E+02  0.83043E+06
 0.15849998E+02  0.61228E+06
 0.15900000E+02  0.49615E+06
 0.15949999E+02  0.12483E+06
 0.15999998E+02  0.16500E+06
 0.16049999E+02  0.65377E+06
 0.16099998E+02  0.31964E+06
 0.16150000E+02  0.20351E+05
 0.16199999E+02  0.29943E+06
 0.16249998E+02  0.21663E+06
 0.16299999E+02  0.10814E+06
 0.16349998E+02  0.49187E+06
 0.16400000E+02  0.27953E+06
 0.16449999E+02 -0.43897E+05
 0.16499998E+02  0.23397E+06
 0.16549999E+02  0.78598E+06
 0.16599998E+02  0.70919E+06
 0.16650000E+02 -0.33944E+06
 0.16699999E+02 -0.32386E+06
 0.16749998E+02  0.89815E+06
 0.16799999E+02  0.14784E+07
 0.16849998E+02  0.12675E+07
 0.16900000E+02  0.22363E+06
 0.16949999E+02 -0.39305E+06
 0.16999998E+02  0.64826E+05
 0.17049999E+02  0.50385E+06
 0.17099998E+02  0.73459E+06
 0.17150000E+02  0.37627E+06
 0.17199999E+02  0.64639E+06
 0.17249998E+02  0.16684E+07
 0.17299999E+02  0.20385E+07
 0.17349998E+02  0.97454E+05
 0.17400000E+02 -0.24945E+07
 0.17449999E+02 -0.27967E+07
 0.17499998E+02 -0.47978E+06
 0.17549999E+02  0.15205E+07
 0.17599998E+02  0.57402E+06
 0.17650000E+02 -0.43029E+06
 0.17699999E+02  0.23469E+06
 0.17749998E+02  0.37691E+06
 0.17799999E+02 -0.29706E+06
 0.17849998E+02 -0.69375E+06
 0.17900000E+02 -0.10782E+07
 0.17949999E+02 -0.13472E+07
 0.17999998E+02 -0.19461E+07
 0.18049999E+02 -0.26109E+07
 0.18099998E+02 -0.29357E+07
 0.18150000E+02 -0.34160E+07
 0.18199999E+02 -0.42481E+07
 0.18249998E+02 -0.50290E+07
 0.18299999E+02 -0.50020E+07
 0.18349998E+02 -0.41567E+07
 0.18400000E+02 -0.29212E+07
 0.18449999E+02 -0.23416E+07
 0.18499998E+02 -0.23487E+07
 0.18549999E+02 -0.18924E+07
 0.18599998E+02 -0.13911E+07
 0.18650000E+02 -0.79962E+06
 0.18699999E+02  0.28696E+06
 0.18749998E+02  0.60901E+06
 0.18799999E+02  0.42048E+06
 0.18849998E+02  0.22181E+06
 0.18900000E+02 -0.65571E+06
 0.18949999E+02 -0.38179E+06
 0.18999998E+02  0.81956E+06
 0.19049999E+02  0.18601E+07
 0.19099998E+02  0.26042E+07
 0.19150000E+02  0.35003E+07
 0.19199999E+02  0.47919E+07
 0.19249998E+02  0.56915E+07
 0.19299999E+02  0.59257E+07
 0.19349998E+02  0.54942E+07
 0.19400000E+02  0.57495E+07
 0.19449999E+02  0.61333E+07
 0.19499998E+02  0.58101E+07
 0.19549999E+02  0.50739E+07
 0.19599998E+02  0.43489E+07
 0.19650000E+02  0.39757E+07
 0.19699999E+02  0.33834E+07
 0.19749998E+02  0.23026E+07
 0.19799999E+02  0.12988E+07
 0.19849998E+02  0.67918E+06
 0.19900000E+02  0.27228E+06
 0.19949999E+02  0.51081E+05
 0.19999998E+02 -0.45076E+06
 0.20049999E+02 -0.10461E+07
 0.20099998E+02 -0.17630E+07
 0.20150000E+02 -0.24535E+07
 0.20199999E+02 -0.34789E+07
 0.20249998E+02 -0.46698E+07
 0.20299999E+02 -0.50665E+07
 0.20349998E+02 -0.49073E+07
 0.20399998E+02 -0.38471E+07
 0.20449999E+02 -0.30060E+07
 0.20499998E+02 -0.25582E+07
 0.20549999E+02 -0.17456E+07
 0.20599998E+02 -0.11700E+07
 0.20649998E+02 -0.87089E+06
 0.20699999E+02  0.27657E+06
 0.20749998E+02  0.18430E+07
 0.20799999E+02  0.30227E+07
 0.20849998E+02  0.45653E+07
 0.20899998E+02  0.61858E+07
 0.20949999E+02  0.73910E+07
 0.20999998E+02  0.76606E+07
 0.21049999E+02  0.76837E+07
 0.21099998E+02  0.77089E+07
 0.21149998E+02  0.77518E+07
 0.21199999E+02  0.79524E+07
 0.21249998E+02  0.79945E+07
 0.21299999E+02  0.78854E+07
 0.21349998E+02  0.72657E+07
 0.21399998E+02  0.63737E+07
 0.21449999E+02  0.53684E+07
 0.21499998E+02  0.44610E+07
 0.21549999E+02  0.35616E+07
 0.21599998E+02  0.34864E+07
 0.21649998E+02  0.38591E+07
 0.21699999E+02  0.33740E+07
 0.21749998E+02  0.26387E+07
 0.21799999E+02  0.22845E+07
 0.21849998E+02  0.27197E+07
 0.21899998E+02  0.31571E+07
 0.21949999E+02  0.28545E+07
 0.21999998E+02  0.30192E+07
 0.22049999E+02  0.27055E+07
 0.22099998E+02  0.23290E+07
 0.22149998E+02  0.24685E+07
 0.22199999E+02  0.24418E+07
 0.22249998E+02  0.26238E+07
 0.22299999E+02  0.24304E+07
 0.22349998E+02  0.26861E+07
 0.22399998E+02  0.29399E+07
 0.22449999E+02  0.32075E+07
 0.22499998E+02  0.34584E+07
 0.22549999E+02  0.35572E+07
 0.22599998E+02  0.40787E+07
 0.22649998E+02  0.46212E+07
 0.22699999E+02  0.51825E+07
 0.22749998E+02  0.56824E+07
 0.22799999E+02  0.60706E+07
 0.22849998E+02  0.61347E+07
 0.22899998E+02  0.63381E+07
 0.22949999E+02  0.67703E+07
 0.22999998E+02  0.71811E+07
 0.23049999E+02  0.74549E+07
 0.23099998E+02  0.73190E+07
 0.23149998E+02  0.74930E+07
 0.23199999E+02  0.80120E+07
 0.23249998E+02  0.83625E+07
 0.23299999E+02  0.83785E+07
 0.23349998E+02  0.83753E+07
 0.23399998E+02  0.83281E+07
 0.23449999E+02  0.79134E+07
 0.23499998E+02  0.75355E+07
 0.23549999E+02  0.72984E+07
 0.23599998E+02  0.72364E+07
 0.23649998E+02  0.74714E+07
 0.23699999E+02  0.75183E+07
 0.23749998E+02  0.73643E+07
 0.23799999E+02  0.72630E+07
 0.23849998E+02  0.70966E+07
 0.23899998E+02  0.69829E+07
 0.23949999E+02  0.64702E+07
 0.23999998E+02  0.57854E+07
 0.24049999E+02  0.56645E+07
 0.24099998E+02  0.56690E+07
 0.24149998E+02  0.56198E+07
 0.24199999E+02  0.55935E+07
 0.24249998E+02  0.53374E+07
 0.24299999E+02  0.50127E+07
 0.24349998E+02  0.48583E+07
 0.24399998E+02  0.48662E+07
 0.24449999E+02  0.49473E+07
 0.24499998E+02  0.51852E+07
 0.24549999E+02  0.55646E+07
 0.24599998E+02  0.61023E+07
 0.24649998E+02  0.68778E+07
 0.24699999E+02  0.75576E+07
 0.24749998E+02  0.81258E+07
 0.24799999E+02  0.83612E+07
 0.24849998E+02  0.83350E+07
 0.24899998E+02  0.83533E+07
 0.24949999E+02  0.83474E+07
 0.24999998E+02  0.83571E+07
 0.25049999E+02  0.83575E+07
 0.25099998E+02  0.83579E+07
 0.25149998E+02  0.83623E+07
 0.25199999E+02  0.83588E+07
 0.25249998E+02  0.83669E+07
 0.25299999E+02  0.83563E+07
 0.25349998E+02  0.83662E+07
 0.25399998E+02  0.83481E+07
 0.25449999E+02  0.83573E+07
 0.25499998E+02  0.83358E+07
 0.25549999E+02  0.83489E+07
 0.25599998E+02  0.83241E+07
 0.25649998E+02  0.83519E+07
 0.25699999E+02  0.82389E+07
 0.25749998E+02  0.76497E+07
 0.25799999E+02  0.72562E+07
 0.25849998E+02  0.66904E+07
 0.25899998E+02  0.63425E+07
 0.25949999E+02  0.61540E+07
 0.25999998E+02  0.58847E+07
 0.26049999E+02  0.56554E+07
 0.26099998E+02  0.53738E+07
 0.26149998E+02  0.54949E+07
 0.26199999E+02  0.57839E+07
 0.26249998E+02  0.61520E+07
 0.26299999E+02  0.66693E+07
 0.26349998E+02  0.72129E+07
 0.26399998E+02  0.75697E+07
 0.26449999E+02  0.80630E+07
 0.26499998E+02  0.83580E+07
 0.26549999E+02  0.83282E+07
 0.26599998E+02  0.83443E+07
 0.26649998E+02  0.83329E+07
 0.26699999E+02  0.83425E+07
 0.26749998E+02  0.83394E+07
 0.26799999E+02  0.83453E+07
 0.26849998E+02  0.83450E+07
 0.26899998E+02  0.83442E+07
 0.26949999E+02  0.83475E+07
 0.26999998E+02  0.83404E+07
 0.27049997E+02  0.83494E+07
 0.27099998E+02  0.83356E+07
 0.27149998E+02  0.83501E+07
 0.27199999E+02  0.83227E+07
 0.27249998E+02  0.83642E+07
 0.27299997E+02  0.81193E+07
 0.27349998E+02  0.75385E+07
 0.27399998E+02  0.72855E+07
 0.27449999E+02  0.72980E+07
 0.27499998E+02  0.74266E+07
 0.27549997E+02  0.76128E+07
 0.27599998E+02  0.80301E+07
 0.27649998E+02  0.83308E+07
 0.27699999E+02  0.83317E+07
 0.27749998E+02  0.83373E+07
 0.27799997E+02  0.83364E+07
 0.27849998E+02  0.83419E+07
 0.27899998E+02  0.83428E+07
 0.27949999E+02  0.83446E+07
 0.27999998E+02  0.83450E+07
 0.28049997E+02  0.83428E+07
 0.28099998E+02  0.83401E+07
 0.28149998E+02  0.83377E+07
 0.28199999E+02  0.83361E+07
 0.28249998E+02  0.83370E+07
 0.28299997E+02  0.83347E+07
 0.28349998E+02  0.83404E+07
 0.28399998E+02  0.83333E+07
 0.28449999E+02  0.83415E+07
 0.28499998E+02  0.83223E+07
 0.28549997E+02  0.83466E+07
 0.28599998E+02  0.78846E+07
 0.28649998E+02  0.71802E+07
 0.28699999E+02  0.66931E+07
 0.28749998E+02  0.62194E+07
 0.28799997E+02  0.59109E+07
 0.28849998E+02  0.57416E+07
 0.28899998E+02  0.59059E+07
 0.28949999E+02  0.61988E+07
 0.28999998E+02  0.66821E+07
 0.29049997E+02  0.72976E+07
 0.29099998E+02  0.79508E+07
 0.29149998E+02  0.83461E+07
 0.29199999E+02  0.83224E+07
 0.29249998E+02  0.83368E+07
 0.29299997E+02  0.83271E+07
 0.29349998E+02  0.83344E+07
 0.29399998E+02  0.83307E+07
 0.29449999E+02  0.83343E+07
 0.29499998E+02  0.83342E+07
 0.29549997E+02  0.83363E+07
 0.29599998E+02  0.83394E+07
 0.29649998E+02  0.83418E+07
 0.29699999E+02  0.83451E+07
 0.29749998E+02  0.83420E+07
 0.29799997E+02  0.83445E+07
 0.29849998E+02  0.83394E+07
 0.29899998E+02  0.83468E+07
 0.29949999E+02  0.83156E+07
 0.29999998E+02  0.82570E+07
 0.30049999E+02  0.81901E+07
 0.30099998E+02  0.82750E+07
 0.30149998E+02  0.83414E+07
 0.30199997E+02  0.83232E+07
 0.30249996E+02  0.83347E+07
 0.30299999E+02  0.83276E+07
 0.30349998E+02  0.83328E+07
 0.30399998E+02  0.83291E+07
 0.30449997E+02  0.83318E+07
 0.30499996E+02  0.83300E+07
 0.30549999E+02  0.83312E+07
 0.30599998E+02  0.83306E+07
 0.30649998E+02  0.83308E+07
 0.30699997E+02  0.83309E+07
 0.30749996E+02  0.83306E+07
 0.30799999E+02  0.83311E+07
 0.30849998E+02  0.83305E+07
 0.30899998E+02  0.83312E+07
 0.30949997E+02  0.83307E+07
 0.30999996E+02  0.83314E+07
 0.31049999E+02  0.83308E+07
 0.31099998E+02  0.83309E+07
 0.31149998E+02  0.83300E+07
 0.31199997E+02  0.83304E+07
 0.31249996E+02  0.83305E+07
 0.31299999E+02  0.83303E+07
 0.31349998E+02  0.83304E+07
 0.31399998E+02  0.83301E+07
 0.31449997E+02  0.83302E+07
 0.31499996E+02  0.83298E+07
 0.31549999E+02  0.83310E+07
 0.31599998E+02  0.83333E+07
 0.31649998E+02  0.83356E+07
 0.31699997E+02  0.83346E+07
 0.31749996E+02  0.83339E+07
 0.31799999E+02  0.83358E+07
 0.31849998E+02  0.83346E+07
 0.31899998E+02  0.83337E+07
 0.31949997E+02  0.83319E+07
 0.31999996E+02  0.83304E+07
 0.32049999E+02  0.83303E+07
 0.32099998E+02  0.83304E+07
 0.32149998E+02  0.83305E+07
 0.32199997E+02  0.83305E+07
 0.32249996E+02  0.83306E+07
 0.32299999E+02  0.83306E+07
 0.32349998E+02  0.83307E+07
 0.32399998E+02  0.83307E+07
 0.32449997E+02  0.83307E+07
 0.32499996E+02  0.83307E+07
 0.32549999E+02  0.83307E+07
 0.32599998E+02  0.83307E+07
 0.32649998E+02  0.83307E+07
 0.32699997E+02  0.83307E+07
 0.32749996E+02  0.83307E+07
 0.32799999E+02  0.83307E+07
 0.32849998E+02  0.83307E+07
 0.32899998E+02  0.83307E+07
 0.32949997E+02  0.83307E+07
 0.32999996E+02  0.83306E+07
 0.33049999E+02  0.83306E+07
 0.33099998E+02  0.83306E+07
 0.33149998E+02  0.83306E+07
 0.33199997E+02  0.83306E+07
 0.33249996E+02  0.83306E+07
 0.33299999E+02  0.83306E+07
 0.33349998E+02  0.83306E+07
 0.33399998E+02  0.83306E+07
 0.33449997E+02  0.83306E+07
 0.33499996E+02  0.83305E+07
 0.33549999E+02  0.83305E+07
 0.33599998E+02  0.83304E+07
 0.33649998E+02  0.83304E+07
 0.33699997E+02  0.83303E+07
 0.33749996E+02  0.83303E+07
 0.33799999E+02  0.83303E+07
 0.33849998E+02  0.83303E+07
 0.33899998E+02  0.83304E+07
 0.33949997E+02  0.83305E+07
 0.33999996E+02  0.83305E+07
 0.34049999E+02  0.83305E+07
 0.34099998E+02  0.83305E+07
 0.34149998E+02  0.83306E+07
 0.34199997E+02  0.83307E+07
 0.34249996E+02  0.83308E+07
 0.34299999E+02  0.83308E+07
 0.34349998E+02  0.83309E+07
 0.34399998E+02  0.83308E+07
 0.34449997E+02  0.83308E+07
 0.34499996E+02  0.83307E+07
 0.34549999E+02  0.83307E+07
 0.34599998E+02  0.83307E+07
 0.34649998E+02  0.83307E+07
 0.34699997E+02  0.83307E+07
 0.34749996E+02  0.83307E+07
 0.34799999E+02  0.83306E+07
 0.34849998E+02  0.83306E+07
 0.34899998E+02  0.83306E+07
 0.34949997E+02  0.83306E+07
 0.34999996E+02  0.83306E+07
 0.35049999E+02  0.83307E+07
 0.35099998E+02  0.83307E+07
 0.35149998E+02  0.83306E+07
 0.35199997E+02  0.83306E+07
 0.35249996E+02  0.83305E+07
 0.35299999E+02  0.83305E+07
 0.35349998E+02  0.83304E+07
 0.35399998E+02  0.83305E+07
 0.35449997E+02  0.83305E+07
 0.35499996E+02  0.83306E+07
 0.35549999E+02  0.83306E+07
 0.35599998E+02  0.83306E+07
 0.35649998E+02  0.83307E+07
 0.35699997E+02  0.83307E+07
 0.35749996E+02  0.83308E+07
 0.35799999E+02  0.83308E+07
 0.35849998E+02  0.83309E+07
 0.35899998E+02  0.83310E+07
 0.35949997E+02  0.83310E+07
 0.35999996E+02  0.83310E+07
 0.36049999E+02  0.83310E+07
 0.36099998E+02  0.83310E+07
 0.36149998E+02  0.83310E+07
 0.36199997E+02  0.83310E+07
 0.36249996E+02  0.83310E+07
 0.36299999E+02  0.83310E+07
 0.36349998E+02  0.83310E+07
 0.36399998E+02  0.83310E+07
 0.36449997E+02  0.83309E+07
 0.36499996E+02  0.83309E+07
 0.36549999E+02  0.83308E+07
 0.36599998E+02  0.83308E+07
 0.36649998E+02  0.83307E+07
 0.36699997E+02  0.83306E+07
 0.36749996E+02  0.83306E+07
 0.36799999E+02  0.83306E+07
 0.36849998E+02  0.83306E+07
 0.36899998E+02  0.83306E+07
 0.36949997E+02  0.83306E+07
 0.36999996E+02  0.83305E+07
 0.37049999E+02  0.83305E+07
 0.37099998E+02  0.83305E+07
 0.37149998E+02  0.83305E+07
 0.37199997E+02  0.83305E+07
 0.37249996E+02  0.83305E+07
 0.37299999E+02  0.83305E+07
 0.37349998E+02  0.83306E+07
 0.37399998E+02  0.83306E+07
 0.37449997E+02  0.83305E+07
 0.37499996E+02  0.83306E+07
 0.37549999E+02  0.83306E+07
 0.37599998E+02  0.83306E+07
 0.37649998E+02  0.83306E+07
 0.37699997E+02  0.83306E+07
 0.37749996E+02  0.83306E+07
 0.37799999E+02  0.83306E+07
 0.37849998E+02  0.83306E+07
 0.37899998E+02  0.83306E+07
 0.37949997E+02  0.83307E+07
 0.37999996E+02  0.83307E+07
 0.38049999E+02  0.83307E+07
 0.38099998E+02  0.83307E+07
 0.38149998E+02  0.83308E+07
 0.38199997E+02  0.83308E+07
 0.38249996E+02  0.83308E+07
 0.38299999E+02  0.83308E+07
 0.38349998E+02  0.83308E+07
 0.38399998E+02  0.83308E+07
 0.38449997E+02  0.83308E+07
 0.38499996E+02  0.83308E+07
 0.38549999E+02  0.83308E+07
 0.38599998E+02  0.83308E+07
 0.38649998E+02  0.83308E+07
 0.38699997E+02  0.83307E+07
 0.38749996E+02  0.83307E+07
 0.38799999E+02  0.83307E+07
 0.38849998E+02  0.83307E+07
 0.38899998E+02  0.83307E+07
 0.38949997E+02  0.83307E+07
 0.38999996E+02  0.83307E+07
 0.39049999E+02  0.83307E+07
 0.39099998E+02  0.83307E+07
 0.39149998E+02  0.83307E+07
 0.39199997E+02  0.83307E+07
 0.39249996E+02  0.83308E+07
 0.39299999E+02  0.83308E+07
 0.39349998E+02  0.83308E+07
 0.39399998E+02  0.83308E+07
 0.39449997E+02  0.83308E+07
 0.39499996E+02  0.83308E+07
 0.39549999E+02  0.83309E+07
 0.39599998E+02  0.83308E+07
 0.39649998E+02  0.83308E+07
 0.39699997E+02  0.83308E+07
 0.39749996E+02  0.83308E+07
 0.39799999E+02  0.83308E+07
 0.39849998E+02  0.83308E+07
 0.39899998E+02  0.83308E+07
 0.39949997E+02  0.83308E+07
 0.39999996E+02  0.83308E+07
 0.40049999E+02  0.83308E+07
 0.40099998E+02  0.83308E+07
 0.40149998E+02  0.83308E+07
 0.40199997E+02  0.83308E+07
 0.40249996E+02  0.83308E+07
 0.40299999E+02  0.83308E+07
 0.40349998E+02  0.83308E+07
 0.40399998E+02  0.83308E+07
 0.40449997E+02  0.83308E+07
 0.40499996E+02  0.83308E+07
 0.40549999E+02  0.83307E+07
 0.40599998E+02  0.83307E+07
 0.40649998E+02  0.83307E+07
 0.40699997E+02  0.83307E+07
 0.40749996E+02  0.83307E+07
 0.40799999E+02  0.83307E+07
 0.40849998E+02  0.83308E+07
 0.40899998E+02  0.83308E+07
 0.40949997E+02  0.83308E+07
 0.40999996E+02  0.83308E+07
 0.41049999E+02  0.83308E+07
 0.41099998E+02  0.83308E+07
 0.41149998E+02  0.83309E+07
 0.41199997E+02  0.83309E+07
 0.41249996E+02  0.83309E+07
 0.41299999E+02  0.83308E+07
 0.41349998E+02  0.83308E+07
 0.41399998E+02  0.83308E+07
 0.41449997E+02  0.83308E+07
 0.41499996E+02  0.83308E+07
 0.41549999E+02  0.83307E+07
 0.41599998E+02  0.83307E+07
 0.41649998E+02  0.83307E+07
 0.41699997E+02  0.83307E+07
 0.41749996E+02  0.83306E+07
 0.41799999E+02  0.83306E+07
 0.41849998E+02  0.83306E+07
 0.41899998E+02  0.83306E+07
 0.41949997E+02  0.83306E+07
 0.41999996E+02  0.83306E+07
 0.42049999E+02  0.83307E+07
 0.42099998E+02  0.83307E+07
 0.42149998E+02  0.83307E+07
 0.42199997E+02  0.83307E+07
 0.42249996E+02  0.83307E+07
 0.42299999E+02  0.83308E+07
 0.42349998E+02  0.83308E+07
 0.42399998E+02  0.83308E+07
 0.42449997E+02  0.83309E+07
 0.42499996E+02  0.83309E+07
 0.42549999E+02  0.83310E+07
 0.42599998E+02  0.83310E+07
 0.42649998E+02  0.83310E+07
 0.42699997E+02  0.83310E+07
 0.42749996E+02  0.83310E+07
 0.42799995E+02  0.83310E+07
 0.42849998E+02  0.83310E+07
 0.42899998E+02  0.83309E+07
 0.42949997E+02  0.83309E+07
 0.42999996E+02  0.83308E+07
 0.43049995E+02  0.83308E+07
 0.43099998E+02  0.83307E+07
 0.43149998E+02  0.83307E+07
 0.43199997E+02  0.83307E+07
 0.43249996E+02  0.83306E+07
 0.43299995E+02  0.83306E+07
 0.43349998E+02  0.83306E+07
 0.43399998E+02  0.83305E+07
 0.43449997E+02  0.83305E+07
 0.43499996E+02  0.83305E+07
 0.43549995E+02  0.83305E+07
 0.43599998E+02  0.83305E+07
 0.43649998E+02  0.83305E+07
 0.43699997E+02  0.83305E+07
 0.43749996E+02  0.83305E+07
 0.43799995E+02  0.83305E+07
 0.43849998E+02  0.83305E+07
 0.43899998E+02  0.83305E+07
 0.43949997E+02  0.83305E+07
 0.43999996E+02  0.83306E+07
 0.44049995E+02  0.83306E+07
 0.44099998E+02  0.83306E+07
 0.44149998E+02  0.83306E+07
 0.44199997E+02  0.83307E+07
 0.44249996E+02  0.83307E+07
 0.44299995E+02  0.83308E+07
 0.44349998E+02  0.83308E+07
 0.44399998E+02  0.83308E+07
 0.44449997E+02  0.83309E+07
 0.44499996E+02  0.83309E+07
 0.44549995E+02  0.83309E+07
 0.44599998E+02  0.83309E+07
 0.44649998E+02  0.83309E+07
 0.44699997E+02  0.83310E+07
 0.44749996E+02  0.83310E+07
 0.44799995E+02  0.83309E+07
 0.44849998E+02  0.83309E+07
 0.44899998E+02  0.83309E+07
 0.44949997E+02  0.83308E+07
 0.44999996E+02  0.83308E+07
 0.45049995E+02  0.83308E+07
 0.45099998E+02  0.83307E+07
 0.45149998E+02  0.83307E+07
 0.45199997E+02  0.83307E+07
 0.45249996E+02  0.83306E+07
 0.45299995E+02  0.83306E+07
 0.45349998E+02  0.83306E+07
 0.45399998E+02  0.83305E+07
 0.45449997E+02  0.83304E+07
 0.45499996E+02  0.83304E+07
 0.45549995E+02  0.83304E+07
 0.45599998E+02  0.83303E+07
 0.45649998E+02  0.83303E+07
 0.45699997E+02  0.83303E+07
 0.45749996E+02  0.83304E+07
 0.45799995E+02  0.83304E+07
 0.45849998E+02  0.83304E+07
 0.45899998E+02  0.83304E+07
 0.45949997E+02  0.83305E+07
 0.45999996E+02  0.83306E+07
 0.46049995E+02  0.83306E+07
 0.46099998E+02  0.83307E+07
 0.46149998E+02  0.83307E+07
 0.46199997E+02  0.83307E+07
 0.46249996E+02  0.83307E+07
 0.46299995E+02  0.83307E+07
 0.46349998E+02  0.83307E+07
 0.46399998E+02  0.83307E+07
 0.46449997E+02  0.83307E+07
 0.46499996E+02  0.83307E+07
 0.46549995E+02  0.83307E+07
 0.46599998E+02  0.83307E+07
 0.46649998E+02  0.83307E+07
 0.46699997E+02  0.83307E+07
 0.46749996E+02  0.83308E+07
 0.46799995E+02  0.83308E+07
 0.46849998E+02  0.83308E+07
 0.46899998E+02  0.83308E+07
 0.46949997E+02  0.83307E+07
 0.46999996E+02  0.83307E+07
 0.47049995E+02  0.83307E+07
 0.47099998E+02  0.83307E+07
 0.47149998E+02  0.83307E+07
 0.47199997E+02  0.83306E+07
 0.47249996E+02  0.83306E+07
 0.47299995E+02  0.83306E+07
 0.47349998E+02  0.83306E+07
 0.47399998E+02  0.83306E+07
 0.47449997E+02  0.83306E+07
 0.47499996E+02  0.83306E+07
 0.47549995E+02  0.83306E+07
 0.47599998E+02  0.83305E+07
 0.47649998E+02  0.83305E+07
 0.47699997E+02  0.83305E+07
 0.47749996E+02  0.83305E+07
 0.47799995E+02  0.83305E+07
 0.47849998E+02  0.83305E+07
 0.47899998E+02  0.83305E+07
 0.47949997E+02  0.83305E+07
 0.47999996E+02  0.83305E+07
 0.48049995E+02  0.83305E+07
 0.48099998E+02  0.83305E+07
 0.48149998E+02  0.83305E+07
 0.48199997E+02  0.83306E+07
 0.48249996E+02  0.83306E+07
 0.48299995E+02  0.83306E+07
 0.48349998E+02  0.83306E+07
 0.48399998E+02  0.83306E+07
 0.48449997E+02  0.83306E+07
 0.48499996E+02  0.83306E+07
 0.48549995E+02  0.83306E+07
 0.48599998E+02  0.83306E+07
 0.48649998E+02  0.83306E+07
 0.48699997E+02  0.83306E+07
 0.48749996E+02  0.83306E+07
 0.48799995E+02  0.83306E+07
 0.48849998E+02  0.83305E+07
 0.48899998E+02  0.83305E+07
 0.48949997E+02  0.83305E+07
 0.48999996E+02  0.83305E+07
 0.49049995E+02  0.83305E+07
 0.49099998E+02  0.83305E+07
 0.49149998E+02  0.83305E+07
 0.49199997E+02  0.83305E+07
 0.49249996E+02  0.83305E+07
 0.49299995E+02  0.83305E+07
 0.49349998E+02  0.83305E+07
 0.49399998E+02  0.83305E+07
 0.49449997E+02  0.83305E+07
 0.49499996E+02  0.83304E+07
 0.49549995E+02  0.83304E+07
 0.49599998E+02  0.83304E+07
 0.49649998E+02  0.83304E+07
 0.49699997E+02  0.83304E+07
 0.49749996E+02  0.83304E+07
 0.49799995E+02  0.83304E+07
 0.49849998E+02  0.83304E+07
 0.49899998E+02  0.83304E+07
 0.49949997E+02  0.83304E+07
 0.49999996E+02  0.83304E+07
 0.50049995E+02  0.83304E+07
 0.50099998E+02  0.83305E+07
 0.50149998E+02  0.83305E+07
 0.50199997E+02  0.83305E+07
 0.50249996E+02  0.83305E+07
 0.50299995E+02  0.83305E+07
 0.50349998E+02  0.83305E+07
 0.50399998E+02  0.83305E+07
 0.50449997E+02  0.83306E+07
 0.50499996E+02  0.83306E+07
 0.50549995E+02  0.83306E+07
 0.50599998E+02  0.83306E+07
 0.50649998E+02  0.83306E+07
 0.50699997E+02  0.83306E+07
 0.50749996E+02  0.83306E+07
 0.50799995E+02  0.83306E+07
 0.50849998E+02  0.83306E+07
 0.50899998E+02  0.83306E+07
 0.50949997E+02  0.83305E+07
 0.50999996E+02  0.83305E+07
 0.51049995E+02  0.83305E+07
 0.51099998E+02  0.83305E+07
 0.51149998E+02  0.83305E+07
 0.51199997E+02  0.83305E+07
 0.51249996E+02  0.83305E+07
 0.51299995E+02  0.83304E+07
 0.51349998E+02  0.83304E+07
 0.51399998E+02  0.83304E+07
 0.51449997E+02  0.83304E+07
 0.51499996E+02  0.83304E+07
 0.51549995E+02  0.83303E+07
 0.51599998E+02  0.83303E+07
 0.51649998E+02  0.83304E+07
 0.51699997E+02  0.83304E+07
 0.51749996E+02  0.83304E+07
 0.51799995E+02  0.83304E+07
 0.51849998E+02  0.83304E+07
 0.51899998E+02  0.83304E+07
 0.51949997E+02  0.83305E+07
 0.51999996E+02  0.83305E+07
 0.52049995E+02  0.83305E+07
 0.52099998E+02  0.83305E+07
 0.52149998E+02  0.83305E+07
 0.52199997E+02  0.83305E+07
 0.52249996E+02  0.83305E+07
 0.52299995E+02  0.83305E+07
 0.52349998E+02  0.83305E+07
 0.52399998E+02  0.83304E+07
 0.52449997E+02  0.83304E+07
 0.52499996E+02  0.83304E+07
 0.52549995E+02  0.83304E+07
 0.52599998E+02  0.83304E+07
 0.52649998E+02  0.83304E+07
 0.52699997E+02  0.83303E+07
 0.52749996E+02  0.83303E+07
 0.52799995E+02  0.83303E+07
 0.52849998E+02  0.83303E+07
 0.52899998E+02  0.83303E+07
 0.52949997E+02  0.83303E+07
 0.52999996E+02  0.83304E+07
 0.53049995E+02  0.83304E+07
 0.53099998E+02  0.83304E+07
 0.53149998E+02  0.83304E+07
 0.53199997E+02  0.83304E+07
 0.53249996E+02  0.83304E+07
 0.53299995E+02  0.83305E+07
 0.53349998E+02  0.83305E+07
 0.53399998E+02  0.83304E+07
 0.53449997E+02  0.83304E+07
 0.53499996E+02  0.83304E+07
 0.53549995E+02  0.83304E+07
 0.53599998E+02  0.83303E+07
 0.53649998E+02  0.83303E+07
 0.53699997E+02  0.83303E+07
 0.53749996E+02  0.83303E+07
 0.53799995E+02  0.83302E+07
 0.53849998E+02  0.83302E+07
 0.53899998E+02  0.83302E+07
 0.53949997E+02  0.83302E+07
 0.53999996E+02  0.83302E+07
 0.54049995E+02  0.83302E+07
 0.54099998E+02  0.83302E+07
 0.54149998E+02  0.83302E+07
 0.54199997E+02  0.83302E+07
 0.54249996E+02  0.83302E+07
 0.54299995E+02  0.83302E+07
 0.54349998E+02  0.83302E+07
 0.54399998E+02  0.83302E+07
 0.54449997E+02  0.83303E+07
 0.54499996E+02  0.83303E+07
 0.54549995E+02  0.83303E+07
 0.54599998E+02  0.83303E+07
 0.54649998E+02  0.83304E+07
 0.54699997E+02  0.83304E+07
 0.54749996E+02  0.83304E+07
 0.54799995E+02  0.83304E+07
 0.54849998E+02  0.83304E+07
 0.54899998E+02  0.83303E+07
 0.54949997E+02  0.83303E+07
 0.54999996E+02  0.83303E+07
 0.55049995E+02  0.83303E+07
 0.55099998E+02  0.83303E+07
 0.55149998E+02  0.83303E+07
 0.55199997E+02  0.83303E+07
 0.55249996E+02  0.83303E+07
 0.55299995E+02  0.83303E+07
 0.55349998E+02  0.83303E+07
 0.55399998E+02  0.83302E+07
 0.55449997E+02  0.83302E+07
 0.55499996E+02  0.83302E+07
 0.55549995E+02  0.83302E+07
 0.55599998E+02  0.83302E+07
 0.55649998E+02  0.83302E+07
 0.55699997E+02  0.83302E+07
 0.55749996E+02  0.83303E+07
 0.55799995E+02  0.83303E+07
 0.55849995E+02  0.83303E+07
 0.55899998E+02  0.83303E+07
 0.55949997E+02  0.83303E+07
 0.55999996E+02  0.83302E+07
 0.56049995E+02  0.83302E+07
 0.56099995E+02  0.83302E+07
 0.56149998E+02  0.83302E+07
 0.56199997E+02  0.83302E+07
 0.56249996E+02  0.83302E+07
 0.56299995E+02  0.83302E+07
 0.56349995E+02  0.83302E+07
 0.56399998E+02  0.83302E+07
 0.56449997E+02  0.83302E+07
 0.56499996E+02  0.83302E+07
 0.56549995E+02  0.83302E+07
 0.56599995E+02  0.83302E+07
 0.56649998E+02  0.83302E+07
 0.56699997E+02  0.83302E+07
 0.56749996E+02  0.83302E+07
 0.56799995E+02  0.83302E+07
 0.56849995E+02  0.83302E+07
 0.56899998E+02  0.83302E+07
 0.56949997E+02  0.83302E+07
 0.56999996E+02  0.83302E+07
 0.57049995E+02  0.83302E+07
 0.57099995E+02  0.83302E+07
 0.57149998E+02  0.83302E+07
 0.57199997E+02  0.83302E+07
 0.57249996E+02  0.83302E+07
 0.57299995E+02  0.83302E+07
 0.57349995E+02  0.83302E+07
 0.57399998E+02  0.83301E+07
 0.57449997E+02  0.83301E+07
 0.57499996E+02  0.83301E+07
 0.57549995E+02  0.83301E+07
 0.57599995E+02  0.83301E+07
 0.57649998E+02  0.83301E+07
 0.57699997E+02  0.83301E+07
 0.57749996E+02  0.83301E+07
 0.57799995E+02  0.83300E+07
 0.57849995E+02  0.83300E+07
 0.57899998E+02  0.83300E+07
 0.57949997E+02  0.83300E+07
 0.57999996E+02  0.83300E+07
 0.58049995E+02  0.83300E+07
 0.58099995E+02  0.83300E+07
 0.58149998E+02  0.83300E+07
 0.58199997E+02  0.83300E+07
 0.58249996E+02  0.83300E+07
 0.58299995E+02  0.83300E+07
 0.58349995E+02  0.83300E+07
 0.58399998E+02  0.83300E+07
 0.58449997E+02  0.83300E+07
 0.58499996E+02  0.83300E+07
 0.58549995E+02  0.83301E+07
 0.58599995E+02  0.83301E+07
 0.58649998E+02  0.83301E+07
 0.58699997E+02  0.83301E+07
 0.58749996E+02  0.83301E+07
 0.58799995E+02  0.83301E+07
 0.58849995E+02  0.83301E+07
 0.58899998E+02  0.83302E+07
 0.58949997E+02  0.83302E+07
 0.58999996E+02  0.83301E+07
 0.59049995E+02  0.83301E+07
 0.59099995E+02  0.83301E+07
 0.59149998E+02  0.83301E+07
 0.59199997E+02  0.83301E+07
 0.59249996E+02  0.83301E+07
 0.59299995E+02  0.83301E+07
 0.59349995E+02  0.83301E+07
 0.59399998E+02  0.83301E+07
 0.59449997E+02  0.83301E+07
 0.59499996E+02  0.83301E+07
 0.59549995E+02  0.83301E+07
 0.59599995E+02  0.83300E+07
 0.59649998E+02  0.83300E+07
 0.59699997E+02  0.83300E+07
 0.59749996E+02  0.83300E+07
 0.59799995E+02  0.83299E+07
 0.59849995E+02  0.83299E+07
 0.59899998E+02  0.83299E+07
 0.59949997E+02  0.83299E+07
 0.59999996E+02  0.83299E+07
 0.60049995E+02  0.83299E+07
 0.60099995E+02  0.83299E+07
 0.60149998E+02  0.83300E+07
 0.60199997E+02  0.83300E+07
 0.60249996E+02  0.83300E+07
 0.60299995E+02  0.83300E+07
 0.60349995E+02  0.83300E+07
 0.60399998E+02  0.83300E+07
 0.60449997E+02  0.83299E+07
 0.60499996E+02  0.83299E+07
 0.60549995E+02  0.83299E+07
 0.60599995E+02  0.83299E+07
 0.60649998E+02  0.83299E+07
 0.60699997E+02  0.83299E+07
 0.60749996E+02  0.83299E+07
 0.60799995E+02  0.83299E+07
 0.60849995E+02  0.83299E+07
 0.60899998E+02  0.83299E+07
 0.60949997E+02  0.83299E+07
 0.60999996E+02  0.83299E+07
 0.61049995E+02  0.83299E+07
 0.61099995E+02  0.83299E+07
 0.61149998E+02  0.83299E+07
 0.61199997E+02  0.83299E+07
 0.61249996E+02  0.83299E+07
 0.61299995E+02  0.83299E+07
 0.61349995E+02  0.83299E+07
 0.61399998E+02  0.83299E+07
 0.61449997E+02  0.83298E+07
 0.61499996E+02  0.83298E+07
 0.61549995E+02  0.83298E+07
 0.61599995E+02  0.83298E+07
 0.61649998E+02  0.83298E+07
 0.61699997E+02  0.83298E+07
 0.61749996E+02  0.83298E+07
 0.61799995E+02  0.83299E+07
 0.61849995E+02  0.83299E+07
 0.61899998E+02  0.83299E+07
 0.61949997E+02  0.83298E+07
 0.61999996E+02  0.83298E+07
 0.62049995E+02  0.83298E+07
 0.62099998E+02  0.83298E+07
 0.62149994E+02  0.83298E+07
 0.62199997E+02  0.83298E+07
 0.62249992E+02  0.83298E+07
 0.62299995E+02  0.83298E+07
 0.62349998E+02  0.83298E+07
 0.62399994E+02  0.83298E+07
 0.62449997E+02  0.83298E+07
 0.62499992E+02  0.83298E+07
 0.62549995E+02  0.83298E+07
 0.62599998E+02  0.83298E+07
 0.62649994E+02  0.83298E+07
 0.62699997E+02  0.83298E+07
 0.62749992E+02  0.83298E+07
 0.62799995E+02  0.83298E+07
 0.62849998E+02  0.83298E+07
 0.62899994E+02  0.83298E+07
 0.62949997E+02  0.83298E+07
 0.62999992E+02  0.83298E+07
 0.63049995E+02  0.83298E+07
 0.63099998E+02  0.83298E+07
 0.63149994E+02  0.83298E+07
 0.63199997E+02  0.83298E+07
 0.63249992E+02  0.83298E+07
 0.63299995E+02  0.83298E+07
 0.63349998E+02  0.83298E+07
 0.63399994E+02  0.83298E+07
 0.63449997E+02  0.83298E+07
 0.63499992E+02  0.83298E+07
 0.63549995E+02  0.83298E+07
 0.63599998E+02  0.83298E+07
 0.63649994E+02  0.83298E+07
 0.63699997E+02  0.83297E+07
 0.63749992E+02  0.83297E+07
 0.63799995E+02  0.83297E+07
 0.63849998E+02  0.83297E+07
 0.63899994E+02  0.83297E+07
 0.63949997E+02  0.83297E+07
 0.63999992E+02  0.83297E+07
 0.64049995E+02  0.83297E+07
 0.64099998E+02  0.83297E+07
 0.64149994E+02  0.83297E+07
 0.64199997E+02  0.83297E+07
 0.64249992E+02  0.83297E+07
 0.64299995E+02  0.83298E+07
 0.64349998E+02  0.83301E+07
 0.64399994E+02  0.83305E+07
 0.64449997E+02  0.83308E+07
 0.64499992E+02  0.83312E+07
 0.64549995E+02  0.83316E+07
 0.64599998E+02  0.83319E+07
 0.64649994E+02  0.83321E+07
 0.64699997E+02  0.83322E+07
 0.64749992E+02  0.83323E+07
 0.64799995E+02  0.83322E+07
 0.64849998E+02  0.83321E+07
 0.64899994E+02  0.83321E+07
 0.64949997E+02  0.83323E+07
 0.64999992E+02  0.83324E+07
 0.65049995E+02  0.83325E+07
 0.65099998E+02  0.83325E+07
 0.65149994E+02  0.83324E+07
 0.65199997E+02  0.83324E+07
 0.65249992E+02  0.83324E+07
 0.65299995E+02  0.83325E+07
 0.65349998E+02  0.83327E+07
 0.65399994E+02  0.83329E+07
 0.65449997E+02  0.83330E+07
 0.65499992E+02  0.83331E+07
 0.65549995E+02  0.83331E+07
 0.65599998E+02  0.83329E+07
 0.65649994E+02  0.83328E+07
 0.65699997E+02  0.83327E+07
 0.65749992E+02  0.83327E+07
 0.65799995E+02  0.83328E+07
 0.65849998E+02  0.83330E+07
 0.65899994E+02  0.83333E+07
 0.65949997E+02  0.83334E+07
 0.65999992E+02  0.83336E+07
 0.66049995E+02  0.83337E+07
 0.66099998E+02  0.83338E+07
 0.66149994E+02  0.83340E+07
 0.66199997E+02  0.83341E+07
 0.66249992E+02  0.83343E+07
 0.66299995E+02  0.83345E+07
 0.66349998E+02  0.83347E+07
 0.66399994E+02  0.83352E+07
 0.66449997E+02  0.83354E+07
 0.66499992E+02  0.83355E+07
 0.66549995E+02  0.83354E+07
 0.66599998E+02  0.83352E+07
 0.66649994E+02  0.83350E+07
 0.66699997E+02  0.83349E+07
 0.66749992E+02  0.83347E+07
 0.66799995E+02  0.83346E+07
 0.66849998E+02  0.83346E+07
 0.66899994E+02  0.83345E+07
 0.66949997E+02  0.83345E+07
 0.66999992E+02  0.83345E+07
 0.67049995E+02  0.83346E+07
 0.67099998E+02  0.83347E+07
 0.67149994E+02  0.83346E+07
 0.67199997E+02  0.83344E+07
 0.67249992E+02  0.83340E+07
 0.67299995E+02  0.83334E+07
 0.67349998E+02  0.83330E+07
 0.67399994E+02  0.83328E+07
 0.67449997E+02  0.83329E+07
 0.67499992E+02  0.83334E+07
 0.67549995E+02  0.83338E+07
 0.67599998E+02  0.83341E+07
 0.67649994E+02  0.83343E+07
 0.67699997E+02  0.83348E+07
 0.67749992E+02  0.83352E+07
 0.67799995E+02  0.83359E+07
 0.67849998E+02  0.83367E+07
 0.67899994E+02  0.83374E+07
 0.67949997E+02  0.83380E+07
 0.67999992E+02  0.83381E+07
 0.68049995E+02  0.83386E+07
 0.68099998E+02  0.83386E+07
 0.68149994E+02  0.83394E+07
 0.68199997E+02  0.83384E+07
 0.68249992E+02  0.83374E+07
 0.68299995E+02  0.83214E+07
 0.68349998E+02  0.82840E+07
 0.68399994E+02  0.82337E+07
 0.68449997E+02  0.81619E+07
 0.68499992E+02  0.80770E+07
 0.68549995E+02  0.79942E+07
 0.68599998E+02  0.79280E+07
 0.68649994E+02  0.78774E+07
 0.68699997E+02  0.78307E+07
 0.68749992E+02  0.77846E+07
 0.68799995E+02  0.77356E+07
 0.68849998E+02  0.76869E+07
 0.68899994E+02  0.76497E+07
 0.68949997E+02  0.76384E+07
 0.68999992E+02  0.76589E+07
 0.69049995E+02  0.76985E+07
 0.69099998E+02  0.77360E+07
 0.69149994E+02  0.77663E+07
 0.69199997E+02  0.77956E+07
 0.69249992E+02  0.78281E+07
 0.69299995E+02  0.78640E+07
 0.69349998E+02  0.78993E+07
 0.69399994E+02  0.79347E+07
 0.69449997E+02  0.79722E+07
 0.69499992E+02  0.80034E+07
 0.69549995E+02  0.80151E+07
 0.69599998E+02  0.80091E+07
 0.69649994E+02  0.79957E+07
 0.69699997E+02  0.79779E+07
 0.69749992E+02  0.79478E+07
 0.69799995E+02  0.79043E+07
 0.69849998E+02  0.78480E+07
 0.69899994E+02  0.77704E+07
 0.69949997E+02  0.76742E+07
 0.69999992E+02  0.75699E+07
 0.70049995E+02  0.74642E+07
 0.70099998E+02  0.73644E+07
 0.70149994E+02  0.72790E+07
 0.70199997E+02  0.72126E+07
 0.70249992E+02  0.71686E+07
 0.70299995E+02  0.71430E+07
 0.70349998E+02  0.71304E+07
 0.70399994E+02  0.71343E+07
 0.70449997E+02  0.71563E+07
 0.70499992E+02  0.71868E+07
 0.70549995E+02  0.72130E+07
 0.70599998E+02  0.72299E+07
 0.70649994E+02  0.72420E+07
 0.70699997E+02  0.72431E+07
 0.70749992E+02  0.72255E+07
 0.70799995E+02  0.71969E+07
 0.70849998E+02  0.71662E+07
 0.70899994E+02  0.71432E+07
 0.70949997E+02  0.71279E+07
 0.70999992E+02  0.71197E+07
 0.71049995E+02  0.71188E+07
 0.71099998E+02  0.71278E+07
 0.71149994E+02  0.71458E+07
 0.71199997E+02  0.71705E+07
 0.71249992E+02  0.72027E+07
 0.71299995E+02  0.72396E+07
 0.71349998E+02  0.72741E+07
 0.71399994E+02  0.72951E+07
 0.71449997E+02  0.73038E+07
 0.71499992E+02  0.72994E+07
 0.71549995E+02  0.72791E+07
 0.71599998E+02  0.72478E+07
 0.71649994E+02  0.72183E+07
 0.71699997E+02  0.72012E+07
 0.71749992E+02  0.71918E+07
 0.71799995E+02  0.71803E+07
 0.71849998E+02  0.71657E+07
 0.71899994E+02  0.71513E+07
 0.71949997E+02  0.71401E+07
 0.71999992E+02  0.71355E+07
 0.72049995E+02  0.71314E+07
 0.72099998E+02  0.71227E+07
 0.72149994E+02  0.71107E+07
 0.72199997E+02  0.70984E+07
 0.72249992E+02  0.70879E+07
 0.72299995E+02  0.70786E+07
 0.72349998E+02  0.70690E+07
 0.72399994E+02  0.70592E+07
 0.72449997E+02  0.70515E+07
 0.72499992E+02  0.70437E+07
 0.72549995E+02  0.70309E+07
 0.72599998E+02  0.70061E+07
 0.72649994E+02  0.69664E+07
 0.72699997E+02  0.69202E+07
 0.72749992E+02  0.68765E+07
 0.72799995E+02  0.68339E+07
 0.72849998E+02  0.67920E+07
 0.72899994E+02  0.67595E+07
 0.72949997E+02  0.67352E+07
 0.72999992E+02  0.67107E+07
 0.73049995E+02  0.66867E+07
 0.73099998E+02  0.66712E+07
 0.73149994E+02  0.66690E+07
 0.73199997E+02  0.66715E+07
 0.73249992E+02  0.66724E+07
 0.73299995E+02  0.66766E+07
 0.73349998E+02  0.66839E+07
 0.73399994E+02  0.66923E+07
 0.73449997E+02  0.67073E+07
 0.73499992E+02  0.67339E+07
 0.73549995E+02  0.67667E+07
 0.73599998E+02  0.67989E+07
 0.73649994E+02  0.68294E+07
 0.73699997E+02  0.68589E+07
 0.73749992E+02  0.68873E+07
 0.73799995E+02  0.69124E+07
 0.73849998E+02  0.69329E+07
 0.73899994E+02  0.69523E+07
 0.73949997E+02  0.69695E+07
 0.73999992E+02  0.69762E+07
 0.74049995E+02  0.69663E+07
 0.74099998E+02  0.69408E+07
 0.74149994E+02  0.69040E+07
 0.74199997E+02  0.68540E+07
 0.74249992E+02  0.67953E+07
 0.74299995E+02  0.67328E+07
 0.74349998E+02  0.66715E+07
 0.74399994E+02  0.66199E+07
 0.74449997E+02  0.65721E+07
 0.74499992E+02  0.65216E+07
 0.74549995E+02  0.64648E+07
 0.74599998E+02  0.64018E+07
 0.74649994E+02  0.63349E+07
 0.74699997E+02  0.62638E+07
 0.74749992E+02  0.61913E+07
 0.74799995E+02  0.61230E+07
 0.74849998E+02  0.60631E+07
 0.74899994E+02  0.60104E+07
 0.74949997E+02  0.59636E+07
 0.74999992E+02  0.59266E+07
 0.75049995E+02  0.59008E+07
 0.75099998E+02  0.58859E+07
 0.75149994E+02  0.58841E+07
 0.75199997E+02  0.58918E+07
 0.75249992E+02  0.59007E+07
 0.75299995E+02  0.59065E+07
 0.75349998E+02  0.59074E+07
 0.75399994E+02  0.59060E+07
 0.75449997E+02  0.59084E+07
 0.75499992E+02  0.59187E+07
 0.75549995E+02  0.59413E+07
 0.75599998E+02  0.59775E+07
 0.75649994E+02  0.60226E+07
 0.75699997E+02  0.60754E+07
 0.75749992E+02  0.61348E+07
 0.75799995E+02  0.61992E+07
 0.75849998E+02  0.62644E+07
 0.75899994E+02  0.63268E+07
 0.75949997E+02  0.63886E+07
 0.75999992E+02  0.64501E+07
 0.76049995E+02  0.65083E+07
 0.76099998E+02  0.65557E+07
 0.76149994E+02  0.65895E+07
 0.76199997E+02  0.66107E+07
 0.76249992E+02  0.66189E+07
 0.76299995E+02  0.66156E+07
 0.76349998E+02  0.66026E+07
 0.76399994E+02  0.65778E+07
 0.76449997E+02  0.65373E+07
 0.76499992E+02  0.64807E+07
 0.76549995E+02  0.64116E+07
 0.76599998E+02  0.63325E+07
 0.76649994E+02  0.62436E+07
 0.76699997E+02  0.61453E+07
 0.76749992E+02  0.60387E+07
 0.76799995E+02  0.59221E+07
 0.76849998E+02  0.57964E+07
 0.76899994E+02  0.56665E+07
 0.76949997E+02  0.55398E+07
 0.76999992E+02  0.54220E+07
 0.77049995E+02  0.53110E+07
 0.77099998E+02  0.52043E+07
 0.77149994E+02  0.51014E+07
 0.77199997E+02  0.50076E+07
 0.77249992E+02  0.49287E+07
 0.77299995E+02  0.48633E+07
 0.77349998E+02  0.48149E+07
 0.77399994E+02  0.47917E+07
 0.77449997E+02  0.47922E+07
 0.77499992E+02  0.48085E+07
 0.77549995E+02  0.48360E+07
 0.77599998E+02  0.48750E+07
 0.77649994E+02  0.49255E+07
 0.77699997E+02  0.49826E+07
 0.77749992E+02  0.50451E+07
 0.77799995E+02  0.51181E+07
 0.77849998E+02  0.52040E+07
 0.77899994E+02  0.52997E+07
 0.77949997E+02  0.54002E+07
 0.77999992E+02  0.54942E+07
 0.78049995E+02  0.55645E+07
 0.78099998E+02  0.56039E+07
 0.78149994E+02  0.56171E+07
 0.78199997E+02  0.56124E+07
 0.78249992E+02  0.55977E+07
 0.78299995E+02  0.55865E+07
 0.78349998E+02  0.55855E+07
 0.78399994E+02  0.55873E+07
 0.78449997E+02  0.55808E+07
 0.78499992E+02  0.55623E+07
 0.78549995E+02  0.55365E+07
 0.78599998E+02  0.55107E+07
 0.78649994E+02  0.54943E+07
 0.78699997E+02  0.54877E+07
 0.78749992E+02  0.54849E+07
 0.78799995E+02  0.54805E+07
 0.78849998E+02  0.54690E+07
 0.78899994E+02  0.54503E+07
 0.78949997E+02  0.54280E+07
 0.78999992E+02  0.54067E+07
 0.79049995E+02  0.53926E+07
 0.79099998E+02  0.53878E+07
 0.79149994E+02  0.53862E+07
 0.79199997E+02  0.53855E+07
 0.79249992E+02  0.53853E+07
 0.79299995E+02  0.53846E+07
 0.79349998E+02  0.53844E+07
 0.79399994E+02  0.53847E+07
 0.79449997E+02  0.53869E+07
 0.79499992E+02  0.53941E+07
 0.79549995E+02  0.54011E+07
 0.79599998E+02  0.53998E+07
 0.79649994E+02  0.53894E+07
 0.79699997E+02  0.53711E+07
 0.79749992E+02  0.53483E+07
 0.79799995E+02  0.53240E+07
 0.79849998E+02  0.52993E+07
 0.79899994E+02  0.52698E+07
 0.79949997E+02  0.52285E+07
 0.79999992E+02  0.51718E+07
 0.80049995E+02  0.51044E+07
 0.80099998E+02  0.50403E+07
 0.80149994E+02  0.49855E+07
 0.80199997E+02  0.49355E+07
 0.80249992E+02  0.48885E+07
 0.80299995E+02  0.48452E+07
 0.80349998E+02  0.48053E+07
 0.80399994E+02  0.47661E+07
 0.80449997E+02  0.47241E+07
 0.80499992E+02  0.46784E+07
 0.80549995E+02  0.46277E+07
 0.80599998E+02  0.45779E+07
 0.80649994E+02  0.45354E+07
 0.80699997E+02  0.45039E+07
 0.80749992E+02  0.44858E+07
 0.80799995E+02  0.44812E+07
 0.80849998E+02  0.44929E+07
 0.80899994E+02  0.45191E+07
 0.80949997E+02  0.45547E+07
 0.80999992E+02  0.45949E+07
 0.81049995E+02  0.46358E+07
 0.81099998E+02  0.46730E+07
 0.81149994E+02  0.47078E+07
 0.81199997E+02  0.47440E+07
 0.81249992E+02  0.47832E+07
 0.81299995E+02  0.48264E+07
 0.81349998E+02  0.48705E+07
 0.81399994E+02  0.49133E+07
 0.81449997E+02  0.49513E+07
 0.81499992E+02  0.49786E+07
 0.81549995E+02  0.49897E+07
 0.81599998E+02  0.49847E+07
 0.81649994E+02  0.49659E+07
 0.81699997E+02  0.49361E+07
 0.81749992E+02  0.48989E+07
 0.81799995E+02  0.48518E+07
 0.81849998E+02  0.47971E+07
 0.81899994E+02  0.47388E+07
 0.81949997E+02  0.46765E+07
 0.81999992E+02  0.46109E+07
 0.82049995E+02  0.45448E+07
 0.82099998E+02  0.44788E+07
 0.82149994E+02  0.44112E+07
 0.82199997E+02  0.43441E+07
 0.82249992E+02  0.42825E+07
 0.82299995E+02  0.42284E+07
 0.82349998E+02  0.41796E+07
 0.82399994E+02  0.41378E+07
 0.82449997E+02  0.41057E+07
 0.82499992E+02  0.40838E+07
 0.82549995E+02  0.40711E+07
 0.82599998E+02  0.40641E+07
 0.82649994E+02  0.40621E+07
 0.82699997E+02  0.40648E+07
 0.82749992E+02  0.40676E+07
 0.82799995E+02  0.40686E+07
 0.82849998E+02  0.40719E+07
 0.82899994E+02  0.40808E+07
 0.82949997E+02  0.40970E+07
 0.82999992E+02  0.41228E+07
 0.83049995E+02  0.41552E+07
 0.83099998E+02  0.41864E+07
 0.83149994E+02  0.42129E+07
 0.83199997E+02  0.42347E+07
 0.83249992E+02  0.42519E+07
 0.83299995E+02  0.42625E+07
 0.83349998E+02  0.42662E+07
 0.83399994E+02  0.42671E+07
 0.83449997E+02  0.42623E+07
 0.83499992E+02  0.42439E+07
 0.83549995E+02  0.42126E+07
 0.83599998E+02  0.41745E+07
 0.83649994E+02  0.41353E+07
 0.83699997E+02  0.41015E+07
 0.83749992E+02  0.40769E+07
 0.83799995E+02  0.40583E+07
 0.83849998E+02  0.40435E+07
 0.83899994E+02  0.40356E+07
 0.83949997E+02  0.40379E+07
 0.83999992E+02  0.40501E+07
 0.84049995E+02  0.40685E+07
 0.84099998E+02  0.40886E+07
 0.84149994E+02  0.41088E+07
 0.84199997E+02  0.41269E+07
 0.84249992E+02  0.41421E+07
 0.84299995E+02  0.41581E+07
 0.84349998E+02  0.41736E+07
 0.84399994E+02  0.41863E+07
 0.84449997E+02  0.41958E+07
 0.84499992E+02  0.42011E+07
 0.84549995E+02  0.42001E+07
 0.84599998E+02  0.41960E+07
 0.84649994E+02  0.41952E+07
 0.84699997E+02  0.41969E+07
 0.84749992E+02  0.41951E+07
 0.84799995E+02  0.41877E+07
 0.84849998E+02  0.41775E+07
 0.84899994E+02  0.41654E+07
 0.84949997E+02  0.41506E+07
 0.84999992E+02  0.41344E+07
 0.85049995E+02  0.41217E+07
 0.85099998E+02  0.41077E+07
 0.85149994E+02  0.40865E+07
 0.85199997E+02  0.40572E+07
 0.85249992E+02  0.40176E+07
 0.85299995E+02  0.39691E+07
 0.85349998E+02  0.39151E+07
 0.85399994E+02  0.38585E+07
 0.85449997E+02  0.37985E+07
 0.85499992E+02  0.37329E+07
 0.85549995E+02  0.36658E+07
 0.85599998E+02  0.36009E+07
 0.85649994E+02  0.35388E+07
 0.85699997E+02  0.34834E+07
 0.85749992E+02  0.34401E+07
 0.85799995E+02  0.34086E+07
 0.85849998E+02  0.33859E+07
 0.85899994E+02  0.33689E+07
 0.85949997E+02  0.33534E+07
 0.85999992E+02  0.33406E+07
 0.86049995E+02  0.33325E+07
 0.86099998E+02  0.33277E+07
 0.86149994E+02  0.33259E+07
 0.86199997E+02  0.33255E+07
 0.86249992E+02  0.33288E+07
 0.86299995E+02  0.33385E+07
 0.86349998E+02  0.33508E+07
 0.86399994E+02  0.33630E+07
 0.86449997E+02  0.33764E+07
 0.86499992E+02  0.33905E+07
 0.86549995E+02  0.34046E+07
 0.86599998E+02  0.34183E+07
 0.86649994E+02  0.34285E+07
 0.86699997E+02  0.34363E+07
 0.86749992E+02  0.34419E+07
 0.86799995E+02  0.34456E+07
 0.86849998E+02  0.34535E+07
 0.86899994E+02  0.34674E+07
 0.86949997E+02  0.34846E+07
 0.86999992E+02  0.34978E+07
 0.87049995E+02  0.35003E+07
 0.87099998E+02  0.34931E+07
 0.87149994E+02  0.34838E+07
 0.87199997E+02  0.34752E+07
 0.87249992E+02  0.34658E+07
 0.87299995E+02  0.34546E+07
 0.87349998E+02  0.34356E+07
 0.87399994E+02  0.34017E+07
 0.87449997E+02  0.33541E+07
 0.87499992E+02  0.33020E+07
 0.87549995E+02  0.32551E+07
 0.87599991E+02  0.32164E+07
 0.87649994E+02  0.31868E+07
 0.87699997E+02  0.31695E+07
 0.87749992E+02  0.31622E+07
 0.87799995E+02  0.31579E+07
 0.87849991E+02  0.31534E+07
 0.87899994E+02  0.31517E+07
 0.87949997E+02  0.31548E+07
 0.87999992E+02  0.31590E+07
 0.88049995E+02  0.31586E+07
 0.88099991E+02  0.31507E+07
 0.88149994E+02  0.31353E+07
 0.88199997E+02  0.31160E+07
 0.88249992E+02  0.30957E+07
 0.88299995E+02  0.30743E+07
 0.88349991E+02  0.30502E+07
 0.88399994E+02  0.30257E+07
 0.88449997E+02  0.30055E+07
 0.88499992E+02  0.29891E+07
 0.88549995E+02  0.29736E+07
 0.88599991E+02  0.29572E+07
 0.88649994E+02  0.29403E+07
 0.88699997E+02  0.29259E+07
 0.88749992E+02  0.29138E+07
 0.88799995E+02  0.29054E+07
 0.88849991E+02  0.29033E+07
 0.88899994E+02  0.29060E+07
 0.88949997E+02  0.29114E+07
 0.88999992E+02  0.29176E+07
 0.89049995E+02  0.29207E+07
 0.89099991E+02  0.29194E+07
 0.89149994E+02  0.29142E+07
 0.89199997E+02  0.29078E+07
 0.89249992E+02  0.29034E+07
 0.89299995E+02  0.29039E+07
 0.89349991E+02  0.29136E+07
 0.89399994E+02  0.29328E+07
 0.89449997E+02  0.29545E+07
 0.89499992E+02  0.29721E+07
 0.89549995E+02  0.29839E+07
 0.89599991E+02  0.29911E+07
 0.89649994E+02  0.29964E+07
 0.89699997E+02  0.29989E+07
 0.89749992E+02  0.29958E+07
 0.89799995E+02  0.29880E+07
 0.89849991E+02  0.29756E+07
 0.89899994E+02  0.29585E+07
 0.89949997E+02  0.29373E+07
 0.89999992E+02  0.29106E+07
 0.90049995E+02  0.28792E+07
 0.90099991E+02  0.28447E+07
 0.90149994E+02  0.28102E+07
 0.90199997E+02  0.27759E+07
 0.90249992E+02  0.27444E+07
 0.90299995E+02  0.27178E+07
 0.90349991E+02  0.26944E+07
 0.90399994E+02  0.26725E+07
 0.90449997E+02  0.26529E+07
 0.90499992E+02  0.26356E+07
 0.90549995E+02  0.26190E+07
 0.90599991E+02  0.26018E+07
 0.90649994E+02  0.25837E+07
 0.90699997E+02  0.25672E+07
 0.90749992E+02  0.25548E+07
 0.90799995E+02  0.25465E+07
 0.90849991E+02  0.25436E+07
 0.90899994E+02  0.25451E+07
 0.90949997E+02  0.25476E+07
 0.90999992E+02  0.25530E+07
 0.91049995E+02  0.25601E+07
 0.91099991E+02  0.25643E+07
 0.91149994E+02  0.25642E+07
 0.91199997E+02  0.25615E+07
 0.91249992E+02  0.25579E+07
 0.91299995E+02  0.25561E+07
 0.91349991E+02  0.25587E+07
 0.91399994E+02  0.25633E+07
 0.91449997E+02  0.25653E+07
 0.91499992E+02  0.25624E+07
 0.91549995E+02  0.25596E+07
 0.91599991E+02  0.25639E+07
 0.91649994E+02  0.25772E+07
 0.91699997E+02  0.25992E+07
 0.91749992E+02  0.26267E+07
 0.91799995E+02  0.26525E+07
 0.91849991E+02  0.26706E+07
 0.91899994E+02  0.26790E+07
 0.91949997E+02  0.26787E+07
 0.91999992E+02  0.26703E+07
 0.92049995E+02  0.26564E+07
 0.92099991E+02  0.26407E+07
 0.92149994E+02  0.26220E+07
 0.92199997E+02  0.25964E+07
 0.92249992E+02  0.25647E+07
 0.92299995E+02  0.25292E+07
 0.92349991E+02  0.24897E+07
 0.92399994E+02  0.24465E+07
 0.92449997E+02  0.23987E+07
 0.92499992E+02  0.23500E+07
 0.92549995E+02  0.23050E+07
 0.92599991E+02  0.22641E+07
 0.92649994E+02  0.22240E+07
 0.92699997E+02  0.21785E+07
 0.92749992E+02  0.21262E+07
 0.92799995E+02  0.20724E+07
 0.92849991E+02  0.20231E+07
 0.92899994E+02  0.19817E+07
 0.92949997E+02  0.19499E+07
 0.92999992E+02  0.19283E+07
 0.93049995E+02  0.19156E+07
 0.93099991E+02  0.19104E+07
 0.93149994E+02  0.19131E+07
 0.93199997E+02  0.19251E+07
 0.93249992E+02  0.19472E+07
 0.93299995E+02  0.19747E+07
 0.93349991E+02  0.20030E+07
 0.93399994E+02  0.20260E+07
 0.93449997E+02  0.20421E+07
 0.93499992E+02  0.20547E+07
 0.93549995E+02  0.20644E+07
 0.93599991E+02  0.20740E+07
 0.93649994E+02  0.20880E+07
 0.93699997E+02  0.21122E+07
 0.93749992E+02  0.21488E+07
 0.93799995E+02  0.21922E+07
 0.93849991E+02  0.22337E+07
 0.93899994E+02  0.22652E+07
 0.93949997E+02  0.22853E+07
 0.93999992E+02  0.22980E+07
 0.94049995E+02  0.23081E+07
 0.94099991E+02  0.23186E+07
 0.94149994E+02  0.23295E+07
 0.94199997E+02  0.23354E+07
 0.94249992E+02  0.23300E+07
 0.94299995E+02  0.23119E+07
 0.94349991E+02  0.22843E+07
 0.94399994E+02  0.22533E+07
 0.94449997E+02  0.22233E+07
 0.94499992E+02  0.21981E+07
 0.94549995E+02  0.21795E+07
 0.94599991E+02  0.21637E+07
 0.94649994E+02  0.21451E+07
 0.94699997E+02  0.21184E+07
 0.94749992E+02  0.20842E+07
 0.94799995E+02  0.20468E+07
 0.94849991E+02  0.20083E+07
 0.94899994E+02  0.19703E+07
 0.94949997E+02  0.19338E+07
 0.94999992E+02  0.18977E+07
 0.95049995E+02  0.18631E+07
 0.95099991E+02  0.18315E+07
 0.95149994E+02  0.18036E+07
 0.95199997E+02  0.17815E+07
 0.95249992E+02  0.17654E+07
 0.95299995E+02  0.17534E+07
 0.95349991E+02  0.17430E+07
 0.95399994E+02  0.17339E+07
 0.95449997E+02  0.17273E+07
 0.95499992E+02  0.17255E+07
 0.95549995E+02  0.17291E+07
 0.95599991E+02  0.17364E+07
 0.95649994E+02  0.17452E+07
 0.95699997E+02  0.17523E+07
 0.95749992E+02  0.17562E+07
 0.95799995E+02  0.17558E+07
 0.95849991E+02  0.17518E+07
 0.95899994E+02  0.17478E+07
 0.95949997E+02  0.17456E+07
 0.95999992E+02  0.17427E+07
 0.96049995E+02  0.17340E+07
 0.96099991E+02  0.17168E+07
 0.96149994E+02  0.16949E+07
 0.96199997E+02  0.16753E+07
 0.96249992E+02  0.16613E+07
 0.96299995E+02  0.16538E+07
 0.96349991E+02  0.16533E+07
 0.96399994E+02  0.16581E+07
 0.96449997E+02  0.16665E+07
 0.96499992E+02  0.16765E+07
 0.96549995E+02  0.16851E+07
 0.96599991E+02  0.16930E+07
 0.96649994E+02  0.17013E+07
 0.96699997E+02  0.17115E+07
 0.96749992E+02  0.17267E+07
 0.96799995E+02  0.17475E+07
 0.96849991E+02  0.17710E+07
 0.96899994E+02  0.17927E+07
 0.96949997E+02  0.18104E+07
 0.96999992E+02  0.18243E+07
 0.97049995E+02  0.18355E+07
 0.97099991E+02  0.18431E+07
 0.97149994E+02  0.18463E+07
 0.97199997E+02  0.18462E+07
 0.97249992E+02  0.18445E+07
 0.97299995E+02  0.18397E+07
 0.97349991E+02  0.18308E+07
 0.97399994E+02  0.18188E+07
 0.97449997E+02  0.18040E+07
 0.97499992E+02  0.17861E+07
 0.97549995E+02  0.17628E+07
 0.97599991E+02  0.17339E+07
 0.97649994E+02  0.17023E+07
 0.97699997E+02  0.16687E+07
 0.97749992E+02  0.16327E+07
 0.97799995E+02  0.15932E+07
 0.97849991E+02  0.15500E+07
 0.97899994E+02  0.15066E+07
 0.97949997E+02  0.14652E+07
 0.97999992E+02  0.14264E+07
