-0.20000000E+01 -0.88891E+04
-0.19500000E+01 -0.94368E+04
-0.19000000E+01 -0.10322E+05
-0.18500000E+01 -0.11252E+05
-0.18000000E+01 -0.12040E+05
-0.17500000E+01 -0.12570E+05
-0.17000000E+01 -0.12808E+05
-0.16500001E+01 -0.12855E+05
-0.16000000E+01 -0.12733E+05
-0.15500000E+01 -0.12498E+05
-0.15000000E+01 -0.12135E+05
-0.14500000E+01 -0.11471E+05
-0.14000001E+01 -0.10436E+05
-0.13500000E+01 -0.90153E+04
-0.13000001E+01 -0.72103E+04
-0.12500000E+01 -0.51334E+04
-0.12000000E+01 -0.28730E+04
-0.11500001E+01 -0.53103E+03
-0.11000000E+01  0.18316E+04
-0.10500001E+01  0.42413E+04
-0.10000000E+01  0.67181E+04
-0.95000005E+00  0.93049E+04
-0.90000010E+00  0.11893E+05
-0.85000002E+00  0.14368E+05
-0.80000007E+00  0.16662E+05
-0.75000012E+00  0.18709E+05
-0.70000005E+00  0.20543E+05
-0.65000010E+00  0.22078E+05
-0.60000014E+00  0.23195E+05
-0.55000007E+00  0.23802E+05
-0.50000012E+00  0.23881E+05
-0.45000005E+00  0.23526E+05
-0.40000010E+00  0.22765E+05
-0.35000014E+00  0.21561E+05
-0.30000007E+00  0.19840E+05
-0.25000012E+00  0.17652E+05
-0.20000005E+00  0.15185E+05
-0.15000010E+00  0.12584E+05
-0.10000014E+00  0.99429E+04
-0.50000072E-01  0.73288E+04
-0.11920929E-06  0.46667E+04
 0.49999952E-01  0.19598E+04
 0.99999905E-01 -0.61569E+03
 0.14999986E+00 -0.29826E+04
 0.19999981E+00 -0.50986E+04
 0.24999976E+00 -0.69182E+04
 0.29999995E+00 -0.84340E+04
 0.34999990E+00 -0.95807E+04
 0.39999986E+00 -0.10284E+05
 0.44999981E+00 -0.10577E+05
 0.49999976E+00 -0.10569E+05
 0.54999995E+00 -0.10338E+05
 0.59999990E+00 -0.98708E+04
 0.64999986E+00 -0.91305E+04
 0.69999981E+00 -0.82364E+04
 0.74999976E+00 -0.75223E+04
 0.79999971E+00 -0.71567E+04
 0.84999990E+00 -0.70206E+04
 0.89999986E+00 -0.69165E+04
 0.94999981E+00 -0.67917E+04
 0.99999976E+00 -0.67543E+04
 0.10499997E+01 -0.68819E+04
 0.10999999E+01 -0.71917E+04
 0.11499999E+01 -0.76534E+04
 0.11999998E+01 -0.82813E+04
 0.12499998E+01 -0.90547E+04
 0.12999997E+01 -0.99366E+04
 0.13499999E+01 -0.10835E+05
 0.13999999E+01 -0.11633E+05
 0.14499998E+01 -0.12227E+05
 0.14999998E+01 -0.12462E+05
 0.15499997E+01 -0.12361E+05
 0.15999999E+01 -0.12036E+05
 0.16499999E+01 -0.11582E+05
 0.16999998E+01 -0.11151E+05
 0.17499998E+01 -0.10742E+05
 0.17999997E+01 -0.10319E+05
 0.18499997E+01 -0.99110E+04
 0.18999999E+01 -0.95241E+04
 0.19499998E+01 -0.90255E+04
 0.19999998E+01 -0.82773E+04
 0.20499997E+01 -0.73198E+04
 0.20999999E+01 -0.61597E+04
 0.21499996E+01 -0.47834E+04
 0.21999998E+01 -0.32296E+04
 0.22499995E+01 -0.14412E+04
 0.22999997E+01  0.61251E+03
 0.23499999E+01  0.27893E+04
 0.23999996E+01  0.49024E+04
 0.24499998E+01  0.68553E+04
 0.24999995E+01  0.86087E+04
 0.25499997E+01  0.10165E+05
 0.25999999E+01  0.11584E+05
 0.26499996E+01  0.12756E+05
 0.26999998E+01  0.13521E+05
 0.27499995E+01  0.13812E+05
 0.27999997E+01  0.13494E+05
 0.28499999E+01  0.12362E+05
 0.28999996E+01  0.10394E+05
 0.29499998E+01  0.78820E+04
 0.29999995E+01  0.50845E+04
 0.30499997E+01  0.20959E+04
 0.30999999E+01 -0.97502E+03
 0.31499996E+01 -0.39955E+04
 0.31999998E+01 -0.68586E+04
 0.32499995E+01 -0.94767E+04
 0.32999997E+01 -0.11789E+05
 0.33499999E+01 -0.13689E+05
 0.33999996E+01 -0.15102E+05
 0.34499998E+01 -0.16097E+05
 0.34999995E+01 -0.16752E+05
 0.35499997E+01 -0.17151E+05
 0.35999994E+01 -0.17413E+05
 0.36499996E+01 -0.17598E+05
 0.36999998E+01 -0.17760E+05
 0.37499995E+01 -0.17987E+05
 0.37999997E+01 -0.18100E+05
 0.38499994E+01 -0.17858E+05
 0.38999996E+01 -0.17172E+05
 0.39499998E+01 -0.16028E+05
 0.39999995E+01 -0.14547E+05
 0.40499997E+01 -0.12817E+05
 0.40999994E+01 -0.10876E+05
 0.41499996E+01 -0.87183E+04
 0.41999998E+01 -0.63599E+04
 0.42499995E+01 -0.38834E+04
 0.42999997E+01 -0.13278E+04
 0.43499994E+01  0.12512E+04
 0.43999996E+01  0.37243E+04
 0.44499998E+01  0.61062E+04
 0.44999995E+01  0.84108E+04
 0.45499997E+01  0.10600E+05
 0.45999994E+01  0.12719E+05
 0.46499996E+01  0.14727E+05
 0.46999998E+01  0.16605E+05
 0.47499995E+01  0.18193E+05
 0.47999997E+01  0.19440E+05
 0.48499994E+01  0.20417E+05
 0.48999996E+01  0.21078E+05
 0.49499998E+01  0.21517E+05
 0.49999995E+01  0.21828E+05
 0.50499997E+01  0.22126E+05
 0.50999994E+01  0.22412E+05
 0.51499996E+01  0.22582E+05
 0.51999998E+01  0.22682E+05
 0.52499995E+01  0.22697E+05
 0.52999997E+01  0.22683E+05
 0.53499994E+01  0.22739E+05
 0.53999996E+01  0.22752E+05
 0.54499993E+01  0.22600E+05
 0.54999995E+01  0.22106E+05
 0.55499997E+01  0.21193E+05
 0.55999994E+01  0.19982E+05
 0.56499996E+01  0.18624E+05
 0.56999993E+01  0.17336E+05
 0.57499995E+01  0.16213E+05
 0.57999997E+01  0.15353E+05
 0.58499994E+01  0.14823E+05
 0.58999996E+01  0.14494E+05
 0.59499993E+01  0.14297E+05
 0.59999995E+01  0.14201E+05
 0.60499992E+01  0.14209E+05
 0.60999994E+01  0.14236E+05
 0.61499996E+01  0.14107E+05
 0.61999998E+01  0.13766E+05
 0.62499990E+01  0.13248E+05
 0.62999992E+01  0.12536E+05
 0.63499994E+01  0.11614E+05
 0.63999996E+01  0.10488E+05
 0.64499998E+01  0.92178E+04
 0.64999990E+01  0.77831E+04
 0.65499992E+01  0.62002E+04
 0.65999994E+01  0.45623E+04
 0.66499996E+01  0.27902E+04
 0.66999998E+01  0.91082E+03
 0.67499990E+01 -0.99944E+03
 0.67999992E+01 -0.28767E+04
 0.68499994E+01 -0.46031E+04
 0.68999996E+01 -0.61527E+04
 0.69499998E+01 -0.75847E+04
 0.69999990E+01 -0.89546E+04
 0.70499992E+01 -0.10256E+05
 0.70999994E+01 -0.11396E+05
 0.71499996E+01 -0.12333E+05
 0.71999998E+01 -0.13036E+05
 0.72499990E+01 -0.13565E+05
 0.72999992E+01 -0.14046E+05
 0.73499994E+01 -0.14559E+05
 0.73999996E+01 -0.15139E+05
 0.74499998E+01 -0.15742E+05
 0.74999990E+01 -0.16377E+05
 0.75499992E+01 -0.17032E+05
 0.75999994E+01 -0.17637E+05
 0.76499996E+01 -0.18107E+05
 0.76999998E+01 -0.18373E+05
 0.77499990E+01 -0.18468E+05
 0.77999992E+01 -0.18472E+05
 0.78499994E+01 -0.18412E+05
 0.78999996E+01 -0.18332E+05
 0.79499998E+01 -0.18169E+05
 0.79999990E+01 -0.17721E+05
 0.80499992E+01 -0.16969E+05
 0.80999994E+01 -0.16030E+05
 0.81499996E+01 -0.15093E+05
 0.81999998E+01 -0.14279E+05
 0.82499990E+01 -0.13481E+05
 0.82999992E+01 -0.12647E+05
 0.83499994E+01 -0.11833E+05
 0.83999996E+01 -0.11185E+05
 0.84499998E+01 -0.10808E+05
 0.84999990E+01 -0.10572E+05
 0.85499992E+01 -0.10312E+05
 0.85999994E+01 -0.99517E+04
 0.86499996E+01 -0.94977E+04
 0.86999998E+01 -0.89342E+04
 0.87499990E+01 -0.82533E+04
 0.87999992E+01 -0.74633E+04
 0.88499994E+01 -0.65244E+04
 0.88999996E+01 -0.54122E+04
 0.89499998E+01 -0.40774E+04
 0.89999990E+01 -0.24710E+04
 0.90499992E+01 -0.67660E+03
 0.90999994E+01  0.11467E+04
 0.91499996E+01  0.28266E+04
 0.91999989E+01  0.41934E+04
 0.92499990E+01  0.51686E+04
 0.92999992E+01  0.57858E+04
 0.93499994E+01  0.61214E+04
 0.93999996E+01  0.62737E+04
 0.94499989E+01  0.62412E+04
 0.94999990E+01  0.60763E+04
 0.95499992E+01  0.58776E+04
 0.95999994E+01  0.56795E+04
 0.96499996E+01  0.55848E+04
 0.96999989E+01  0.55944E+04
 0.97499990E+01  0.56454E+04
 0.97999992E+01  0.56767E+04
 0.98499994E+01  0.57344E+04
 0.98999996E+01  0.59064E+04
 0.99499989E+01  0.61552E+04
 0.99999990E+01  0.65104E+04
 0.10049999E+02  0.69866E+04
 0.10099999E+02  0.75810E+04
 0.10150000E+02  0.83533E+04
 0.10199999E+02  0.93032E+04
 0.10249999E+02  0.10453E+05
 0.10299999E+02  0.11766E+05
 0.10349999E+02  0.13096E+05
 0.10400000E+02  0.14286E+05
 0.10449999E+02  0.15141E+05
 0.10499999E+02  0.15577E+05
 0.10549999E+02  0.15653E+05
 0.10599999E+02  0.15380E+05
 0.10650000E+02  0.14865E+05
 0.10699999E+02  0.14229E+05
 0.10749999E+02  0.13447E+05
 0.10799999E+02  0.12376E+05
 0.10849999E+02  0.10851E+05
 0.10900000E+02  0.88287E+04
 0.10949999E+02  0.64111E+04
 0.10999999E+02  0.38002E+04
 0.11049999E+02  0.10422E+04
 0.11099999E+02 -0.18097E+04
 0.11150000E+02 -0.42283E+04
 0.11199999E+02 -0.59125E+04
 0.11249999E+02 -0.71332E+04
 0.11299999E+02 -0.81555E+04
 0.11349999E+02 -0.89961E+04
 0.11400000E+02 -0.94747E+04
 0.11449999E+02 -0.97229E+04
 0.11499999E+02 -0.93264E+04
 0.11549999E+02 -0.83030E+04
 0.11599999E+02 -0.72176E+04
 0.11650000E+02 -0.63289E+04
 0.11699999E+02 -0.50784E+04
 0.11749999E+02 -0.42804E+04
 0.11799999E+02 -0.34628E+04
 0.11849999E+02 -0.18221E+04
 0.11900000E+02  0.16279E+03
 0.11949999E+02  0.18410E+04
 0.11999999E+02  0.41266E+04
 0.12049999E+02  0.42368E+04
 0.12099999E+02  0.49309E+04
 0.12150000E+02 -0.12815E+05
 0.12199999E+02 -0.78045E+05
 0.12249999E+02 -0.13458E+06
 0.12299999E+02 -0.12018E+06
 0.12349999E+02 -0.67153E+05
 0.12400000E+02 -0.33377E+05
 0.12449999E+02 -0.39597E+05
 0.12499999E+02 -0.78973E+05
 0.12549999E+02 -0.15752E+06
 0.12599999E+02 -0.23240E+06
 0.12649999E+02 -0.22140E+06
 0.12699999E+02 -0.21320E+06
 0.12749999E+02 -0.24075E+06
 0.12799999E+02 -0.24098E+06
 0.12849999E+02 -0.35059E+06
 0.12899999E+02 -0.56563E+06
 0.12949999E+02 -0.65775E+06
 0.12999999E+02 -0.70524E+06
 0.13049999E+02 -0.73742E+06
 0.13099999E+02 -0.60874E+06
 0.13149999E+02 -0.54947E+06
 0.13199999E+02 -0.41060E+06
 0.13249999E+02 -0.36432E+06
 0.13299999E+02 -0.55980E+06
 0.13349999E+02 -0.57878E+06
 0.13399999E+02 -0.54496E+06
 0.13449999E+02 -0.32242E+06
 0.13499999E+02 -0.20566E+06
 0.13549999E+02 -0.17511E+06
 0.13599999E+02 -0.56119E+05
 0.13649999E+02 -0.20841E+06
 0.13699999E+02 -0.30179E+06
 0.13749999E+02 -0.18695E+06
 0.13799999E+02 -0.15261E+06
 0.13849999E+02 -0.53497E+05
 0.13899999E+02  0.29122E+05
 0.13949999E+02 -0.21118E+06
 0.13999999E+02 -0.30279E+06
 0.14049999E+02 -0.17253E+06
 0.14099998E+02  0.83376E+05
 0.14150000E+02  0.30720E+05
 0.14199999E+02 -0.14839E+06
 0.14249998E+02  0.15473E+06
 0.14299999E+02  0.25257E+06
 0.14349998E+02  0.69683E+05
 0.14400000E+02 -0.25831E+05
 0.14449999E+02 -0.66695E+04
 0.14499998E+02  0.13577E+06
 0.14549999E+02  0.26619E+06
 0.14599998E+02  0.16975E+06
 0.14650000E+02 -0.87284E+05
 0.14699999E+02 -0.29005E+06
 0.14749998E+02 -0.29716E+06
 0.14799999E+02 -0.19283E+06
 0.14849998E+02 -0.24179E+06
 0.14900000E+02 -0.23343E+06
 0.14949999E+02 -0.13352E+06
 0.14999998E+02 -0.91981E+05
 0.15049999E+02 -0.18769E+06
 0.15099998E+02 -0.34928E+06
 0.15150000E+02 -0.21453E+06
 0.15199999E+02 -0.15713E+06
 0.15249998E+02 -0.21581E+06
 0.15299999E+02 -0.13454E+06
 0.15349998E+02 -0.14289E+06
 0.15400000E+02 -0.18309E+05
 0.15449999E+02  0.22255E+05
 0.15499998E+02 -0.67701E+05
 0.15549999E+02 -0.17161E+06
 0.15599998E+02 -0.18789E+06
 0.15650000E+02 -0.17616E+05
 0.15699999E+02  0.82097E+05
 0.15749998E+02  0.15583E+05
 0.15799999E+02 -0.85053E+05
 0.15849998E+02  0.21299E+06
 0.15900000E+02  0.56541E+06
 0.15949999E+02  0.78554E+06
 0.15999998E+02  0.83895E+06
 0.16049999E+02  0.60660E+06
 0.16099998E+02  0.45458E+06
 0.16150000E+02  0.39347E+06
 0.16199999E+02  0.40719E+06
 0.16249998E+02  0.37778E+06
 0.16299999E+02  0.39189E+06
 0.16349998E+02  0.47461E+06
 0.16400000E+02  0.11446E+06
 0.16449999E+02 -0.16812E+06
 0.16499998E+02 -0.25722E+05
 0.16549999E+02  0.69402E+05
 0.16599998E+02  0.12133E+05
 0.16650000E+02  0.51266E+05
 0.16699999E+02  0.26149E+06
 0.16749998E+02  0.38037E+06
 0.16799999E+02  0.17334E+06
 0.16849998E+02 -0.18852E+06
 0.16900000E+02 -0.38869E+06
 0.16949999E+02 -0.42861E+06
 0.16999998E+02 -0.12828E+06
 0.17049999E+02  0.29636E+06
 0.17099998E+02  0.41566E+06
 0.17150000E+02  0.84546E+05
 0.17199999E+02 -0.20219E+06
 0.17249998E+02 -0.21577E+06
 0.17299999E+02 -0.12236E+06
 0.17349998E+02 -0.48707E+05
 0.17400000E+02 -0.21138E+06
 0.17449999E+02 -0.33415E+06
 0.17499998E+02 -0.42199E+06
 0.17549999E+02 -0.32585E+06
 0.17599998E+02 -0.97312E+05
 0.17650000E+02  0.90189E+05
 0.17699999E+02  0.24805E+06
 0.17749998E+02 -0.14468E+05
 0.17799999E+02 -0.38545E+06
 0.17849998E+02 -0.45412E+06
 0.17900000E+02 -0.60385E+06
 0.17949999E+02 -0.83638E+06
 0.17999998E+02 -0.91031E+06
 0.18049999E+02 -0.74757E+06
 0.18099998E+02 -0.61946E+06
 0.18150000E+02 -0.60562E+06
 0.18199999E+02 -0.76933E+06
 0.18249998E+02 -0.10327E+07
 0.18299999E+02 -0.99626E+06
 0.18349998E+02 -0.87307E+06
 0.18400000E+02 -0.71860E+06
 0.18449999E+02 -0.65955E+06
 0.18499998E+02 -0.53794E+06
 0.18549999E+02 -0.32500E+06
 0.18599998E+02 -0.34912E+06
 0.18650000E+02 -0.45951E+06
 0.18699999E+02 -0.55909E+06
 0.18749998E+02 -0.70709E+06
 0.18799999E+02 -0.65969E+06
 0.18849998E+02 -0.43672E+06
 0.18900000E+02 -0.29248E+06
 0.18949999E+02 -0.26995E+06
 0.18999998E+02 -0.29704E+06
 0.19049999E+02 -0.34269E+06
 0.19099998E+02 -0.44440E+06
 0.19150000E+02 -0.49863E+06
 0.19199999E+02 -0.50321E+06
 0.19249998E+02 -0.47259E+06
 0.19299999E+02 -0.34347E+06
 0.19349998E+02 -0.78953E+05
 0.19400000E+02  0.19646E+06
 0.19449999E+02  0.34080E+06
 0.19499998E+02  0.39237E+06
 0.19549999E+02  0.40625E+06
 0.19599998E+02  0.46077E+06
 0.19650000E+02  0.57097E+06
 0.19699999E+02  0.61030E+06
 0.19749998E+02  0.55350E+06
 0.19799999E+02  0.38356E+06
 0.19849998E+02  0.28456E+06
 0.19900000E+02  0.28892E+05
 0.19949999E+02 -0.12133E+06
 0.19999998E+02 -0.68903E+05
 0.20049999E+02  0.36719E+05
 0.20099998E+02  0.46661E+06
 0.20150000E+02  0.73989E+06
 0.20199999E+02  0.81793E+06
 0.20249998E+02  0.70850E+06
 0.20299999E+02  0.83833E+06
 0.20349998E+02  0.12827E+07
 0.20399998E+02  0.18200E+07
 0.20449999E+02  0.22208E+07
 0.20499998E+02  0.20495E+07
 0.20549999E+02  0.14195E+07
 0.20599998E+02  0.64172E+06
 0.20649998E+02  0.14694E+06
 0.20699999E+02  0.13335E+06
 0.20749998E+02  0.29782E+06
 0.20799999E+02  0.30702E+06
 0.20849998E+02  0.29291E+06
 0.20899998E+02  0.23486E+06
 0.20949999E+02  0.46241E+06
 0.20999998E+02  0.67519E+06
 0.21049999E+02  0.80556E+06
 0.21099998E+02  0.10408E+07
 0.21149998E+02  0.15042E+07
 0.21199999E+02  0.20041E+07
 0.21249998E+02  0.20796E+07
 0.21299999E+02  0.19437E+07
 0.21349998E+02  0.16382E+07
 0.21399998E+02  0.12161E+07
 0.21449999E+02  0.81144E+06
 0.21499998E+02  0.46368E+06
 0.21549999E+02  0.12376E+06
 0.21599998E+02 -0.10318E+06
 0.21649998E+02 -0.30460E+06
 0.21699999E+02 -0.55193E+06
 0.21749998E+02 -0.96785E+06
 0.21799999E+02 -0.14017E+07
 0.21849998E+02 -0.17557E+07
 0.21899998E+02 -0.19544E+07
 0.21949999E+02 -0.20791E+07
 0.21999998E+02 -0.20801E+07
 0.22049999E+02 -0.19707E+07
 0.22099998E+02 -0.19583E+07
 0.22149998E+02 -0.17895E+07
 0.22199999E+02 -0.12858E+07
 0.22249998E+02 -0.63717E+06
 0.22299999E+02 -0.33172E+06
 0.22349998E+02 -0.31563E+06
 0.22399998E+02 -0.11986E+06
 0.22449999E+02  0.11423E+06
 0.22499998E+02  0.19146E+06
 0.22549999E+02  0.33405E+06
 0.22599998E+02  0.31070E+06
 0.22649998E+02  0.29583E+06
 0.22699999E+02  0.35448E+06
 0.22749998E+02  0.41798E+06
 0.22799999E+02  0.37343E+06
 0.22849998E+02  0.26272E+06
 0.22899998E+02  0.30506E+06
 0.22949999E+02  0.42367E+06
 0.22999998E+02  0.57863E+06
 0.23049999E+02  0.50643E+06
 0.23099998E+02  0.22352E+06
 0.23149998E+02  0.49960E+04
 0.23199999E+02  0.31303E+06
 0.23249998E+02  0.86767E+06
 0.23299999E+02  0.11249E+07
 0.23349998E+02  0.11199E+07
 0.23399998E+02  0.10352E+07
 0.23449999E+02  0.79676E+06
 0.23499998E+02  0.48684E+06
 0.23549999E+02  0.49518E+06
 0.23599998E+02  0.65732E+06
 0.23649998E+02  0.79955E+06
 0.23699999E+02  0.69445E+06
 0.23749998E+02  0.19232E+06
 0.23799999E+02 -0.38761E+06
 0.23849998E+02 -0.82606E+06
 0.23899998E+02 -0.11481E+07
 0.23949999E+02 -0.12595E+07
 0.23999998E+02 -0.96651E+06
 0.24049999E+02 -0.48161E+06
 0.24099998E+02 -0.16090E+06
 0.24149998E+02 -0.26304E+05
 0.24199999E+02  0.55439E+05
 0.24249998E+02 -0.51123E+04
 0.24299999E+02  0.10710E+05
 0.24349998E+02  0.26534E+06
 0.24399998E+02  0.63992E+06
 0.24449999E+02  0.11065E+07
 0.24499998E+02  0.15565E+07
 0.24549999E+02  0.19369E+07
 0.24599998E+02  0.21043E+07
 0.24649998E+02  0.19977E+07
 0.24699999E+02  0.16507E+07
 0.24749998E+02  0.12045E+07
 0.24799999E+02  0.84167E+06
 0.24849998E+02  0.76018E+06
 0.24899998E+02  0.89675E+06
 0.24949999E+02  0.83751E+06
 0.24999998E+02  0.50140E+06
 0.25049999E+02 -0.74229E+05
 0.25099998E+02 -0.61193E+06
 0.25149998E+02 -0.85192E+06
 0.25199999E+02 -0.82935E+06
 0.25249998E+02 -0.55804E+06
 0.25299999E+02 -0.25967E+06
 0.25349998E+02  0.64589E+05
 0.25399998E+02  0.46255E+06
 0.25449999E+02  0.76270E+06
 0.25499998E+02  0.98846E+06
 0.25549999E+02  0.12415E+07
 0.25599998E+02  0.13600E+07
 0.25649998E+02  0.12463E+07
 0.25699999E+02  0.97527E+06
 0.25749998E+02  0.77437E+06
 0.25799999E+02  0.95393E+06
 0.25849998E+02  0.12665E+07
 0.25899998E+02  0.14588E+07
 0.25949999E+02  0.15516E+07
 0.25999998E+02  0.14310E+07
 0.26049999E+02  0.12455E+07
 0.26099998E+02  0.10588E+07
 0.26149998E+02  0.71131E+06
 0.26199999E+02  0.19026E+06
 0.26249998E+02 -0.58223E+06
 0.26299999E+02 -0.13323E+07
 0.26349998E+02 -0.18281E+07
 0.26399998E+02 -0.21159E+07
 0.26449999E+02 -0.22645E+07
 0.26499998E+02 -0.23903E+07
 0.26549999E+02 -0.25289E+07
 0.26599998E+02 -0.25608E+07
 0.26649998E+02 -0.22985E+07
 0.26699999E+02 -0.20564E+07
 0.26749998E+02 -0.19656E+07
 0.26799999E+02 -0.19239E+07
 0.26849998E+02 -0.19222E+07
 0.26899998E+02 -0.19279E+07
 0.26949999E+02 -0.18246E+07
 0.26999998E+02 -0.16199E+07
 0.27049997E+02 -0.15269E+07
 0.27099998E+02 -0.14630E+07
 0.27149998E+02 -0.12635E+07
 0.27199999E+02 -0.10537E+07
 0.27249998E+02 -0.10016E+07
 0.27299997E+02 -0.97144E+06
 0.27349998E+02 -0.79190E+06
 0.27399998E+02 -0.55120E+06
 0.27449999E+02 -0.37600E+06
 0.27499998E+02 -0.27617E+06
 0.27549997E+02 -0.21414E+06
 0.27599998E+02 -0.40553E+06
 0.27649998E+02 -0.76178E+06
 0.27699999E+02 -0.96484E+06
 0.27749998E+02 -0.99009E+06
 0.27799997E+02 -0.83714E+06
 0.27849998E+02 -0.59942E+06
 0.27899998E+02 -0.38202E+06
 0.27949999E+02 -0.28660E+06
 0.27999998E+02 -0.28387E+06
 0.28049997E+02 -0.17995E+06
 0.28099998E+02  0.13413E+06
 0.28149998E+02  0.53184E+06
 0.28199999E+02  0.84672E+06
 0.28249998E+02  0.94743E+06
 0.28299997E+02  0.87007E+06
 0.28349998E+02  0.74426E+06
 0.28399998E+02  0.54976E+06
 0.28449999E+02  0.30720E+06
 0.28499998E+02  0.65322E+05
 0.28549997E+02 -0.11468E+06
 0.28599998E+02 -0.24763E+06
 0.28649998E+02 -0.38010E+06
 0.28699999E+02 -0.56823E+06
 0.28749998E+02 -0.79318E+06
 0.28799997E+02 -0.85512E+06
 0.28849998E+02 -0.88560E+06
 0.28899998E+02 -0.93217E+06
 0.28949999E+02 -0.99743E+06
 0.28999998E+02 -0.11424E+07
 0.29049997E+02 -0.13024E+07
 0.29099998E+02 -0.13891E+07
 0.29149998E+02 -0.13711E+07
 0.29199999E+02 -0.11682E+07
 0.29249998E+02 -0.86367E+06
 0.29299997E+02 -0.63130E+06
 0.29349998E+02 -0.45065E+06
 0.29399998E+02 -0.39848E+06
 0.29449999E+02 -0.34663E+06
 0.29499998E+02 -0.12627E+06
 0.29549997E+02  0.29094E+06
 0.29599998E+02  0.79910E+06
 0.29649998E+02  0.12803E+07
 0.29699999E+02  0.15889E+07
 0.29749998E+02  0.16354E+07
 0.29799997E+02  0.16176E+07
 0.29849998E+02  0.15640E+07
 0.29899998E+02  0.14547E+07
 0.29949999E+02  0.14501E+07
 0.29999998E+02  0.15244E+07
 0.30049999E+02  0.16363E+07
 0.30099998E+02  0.15430E+07
 0.30149998E+02  0.10220E+07
 0.30199997E+02  0.30327E+06
 0.30249996E+02 -0.28340E+06
 0.30299999E+02 -0.42045E+06
 0.30349998E+02 -0.14304E+06
 0.30399998E+02  0.15927E+06
 0.30449997E+02  0.18589E+06
 0.30499996E+02 -0.16462E+05
 0.30549999E+02 -0.11185E+06
 0.30599998E+02  0.75013E+05
 0.30649998E+02  0.46317E+06
 0.30699997E+02  0.76791E+06
 0.30749996E+02  0.92865E+06
 0.30799999E+02  0.82975E+06
 0.30849998E+02  0.52414E+06
 0.30899998E+02  0.33130E+06
 0.30949997E+02  0.11773E+06
 0.30999996E+02 -0.26604E+06
 0.31049999E+02 -0.60092E+06
 0.31099998E+02 -0.72381E+06
 0.31149998E+02 -0.78040E+06
 0.31199997E+02 -0.67048E+06
 0.31249996E+02 -0.57610E+06
 0.31299999E+02 -0.45843E+06
 0.31349998E+02 -0.11266E+06
 0.31399998E+02  0.22835E+06
 0.31449997E+02  0.54259E+06
 0.31499996E+02  0.77275E+06
 0.31549999E+02  0.83443E+06
 0.31599998E+02  0.87755E+06
 0.31649998E+02  0.93236E+06
 0.31699997E+02  0.90036E+06
 0.31749996E+02  0.79669E+06
 0.31799999E+02  0.65653E+06
 0.31849998E+02  0.54825E+06
 0.31899998E+02  0.45951E+06
 0.31949997E+02  0.24914E+06
 0.31999996E+02 -0.12521E+06
 0.32049999E+02 -0.47560E+06
 0.32099998E+02 -0.75159E+06
 0.32149998E+02 -0.86481E+06
 0.32199997E+02 -0.83769E+06
 0.32249996E+02 -0.75626E+06
 0.32299999E+02 -0.51555E+06
 0.32349998E+02 -0.29264E+06
 0.32399998E+02 -0.15025E+06
 0.32449997E+02 -0.13320E+06
 0.32499996E+02 -0.29941E+06
 0.32549999E+02 -0.53544E+06
 0.32599998E+02 -0.87268E+06
 0.32649998E+02 -0.11731E+07
 0.32699997E+02 -0.13365E+07
 0.32749996E+02 -0.14358E+07
 0.32799999E+02 -0.14706E+07
 0.32849998E+02 -0.14055E+07
 0.32899998E+02 -0.12519E+07
 0.32949997E+02 -0.11147E+07
 0.32999996E+02 -0.99310E+06
 0.33049999E+02 -0.76590E+06
 0.33099998E+02 -0.38528E+06
 0.33149998E+02 -0.95739E+04
 0.33199997E+02  0.30664E+06
 0.33249996E+02  0.54503E+06
 0.33299999E+02  0.70460E+06
 0.33349998E+02  0.94131E+06
 0.33399998E+02  0.12102E+07
 0.33449997E+02  0.14667E+07
 0.33499996E+02  0.16329E+07
 0.33549999E+02  0.16528E+07
 0.33599998E+02  0.15528E+07
 0.33649998E+02  0.13496E+07
 0.33699997E+02  0.11916E+07
 0.33749996E+02  0.10423E+07
 0.33799999E+02  0.83052E+06
 0.33849998E+02  0.65377E+06
 0.33899998E+02  0.49086E+06
 0.33949997E+02  0.30586E+06
 0.33999996E+02  0.14181E+06
 0.34049999E+02 -0.41066E+05
 0.34099998E+02 -0.22176E+06
 0.34149998E+02 -0.32784E+06
 0.34199997E+02 -0.42504E+06
 0.34249996E+02 -0.54648E+06
 0.34299999E+02 -0.69371E+06
 0.34349998E+02 -0.81284E+06
 0.34399998E+02 -0.85957E+06
 0.34449997E+02 -0.84573E+06
 0.34499996E+02 -0.82382E+06
 0.34549999E+02 -0.85389E+06
 0.34599998E+02 -0.88630E+06
 0.34649998E+02 -0.90470E+06
 0.34699997E+02 -0.86773E+06
 0.34749996E+02 -0.78168E+06
 0.34799999E+02 -0.62637E+06
 0.34849998E+02 -0.46226E+06
 0.34899998E+02 -0.27165E+06
 0.34949997E+02 -0.24041E+05
 0.34999996E+02  0.23572E+06
 0.35049999E+02  0.43431E+06
 0.35099998E+02  0.49801E+06
 0.35149998E+02  0.51801E+06
 0.35199997E+02  0.58421E+06
 0.35249996E+02  0.75747E+06
 0.35299999E+02  0.79002E+06
 0.35349998E+02  0.69326E+06
 0.35399998E+02  0.58662E+06
 0.35449997E+02  0.45950E+06
 0.35499996E+02  0.37411E+06
 0.35549999E+02  0.25449E+06
 0.35599998E+02  0.12235E+06
 0.35649998E+02  0.53980E+05
 0.35699997E+02  0.10384E+06
 0.35749996E+02  0.23193E+06
 0.35799999E+02  0.30701E+06
 0.35849998E+02  0.26513E+06
 0.35899998E+02  0.24976E+06
 0.35949997E+02  0.27244E+06
 0.35999996E+02  0.26953E+06
 0.36049999E+02  0.28119E+06
 0.36099998E+02  0.29878E+06
 0.36149998E+02  0.29734E+06
 0.36199997E+02  0.27909E+06
 0.36249996E+02  0.24663E+06
 0.36299999E+02  0.19863E+06
 0.36349998E+02  0.20214E+06
 0.36399998E+02  0.22062E+06
 0.36449997E+02  0.25918E+06
 0.36499996E+02  0.31332E+06
 0.36549999E+02  0.28997E+06
 0.36599998E+02  0.25362E+06
 0.36649998E+02  0.26687E+06
 0.36699997E+02  0.29668E+06
 0.36749996E+02  0.31718E+06
 0.36799999E+02  0.31423E+06
 0.36849998E+02  0.37048E+06
 0.36899998E+02  0.43493E+06
 0.36949997E+02  0.43211E+06
 0.36999996E+02  0.36617E+06
 0.37049999E+02  0.22906E+06
 0.37099998E+02  0.45949E+05
 0.37149998E+02 -0.15200E+06
 0.37199997E+02 -0.36227E+06
 0.37249996E+02 -0.58427E+06
 0.37299999E+02 -0.74533E+06
 0.37349998E+02 -0.81858E+06
 0.37399998E+02 -0.79193E+06
 0.37449997E+02 -0.73130E+06
 0.37499996E+02 -0.66735E+06
 0.37549999E+02 -0.58536E+06
 0.37599998E+02 -0.46052E+06
 0.37649998E+02 -0.26203E+06
 0.37699997E+02 -0.92353E+05
 0.37749996E+02 -0.62384E+05
 0.37799999E+02 -0.17810E+06
 0.37849998E+02 -0.33262E+06
 0.37899998E+02 -0.47811E+06
 0.37949997E+02 -0.53934E+06
 0.37999996E+02 -0.47647E+06
 0.38049999E+02 -0.34670E+06
 0.38099998E+02 -0.22078E+06
 0.38149998E+02 -0.16251E+06
 0.38199997E+02 -0.10103E+06
 0.38249996E+02 -0.37551E+05
 0.38299999E+02  0.49639E+05
 0.38349998E+02  0.10203E+06
 0.38399998E+02  0.72151E+05
 0.38449997E+02 -0.25260E+05
 0.38499996E+02 -0.13797E+06
 0.38549999E+02 -0.19813E+06
 0.38599998E+02 -0.22799E+06
 0.38649998E+02 -0.18515E+06
 0.38699997E+02 -0.14821E+06
 0.38749996E+02 -0.18500E+06
 0.38799999E+02 -0.22356E+06
 0.38849998E+02 -0.23737E+06
 0.38899998E+02 -0.26165E+06
 0.38949997E+02 -0.26349E+06
 0.38999996E+02 -0.23480E+06
 0.39049999E+02 -0.20028E+06
 0.39099998E+02 -0.11220E+06
 0.39149998E+02 -0.10081E+05
 0.39199997E+02  0.47876E+05
 0.39249996E+02  0.67658E+05
 0.39299999E+02  0.83449E+05
 0.39349998E+02  0.91727E+05
 0.39399998E+02  0.12520E+06
 0.39449997E+02  0.19972E+06
 0.39499996E+02  0.20592E+06
 0.39549999E+02  0.18027E+06
 0.39599998E+02  0.18295E+06
 0.39649998E+02  0.19784E+06
 0.39699997E+02  0.26366E+06
 0.39749996E+02  0.29265E+06
 0.39799999E+02  0.28002E+06
 0.39849998E+02  0.27533E+06
 0.39899998E+02  0.22020E+06
 0.39949997E+02  0.15487E+06
 0.39999996E+02  0.75147E+05
 0.40049999E+02  0.40759E+05
 0.40099998E+02  0.47455E+05
 0.40149998E+02  0.34228E+05
 0.40199997E+02 -0.10248E+05
 0.40249996E+02 -0.13000E+06
 0.40299999E+02 -0.24343E+06
 0.40349998E+02 -0.27098E+06
 0.40399998E+02 -0.22005E+06
 0.40449997E+02 -0.13744E+06
 0.40499996E+02 -0.37279E+05
 0.40549999E+02  0.99367E+05
 0.40599998E+02  0.25374E+06
 0.40649998E+02  0.41178E+06
 0.40699997E+02  0.55677E+06
 0.40749996E+02  0.65515E+06
 0.40799999E+02  0.66920E+06
 0.40849998E+02  0.62422E+06
 0.40899998E+02  0.59371E+06
 0.40949997E+02  0.61539E+06
 0.40999996E+02  0.62398E+06
 0.41049999E+02  0.55191E+06
 0.41099998E+02  0.38044E+06
 0.41149998E+02  0.14576E+06
 0.41199997E+02 -0.43629E+05
 0.41249996E+02 -0.16077E+06
 0.41299999E+02 -0.24524E+06
 0.41349998E+02 -0.30784E+06
 0.41399998E+02 -0.39224E+06
 0.41449997E+02 -0.45915E+06
 0.41499996E+02 -0.43383E+06
 0.41549999E+02 -0.41762E+06
 0.41599998E+02 -0.40566E+06
 0.41649998E+02 -0.43956E+06
 0.41699997E+02 -0.55244E+06
 0.41749996E+02 -0.64253E+06
 0.41799999E+02 -0.65848E+06
 0.41849998E+02 -0.60922E+06
 0.41899998E+02 -0.52970E+06
 0.41949997E+02 -0.48204E+06
 0.41999996E+02 -0.52459E+06
 0.42049999E+02 -0.59312E+06
 0.42099998E+02 -0.64859E+06
 0.42149998E+02 -0.67083E+06
 0.42199997E+02 -0.65412E+06
 0.42249996E+02 -0.59159E+06
 0.42299999E+02 -0.52854E+06
 0.42349998E+02 -0.51899E+06
 0.42399998E+02 -0.51690E+06
 0.42449997E+02 -0.46884E+06
 0.42499996E+02 -0.39074E+06
 0.42549999E+02 -0.32382E+06
 0.42599998E+02 -0.23803E+06
 0.42649998E+02 -0.97427E+05
 0.42699997E+02  0.91082E+05
 0.42749996E+02  0.26695E+06
 0.42799995E+02  0.40061E+06
 0.42849998E+02  0.47189E+06
 0.42899998E+02  0.50753E+06
 0.42949997E+02  0.56846E+06
 0.42999996E+02  0.58562E+06
 0.43049995E+02  0.51666E+06
 0.43099998E+02  0.43823E+06
 0.43149998E+02  0.36127E+06
 0.43199997E+02  0.27330E+06
 0.43249996E+02  0.16972E+06
 0.43299995E+02  0.15605E+05
 0.43349998E+02 -0.12654E+06
 0.43399998E+02 -0.18545E+06
 0.43449997E+02 -0.18545E+06
 0.43499996E+02 -0.18230E+06
 0.43549995E+02 -0.18661E+06
 0.43599998E+02 -0.21469E+06
 0.43649998E+02 -0.22526E+06
 0.43699997E+02 -0.15189E+06
 0.43749996E+02 -0.68842E+05
 0.43799995E+02 -0.39398E+05
 0.43849998E+02 -0.19930E+05
 0.43899998E+02  0.95795E+04
 0.43949997E+02  0.48761E+05
 0.43999996E+02  0.10355E+06
 0.44049995E+02  0.16240E+06
 0.44099998E+02  0.18900E+06
 0.44149998E+02  0.22203E+06
 0.44199997E+02  0.34180E+06
 0.44249996E+02  0.48515E+06
 0.44299995E+02  0.59215E+06
 0.44349998E+02  0.63416E+06
 0.44399998E+02  0.64599E+06
 0.44449997E+02  0.64334E+06
 0.44499996E+02  0.64955E+06
 0.44549995E+02  0.64995E+06
 0.44599998E+02  0.58457E+06
 0.44649998E+02  0.45977E+06
 0.44699997E+02  0.29606E+06
 0.44749996E+02  0.15288E+06
 0.44799995E+02  0.44942E+05
 0.44849998E+02 -0.44372E+05
 0.44899998E+02 -0.13861E+06
 0.44949997E+02 -0.26005E+06
 0.44999996E+02 -0.39625E+06
 0.45049995E+02 -0.51162E+06
 0.45099998E+02 -0.60609E+06
 0.45149998E+02 -0.67698E+06
 0.45199997E+02 -0.75980E+06
 0.45249996E+02 -0.82693E+06
 0.45299995E+02 -0.83833E+06
 0.45349998E+02 -0.80838E+06
 0.45399998E+02 -0.77877E+06
 0.45449997E+02 -0.74935E+06
 0.45499996E+02 -0.73739E+06
 0.45549995E+02 -0.70163E+06
 0.45599998E+02 -0.58855E+06
 0.45649998E+02 -0.45602E+06
 0.45699997E+02 -0.34216E+06
 0.45749996E+02 -0.32617E+06
 0.45799995E+02 -0.36909E+06
 0.45849998E+02 -0.37983E+06
 0.45899998E+02 -0.34145E+06
 0.45949997E+02 -0.31697E+06
 0.45999996E+02 -0.29725E+06
 0.46049995E+02 -0.30268E+06
 0.46099998E+02 -0.30708E+06
 0.46149998E+02 -0.24345E+06
 0.46199997E+02 -0.18995E+06
 0.46249996E+02 -0.92593E+05
 0.46299995E+02  0.43404E+05
 0.46349998E+02  0.15961E+06
 0.46399998E+02  0.26131E+06
 0.46449997E+02  0.35472E+06
 0.46499996E+02  0.45931E+06
 0.46549995E+02  0.56491E+06
 0.46599998E+02  0.64606E+06
 0.46649998E+02  0.65816E+06
 0.46699997E+02  0.59809E+06
 0.46749996E+02  0.50357E+06
 0.46799995E+02  0.42184E+06
 0.46849998E+02  0.37982E+06
 0.46899998E+02  0.36452E+06
 0.46949997E+02  0.32892E+06
 0.46999996E+02  0.26200E+06
 0.47049995E+02  0.19227E+06
 0.47099998E+02  0.15806E+06
 0.47149998E+02  0.13470E+06
 0.47199997E+02  0.10152E+06
 0.47249996E+02  0.70026E+05
 0.47299995E+02  0.14495E+04
 0.47349998E+02 -0.36701E+05
 0.47399998E+02 -0.24386E+05
 0.47449997E+02 -0.51299E+05
 0.47499996E+02 -0.77524E+05
 0.47549995E+02 -0.63957E+05
 0.47599998E+02 -0.59129E+05
 0.47649998E+02 -0.27138E+05
 0.47699997E+02  0.35465E+05
 0.47749996E+02  0.75177E+05
 0.47799995E+02  0.11338E+06
 0.47849998E+02  0.15999E+06
 0.47899998E+02  0.20370E+06
 0.47949997E+02  0.25010E+06
 0.47999996E+02  0.27454E+06
 0.48049995E+02  0.27117E+06
 0.48099998E+02  0.25341E+06
 0.48149998E+02  0.23111E+06
 0.48199997E+02  0.18539E+06
 0.48249996E+02  0.96695E+05
 0.48299995E+02 -0.95452E+04
 0.48349998E+02 -0.74792E+05
 0.48399998E+02 -0.79065E+05
 0.48449997E+02 -0.64245E+05
 0.48499996E+02 -0.60156E+05
 0.48549995E+02 -0.74310E+05
 0.48599998E+02 -0.92884E+05
 0.48649998E+02 -0.10942E+06
 0.48699997E+02 -0.12382E+06
 0.48749996E+02 -0.14314E+06
 0.48799995E+02 -0.13525E+06
 0.48849998E+02 -0.94083E+05
 0.48899998E+02 -0.48422E+05
 0.48949997E+02 -0.29583E+04
 0.48999996E+02  0.28202E+05
 0.49049995E+02  0.28272E+05
 0.49099998E+02  0.34162E+04
 0.49149998E+02 -0.37673E+05
 0.49199997E+02 -0.99317E+05
 0.49249996E+02 -0.14863E+06
 0.49299995E+02 -0.18377E+06
 0.49349998E+02 -0.21647E+06
 0.49399998E+02 -0.23634E+06
 0.49449997E+02 -0.27091E+06
 0.49499996E+02 -0.32158E+06
 0.49549995E+02 -0.37831E+06
 0.49599998E+02 -0.40741E+06
 0.49649998E+02 -0.39663E+06
 0.49699997E+02 -0.36885E+06
 0.49749996E+02 -0.34213E+06
 0.49799995E+02 -0.30936E+06
 0.49849998E+02 -0.25263E+06
 0.49899998E+02 -0.19756E+06
 0.49949997E+02 -0.16288E+06
 0.49999996E+02 -0.13613E+06
 0.50049995E+02 -0.10400E+06
 0.50099998E+02 -0.78101E+05
 0.50149998E+02 -0.54509E+05
 0.50199997E+02 -0.42168E+05
 0.50249996E+02 -0.13526E+05
 0.50299995E+02  0.47733E+05
 0.50349998E+02  0.12217E+06
 0.50399998E+02  0.19001E+06
 0.50449997E+02  0.22090E+06
 0.50499996E+02  0.22960E+06
 0.50549995E+02  0.23145E+06
 0.50599998E+02  0.23265E+06
 0.50649998E+02  0.24090E+06
 0.50699997E+02  0.23565E+06
 0.50749996E+02  0.22155E+06
 0.50799995E+02  0.22461E+06
 0.50849998E+02  0.21758E+06
 0.50899998E+02  0.19691E+06
 0.50949997E+02  0.18378E+06
 0.50999996E+02  0.16691E+06
 0.51049995E+02  0.16243E+06
 0.51099998E+02  0.17212E+06
 0.51149998E+02  0.17546E+06
 0.51199997E+02  0.16408E+06
 0.51249996E+02  0.12906E+06
 0.51299995E+02  0.10029E+06
 0.51349998E+02  0.83627E+05
 0.51399998E+02  0.78592E+05
 0.51449997E+02  0.98579E+05
 0.51499996E+02  0.12848E+06
 0.51549995E+02  0.15275E+06
 0.51599998E+02  0.16924E+06
 0.51649998E+02  0.17702E+06
 0.51699997E+02  0.17017E+06
 0.51749996E+02  0.16657E+06
 0.51799995E+02  0.16171E+06
 0.51849998E+02  0.13644E+06
 0.51899998E+02  0.99236E+05
 0.51949997E+02  0.60434E+05
 0.51999996E+02  0.42811E+05
 0.52049995E+02  0.47354E+05
 0.52099998E+02  0.56156E+05
 0.52149998E+02  0.57082E+05
 0.52199997E+02  0.37853E+05
 0.52249996E+02  0.11963E+05
 0.52299995E+02 -0.15952E+05
 0.52349998E+02 -0.38082E+05
 0.52399998E+02 -0.45989E+05
 0.52449997E+02 -0.48512E+05
 0.52499996E+02 -0.52932E+05
 0.52549995E+02 -0.71172E+05
 0.52599998E+02 -0.94081E+05
 0.52649998E+02 -0.11658E+06
 0.52699997E+02 -0.13193E+06
 0.52749996E+02 -0.13822E+06
 0.52799995E+02 -0.16459E+06
 0.52849998E+02 -0.20748E+06
 0.52899998E+02 -0.26466E+06
 0.52949997E+02 -0.31513E+06
 0.52999996E+02 -0.33387E+06
 0.53049995E+02 -0.32865E+06
 0.53099998E+02 -0.30819E+06
 0.53149998E+02 -0.28923E+06
 0.53199997E+02 -0.27215E+06
 0.53249996E+02 -0.24508E+06
 0.53299995E+02 -0.19409E+06
 0.53349998E+02 -0.12277E+06
 0.53399998E+02 -0.70118E+05
 0.53449997E+02 -0.48738E+05
 0.53499996E+02 -0.25797E+05
 0.53549995E+02  0.13818E+05
 0.53599998E+02  0.44935E+05
 0.53649998E+02  0.48415E+05
 0.53699997E+02  0.32105E+05
 0.53749996E+02  0.13354E+05
 0.53799995E+02  0.51760E+04
 0.53849998E+02  0.38925E+04
 0.53899998E+02  0.49246E+04
 0.53949997E+02 -0.34058E+04
 0.53999996E+02 -0.17763E+05
 0.54049995E+02 -0.29289E+05
 0.54099998E+02 -0.23226E+05
 0.54149998E+02  0.13594E+05
 0.54199997E+02  0.64222E+05
 0.54249996E+02  0.11292E+06
 0.54299995E+02  0.16173E+06
 0.54349998E+02  0.22473E+06
 0.54399998E+02  0.29429E+06
 0.54449997E+02  0.34752E+06
 0.54499996E+02  0.37486E+06
 0.54549995E+02  0.36785E+06
 0.54599998E+02  0.32300E+06
 0.54649998E+02  0.25816E+06
 0.54699997E+02  0.19086E+06
 0.54749996E+02  0.13255E+06
 0.54799995E+02  0.71617E+05
 0.54849998E+02  0.16815E+05
 0.54899998E+02 -0.27153E+05
 0.54949997E+02 -0.79510E+05
 0.54999996E+02 -0.12072E+06
 0.55049995E+02 -0.14723E+06
 0.55099998E+02 -0.18119E+06
 0.55149998E+02 -0.23875E+06
 0.55199997E+02 -0.30036E+06
 0.55249996E+02 -0.33798E+06
 0.55299995E+02 -0.34558E+06
 0.55349998E+02 -0.32279E+06
 0.55399998E+02 -0.29535E+06
 0.55449997E+02 -0.30020E+06
 0.55499996E+02 -0.32949E+06
 0.55549995E+02 -0.34085E+06
 0.55599998E+02 -0.31016E+06
 0.55649998E+02 -0.27543E+06
 0.55699997E+02 -0.23534E+06
 0.55749996E+02 -0.19017E+06
 0.55799995E+02 -0.17887E+06
 0.55849995E+02 -0.16702E+06
 0.55899998E+02 -0.14239E+06
 0.55949997E+02 -0.10235E+06
 0.55999996E+02 -0.55440E+05
 0.56049995E+02 -0.21062E+05
 0.56099995E+02  0.18124E+05
 0.56149998E+02  0.56076E+05
 0.56199997E+02  0.80007E+05
 0.56249996E+02  0.10125E+06
 0.56299995E+02  0.13029E+06
 0.56349995E+02  0.16597E+06
 0.56399998E+02  0.21403E+06
 0.56449997E+02  0.26003E+06
 0.56499996E+02  0.29098E+06
 0.56549995E+02  0.32692E+06
 0.56599995E+02  0.36460E+06
 0.56649998E+02  0.38357E+06
 0.56699997E+02  0.39561E+06
 0.56749996E+02  0.40459E+06
 0.56799995E+02  0.39938E+06
 0.56849995E+02  0.38042E+06
 0.56899998E+02  0.35459E+06
 0.56949997E+02  0.32562E+06
 0.56999996E+02  0.28035E+06
 0.57049995E+02  0.21559E+06
 0.57099995E+02  0.14347E+06
 0.57149998E+02  0.68482E+05
 0.57199997E+02 -0.14891E+05
 0.57249996E+02 -0.10474E+06
 0.57299995E+02 -0.18197E+06
 0.57349995E+02 -0.22601E+06
 0.57399998E+02 -0.24620E+06
 0.57449997E+02 -0.25235E+06
 0.57499996E+02 -0.24082E+06
 0.57549995E+02 -0.20706E+06
 0.57599995E+02 -0.15720E+06
 0.57649998E+02 -0.92068E+05
 0.57699997E+02 -0.20491E+05
 0.57749996E+02  0.42032E+05
 0.57799995E+02  0.10257E+06
 0.57849995E+02  0.15031E+06
 0.57899998E+02  0.18587E+06
 0.57949997E+02  0.21378E+06
 0.57999996E+02  0.23078E+06
 0.58049995E+02  0.24724E+06
 0.58099995E+02  0.26305E+06
 0.58149998E+02  0.28364E+06
 0.58199997E+02  0.30474E+06
 0.58249996E+02  0.30980E+06
 0.58299995E+02  0.29404E+06
 0.58349995E+02  0.26066E+06
 0.58399998E+02  0.21472E+06
 0.58449997E+02  0.17563E+06
 0.58499996E+02  0.14877E+06
 0.58549995E+02  0.12984E+06
 0.58599995E+02  0.12658E+06
 0.58649998E+02  0.12313E+06
 0.58699997E+02  0.11913E+06
 0.58749996E+02  0.11982E+06
 0.58799995E+02  0.11104E+06
 0.58849995E+02  0.86620E+05
 0.58899998E+02  0.54023E+05
 0.58949997E+02  0.30105E+05
 0.58999996E+02  0.26303E+05
 0.59049995E+02  0.53184E+05
 0.59099995E+02  0.10228E+06
 0.59149998E+02  0.14792E+06
 0.59199997E+02  0.16736E+06
 0.59249996E+02  0.16478E+06
 0.59299995E+02  0.17106E+06
 0.59349995E+02  0.19129E+06
 0.59399998E+02  0.21424E+06
 0.59449997E+02  0.23362E+06
 0.59499996E+02  0.23751E+06
 0.59549995E+02  0.21227E+06
 0.59599995E+02  0.17298E+06
 0.59649998E+02  0.13478E+06
 0.59699997E+02  0.86396E+05
 0.59749996E+02  0.11384E+05
 0.59799995E+02 -0.85630E+05
 0.59849995E+02 -0.17525E+06
 0.59899998E+02 -0.23942E+06
 0.59949997E+02 -0.27506E+06
 0.59999996E+02 -0.28708E+06
 0.60049995E+02 -0.28225E+06
 0.60099995E+02 -0.27093E+06
 0.60149998E+02 -0.25521E+06
 0.60199997E+02 -0.23906E+06
 0.60249996E+02 -0.23620E+06
 0.60299995E+02 -0.24435E+06
 0.60349995E+02 -0.26000E+06
 0.60399998E+02 -0.29179E+06
 0.60449997E+02 -0.32341E+06
 0.60499996E+02 -0.32206E+06
 0.60549995E+02 -0.27686E+06
 0.60599995E+02 -0.21354E+06
 0.60649998E+02 -0.16552E+06
 0.60699997E+02 -0.13674E+06
 0.60749996E+02 -0.11131E+06
 0.60799995E+02 -0.79763E+05
 0.60849995E+02 -0.59172E+05
 0.60899998E+02 -0.53803E+05
 0.60949997E+02 -0.54487E+05
 0.60999996E+02 -0.66880E+05
 0.61049995E+02 -0.96668E+05
 0.61099995E+02 -0.12121E+06
 0.61149998E+02 -0.13434E+06
 0.61199997E+02 -0.14552E+06
 0.61249996E+02 -0.15539E+06
 0.61299995E+02 -0.17144E+06
 0.61349995E+02 -0.18652E+06
 0.61399998E+02 -0.19441E+06
 0.61449997E+02 -0.19118E+06
 0.61499996E+02 -0.17010E+06
 0.61549995E+02 -0.13766E+06
 0.61599995E+02 -0.10687E+06
 0.61649998E+02 -0.78895E+05
 0.61699997E+02 -0.49975E+05
 0.61749996E+02 -0.69807E+04
 0.61799995E+02  0.42112E+05
 0.61849995E+02  0.82873E+05
 0.61899998E+02  0.12146E+06
 0.61949997E+02  0.15790E+06
 0.61999996E+02  0.17858E+06
 0.62049995E+02  0.18274E+06
 0.62099998E+02  0.17870E+06
 0.62149994E+02  0.15325E+06
 0.62199997E+02  0.11200E+06
 0.62249992E+02  0.57288E+05
 0.62299995E+02 -0.11431E+05
 0.62349998E+02 -0.79341E+05
 0.62399994E+02 -0.13249E+06
 0.62449997E+02 -0.16806E+06
 0.62499992E+02 -0.20115E+06
 0.62549995E+02 -0.22819E+06
 0.62599998E+02 -0.24781E+06
 0.62649994E+02 -0.26636E+06
 0.62699997E+02 -0.28038E+06
 0.62749992E+02 -0.28856E+06
 0.62799995E+02 -0.29172E+06
 0.62849998E+02 -0.29164E+06
 0.62899994E+02 -0.27581E+06
 0.62949997E+02 -0.23320E+06
 0.62999992E+02 -0.16492E+06
 0.63049995E+02 -0.83011E+05
 0.63099998E+02  0.40275E+04
 0.63149994E+02  0.95764E+05
 0.63199997E+02  0.18856E+06
 0.63249992E+02  0.28091E+06
 0.63299995E+02  0.35904E+06
 0.63349998E+02  0.39710E+06
 0.63399994E+02  0.40300E+06
 0.63449997E+02  0.40206E+06
 0.63499992E+02  0.39949E+06
 0.63549995E+02  0.39601E+06
 0.63599998E+02  0.38047E+06
 0.63649994E+02  0.35049E+06
 0.63699997E+02  0.31724E+06
 0.63749992E+02  0.28293E+06
 0.63799995E+02  0.24699E+06
 0.63849998E+02  0.21625E+06
 0.63899994E+02  0.19113E+06
 0.63949997E+02  0.17150E+06
 0.63999992E+02  0.16764E+06
 0.64049995E+02  0.17908E+06
 0.64099998E+02  0.19411E+06
 0.64149994E+02  0.20159E+06
 0.64199997E+02  0.20231E+06
 0.64249992E+02  0.20266E+06
 0.64299995E+02  0.20561E+06
 0.64349998E+02  0.21176E+06
 0.64399994E+02  0.22172E+06
 0.64449997E+02  0.23560E+06
 0.64499992E+02  0.24903E+06
 0.64549995E+02  0.25656E+06
 0.64599998E+02  0.25303E+06
 0.64649994E+02  0.24729E+06
 0.64699997E+02  0.24799E+06
 0.64749992E+02  0.25439E+06
 0.64799995E+02  0.25133E+06
 0.64849998E+02  0.23079E+06
 0.64899994E+02  0.20464E+06
 0.64949997E+02  0.17481E+06
 0.64999992E+02  0.15517E+06
 0.65049995E+02  0.14812E+06
 0.65099998E+02  0.14859E+06
 0.65149994E+02  0.15178E+06
 0.65199997E+02  0.14387E+06
 0.65249992E+02  0.12047E+06
 0.65299995E+02  0.82672E+05
 0.65349998E+02  0.30324E+05
 0.65399994E+02 -0.33208E+05
 0.65449997E+02 -0.92943E+05
 0.65499992E+02 -0.15232E+06
 0.65549995E+02 -0.21093E+06
 0.65599998E+02 -0.26031E+06
 0.65649994E+02 -0.30959E+06
 0.65699997E+02 -0.35880E+06
 0.65749992E+02 -0.40185E+06
 0.65799995E+02 -0.43175E+06
 0.65849998E+02 -0.44323E+06
 0.65899994E+02 -0.44002E+06
 0.65949997E+02 -0.42437E+06
 0.65999992E+02 -0.39977E+06
 0.66049995E+02 -0.37773E+06
 0.66099998E+02 -0.35934E+06
 0.66149994E+02 -0.33463E+06
 0.66199997E+02 -0.30659E+06
 0.66249992E+02 -0.27799E+06
 0.66299995E+02 -0.24197E+06
 0.66349998E+02 -0.20295E+06
 0.66399994E+02 -0.15879E+06
 0.66449997E+02 -0.10554E+06
 0.66499992E+02 -0.55857E+05
 0.66549995E+02 -0.12397E+05
 0.66599998E+02  0.27447E+05
 0.66649994E+02  0.66746E+05
 0.66699997E+02  0.10727E+06
 0.66749992E+02  0.14369E+06
 0.66799995E+02  0.17669E+06
 0.66849998E+02  0.21489E+06
 0.66899994E+02  0.24974E+06
 0.66949997E+02  0.27616E+06
 0.66999992E+02  0.29392E+06
 0.67049995E+02  0.29178E+06
 0.67099998E+02  0.26837E+06
 0.67149994E+02  0.23430E+06
 0.67199997E+02  0.19821E+06
 0.67249992E+02  0.16067E+06
 0.67299995E+02  0.12717E+06
 0.67349998E+02  0.89877E+05
 0.67399994E+02  0.47641E+05
 0.67449997E+02  0.11119E+05
 0.67499992E+02 -0.16935E+05
 0.67549995E+02 -0.31660E+05
 0.67599998E+02 -0.26543E+05
 0.67649994E+02 -0.58118E+04
 0.67699997E+02  0.19537E+05
 0.67749992E+02  0.39512E+05
 0.67799995E+02  0.54360E+05
 0.67849998E+02  0.71021E+05
 0.67899994E+02  0.86175E+05
 0.67949997E+02  0.92639E+05
 0.67999992E+02  0.86123E+05
 0.68049995E+02  0.61893E+05
 0.68099998E+02  0.25292E+05
 0.68149994E+02 -0.66031E+04
 0.68199997E+02 -0.43158E+05
 0.68249992E+02 -0.90442E+05
 0.68299995E+02 -0.13791E+06
 0.68349998E+02 -0.17571E+06
 0.68399994E+02 -0.19012E+06
 0.68449997E+02 -0.17626E+06
 0.68499992E+02 -0.15154E+06
 0.68549995E+02 -0.13433E+06
 0.68599998E+02 -0.12425E+06
 0.68649994E+02 -0.11832E+06
 0.68699997E+02 -0.11049E+06
 0.68749992E+02 -0.98512E+05
 0.68799995E+02 -0.86202E+05
 0.68849998E+02 -0.78928E+05
 0.68899994E+02 -0.76218E+05
 0.68949997E+02 -0.72404E+05
 0.68999992E+02 -0.62269E+05
 0.69049995E+02 -0.54066E+05
 0.69099998E+02 -0.56812E+05
 0.69149994E+02 -0.63113E+05
 0.69199997E+02 -0.67931E+05
 0.69249992E+02 -0.70246E+05
 0.69299995E+02 -0.70171E+05
 0.69349998E+02 -0.68498E+05
 0.69399994E+02 -0.59868E+05
 0.69449997E+02 -0.42584E+05
 0.69499992E+02 -0.21420E+05
 0.69549995E+02 -0.31447E+04
 0.69599998E+02  0.11892E+05
 0.69649994E+02  0.25263E+05
 0.69699997E+02  0.33986E+05
 0.69749992E+02  0.37421E+05
 0.69799995E+02  0.31943E+05
 0.69849998E+02  0.22911E+05
 0.69899994E+02  0.17250E+05
 0.69949997E+02  0.12036E+05
 0.69999992E+02  0.94418E+04
 0.70049995E+02  0.80091E+04
 0.70099998E+02  0.90378E+04
 0.70149994E+02  0.19346E+05
 0.70199997E+02  0.39415E+05
 0.70249992E+02  0.61238E+05
 0.70299995E+02  0.76033E+05
 0.70349998E+02  0.86573E+05
 0.70399994E+02  0.94887E+05
 0.70449997E+02  0.10453E+06
 0.70499992E+02  0.11559E+06
 0.70549995E+02  0.12772E+06
 0.70599998E+02  0.13535E+06
 0.70649994E+02  0.12973E+06
 0.70699997E+02  0.11383E+06
 0.70749992E+02  0.89997E+05
 0.70799995E+02  0.63047E+05
 0.70849998E+02  0.43423E+05
 0.70899994E+02  0.35264E+05
 0.70949997E+02  0.32639E+05
 0.70999992E+02  0.33440E+05
 0.71049995E+02  0.34718E+05
 0.71099998E+02  0.36345E+05
 0.71149994E+02  0.43464E+05
 0.71199997E+02  0.52374E+05
 0.71249992E+02  0.59420E+05
 0.71299995E+02  0.63547E+05
 0.71349998E+02  0.64097E+05
 0.71399994E+02  0.64871E+05
 0.71449997E+02  0.65506E+05
 0.71499992E+02  0.64265E+05
 0.71549995E+02  0.63419E+05
 0.71599998E+02  0.62757E+05
 0.71649994E+02  0.61712E+05
 0.71699997E+02  0.55867E+05
 0.71749992E+02  0.43180E+05
 0.71799995E+02  0.31845E+05
 0.71849998E+02  0.28375E+05
 0.71899994E+02  0.30624E+05
 0.71949997E+02  0.34577E+05
 0.71999992E+02  0.35895E+05
 0.72049995E+02  0.34361E+05
 0.72099998E+02  0.35213E+05
 0.72149994E+02  0.38880E+05
 0.72199997E+02  0.42855E+05
 0.72249992E+02  0.49040E+05
 0.72299995E+02  0.60742E+05
 0.72349998E+02  0.76075E+05
 0.72399994E+02  0.89196E+05
 0.72449997E+02  0.97110E+05
 0.72499992E+02  0.94007E+05
 0.72549995E+02  0.80549E+05
 0.72599998E+02  0.63221E+05
 0.72649994E+02  0.46640E+05
 0.72699997E+02  0.33612E+05
 0.72749992E+02  0.21194E+05
 0.72799995E+02  0.81774E+04
 0.72849998E+02  0.59570E+03
 0.72899994E+02  0.71123E+04
 0.72949997E+02  0.28976E+05
 0.72999992E+02  0.66039E+05
 0.73049995E+02  0.11001E+06
 0.73099998E+02  0.14315E+06
 0.73149994E+02  0.16300E+06
 0.73199997E+02  0.17842E+06
 0.73249992E+02  0.18733E+06
 0.73299995E+02  0.18284E+06
 0.73349998E+02  0.16332E+06
 0.73399994E+02  0.13423E+06
 0.73449997E+02  0.10330E+06
 0.73499992E+02  0.74330E+05
 0.73549995E+02  0.52015E+05
 0.73599998E+02  0.38035E+05
 0.73649994E+02  0.26296E+05
 0.73699997E+02  0.12694E+05
 0.73749992E+02 -0.10314E+04
 0.73799995E+02 -0.12621E+05
 0.73849998E+02 -0.18139E+05
 0.73899994E+02 -0.12798E+05
 0.73949997E+02  0.60039E+04
 0.73999992E+02  0.40004E+05
 0.74049995E+02  0.83178E+05
 0.74099998E+02  0.12357E+06
 0.74149994E+02  0.14910E+06
 0.74199997E+02  0.15784E+06
 0.74249992E+02  0.15906E+06
 0.74299995E+02  0.16163E+06
 0.74349998E+02  0.17133E+06
 0.74399994E+02  0.18919E+06
 0.74449997E+02  0.20993E+06
 0.74499992E+02  0.22505E+06
 0.74549995E+02  0.22914E+06
 0.74599998E+02  0.22502E+06
 0.74649994E+02  0.21719E+06
 0.74699997E+02  0.20252E+06
 0.74749992E+02  0.18555E+06
 0.74799995E+02  0.17459E+06
 0.74849998E+02  0.16585E+06
 0.74899994E+02  0.15652E+06
 0.74949997E+02  0.14691E+06
 0.74999992E+02  0.13629E+06
 0.75049995E+02  0.12373E+06
 0.75099998E+02  0.10874E+06
 0.75149994E+02  0.98810E+05
 0.75199997E+02  0.94006E+05
 0.75249992E+02  0.87372E+05
 0.75299995E+02  0.78518E+05
 0.75349998E+02  0.61092E+05
 0.75399994E+02  0.36702E+05
 0.75449997E+02  0.13177E+05
 0.75499992E+02 -0.78703E+04
 0.75549995E+02 -0.27572E+05
 0.75599998E+02 -0.44438E+05
 0.75649994E+02 -0.57433E+05
 0.75699997E+02 -0.67560E+05
 0.75749992E+02 -0.74954E+05
 0.75799995E+02 -0.84493E+05
 0.75849998E+02 -0.97079E+05
 0.75899994E+02 -0.11100E+06
 0.75949997E+02 -0.12133E+06
 0.75999992E+02 -0.12648E+06
 0.76049995E+02 -0.13046E+06
 0.76099998E+02 -0.13687E+06
 0.76149994E+02 -0.14486E+06
 0.76199997E+02 -0.14958E+06
 0.76249992E+02 -0.14830E+06
 0.76299995E+02 -0.14039E+06
 0.76349998E+02 -0.12904E+06
 0.76399994E+02 -0.11445E+06
 0.76449997E+02 -0.10073E+06
 0.76499992E+02 -0.92368E+05
 0.76549995E+02 -0.87857E+05
 0.76599998E+02 -0.86641E+05
 0.76649994E+02 -0.85840E+05
 0.76699997E+02 -0.83241E+05
 0.76749992E+02 -0.78825E+05
 0.76799995E+02 -0.79450E+05
 0.76849998E+02 -0.91683E+05
 0.76899994E+02 -0.11259E+06
 0.76949997E+02 -0.13290E+06
 0.76999992E+02 -0.14384E+06
 0.77049995E+02 -0.15034E+06
 0.77099998E+02 -0.16609E+06
 0.77149994E+02 -0.19138E+06
 0.77199997E+02 -0.21821E+06
 0.77249992E+02 -0.23622E+06
 0.77299995E+02 -0.23560E+06
 0.77349998E+02 -0.22283E+06
 0.77399994E+02 -0.20984E+06
 0.77449997E+02 -0.20176E+06
 0.77499992E+02 -0.19593E+06
 0.77549995E+02 -0.18809E+06
 0.77599998E+02 -0.17863E+06
 0.77649994E+02 -0.16700E+06
 0.77699997E+02 -0.15278E+06
 0.77749992E+02 -0.13812E+06
 0.77799995E+02 -0.12726E+06
 0.77849998E+02 -0.12210E+06
 0.77899994E+02 -0.11451E+06
 0.77949997E+02 -0.10150E+06
 0.77999992E+02 -0.86199E+05
 0.78049995E+02 -0.71402E+05
 0.78099998E+02 -0.62737E+05
 0.78149994E+02 -0.56674E+05
 0.78199997E+02 -0.37276E+05
 0.78249992E+02  0.39199E+04
 0.78299995E+02  0.54871E+05
 0.78349998E+02  0.98504E+05
 0.78399994E+02  0.12682E+06
 0.78449997E+02  0.14595E+06
 0.78499992E+02  0.16544E+06
 0.78549995E+02  0.18254E+06
 0.78599998E+02  0.18794E+06
 0.78649994E+02  0.17469E+06
 0.78699997E+02  0.14817E+06
 0.78749992E+02  0.12350E+06
 0.78799995E+02  0.10549E+06
 0.78849998E+02  0.91882E+05
 0.78899994E+02  0.81848E+05
 0.78949997E+02  0.71729E+05
 0.78999992E+02  0.58877E+05
 0.79049995E+02  0.49922E+05
 0.79099998E+02  0.49338E+05
 0.79149994E+02  0.54988E+05
 0.79199997E+02  0.62069E+05
 0.79249992E+02  0.63350E+05
 0.79299995E+02  0.60069E+05
 0.79349998E+02  0.57045E+05
 0.79399994E+02  0.53686E+05
 0.79449997E+02  0.48911E+05
 0.79499992E+02  0.40898E+05
 0.79549995E+02  0.30145E+05
 0.79599998E+02  0.19641E+05
 0.79649994E+02  0.10403E+05
 0.79699997E+02  0.66270E+04
 0.79749992E+02  0.98040E+04
 0.79799995E+02  0.15233E+05
 0.79849998E+02  0.16984E+05
 0.79899994E+02  0.15571E+05
 0.79949997E+02  0.15501E+05
 0.79999992E+02  0.20026E+05
 0.80049995E+02  0.33020E+05
 0.80099998E+02  0.55276E+05
 0.80149994E+02  0.84997E+05
 0.80199997E+02  0.11753E+06
 0.80249992E+02  0.14627E+06
 0.80299995E+02  0.16603E+06
 0.80349998E+02  0.17785E+06
 0.80399994E+02  0.18469E+06
 0.80449997E+02  0.18379E+06
 0.80499992E+02  0.17496E+06
 0.80549995E+02  0.16469E+06
 0.80599998E+02  0.15737E+06
 0.80649994E+02  0.14991E+06
 0.80699997E+02  0.13560E+06
 0.80749992E+02  0.11206E+06
 0.80799995E+02  0.80586E+05
 0.80849998E+02  0.49871E+05
 0.80899994E+02  0.32479E+05
 0.80949997E+02  0.29219E+05
 0.80999992E+02  0.36086E+05
 0.81049995E+02  0.46112E+05
 0.81099998E+02  0.49718E+05
 0.81149994E+02  0.41724E+05
 0.81199997E+02  0.19536E+05
 0.81249992E+02 -0.11639E+05
 0.81299995E+02 -0.40471E+05
 0.81349998E+02 -0.59988E+05
 0.81399994E+02 -0.70739E+05
 0.81449997E+02 -0.76598E+05
 0.81499992E+02 -0.81169E+05
 0.81549995E+02 -0.84150E+05
 0.81599998E+02 -0.85284E+05
 0.81649994E+02 -0.80865E+05
 0.81699997E+02 -0.70294E+05
 0.81749992E+02 -0.61130E+05
 0.81799995E+02 -0.59823E+05
 0.81849998E+02 -0.65393E+05
 0.81899994E+02 -0.69778E+05
 0.81949997E+02 -0.70407E+05
 0.81999992E+02 -0.70495E+05
 0.82049995E+02 -0.71032E+05
 0.82099998E+02 -0.68726E+05
 0.82149994E+02 -0.61021E+05
 0.82199997E+02 -0.45726E+05
 0.82249992E+02 -0.24984E+05
 0.82299995E+02 -0.68063E+04
 0.82349998E+02  0.57410E+04
 0.82399994E+02  0.18329E+05
 0.82449997E+02  0.34085E+05
 0.82499992E+02  0.52329E+05
 0.82549995E+02  0.70999E+05
 0.82599998E+02  0.86776E+05
 0.82649994E+02  0.98486E+05
 0.82699997E+02  0.10394E+06
 0.82749992E+02  0.10301E+06
 0.82799995E+02  0.10317E+06
 0.82849998E+02  0.10805E+06
 0.82899994E+02  0.11452E+06
 0.82949997E+02  0.11701E+06
 0.82999992E+02  0.10705E+06
 0.83049995E+02  0.84602E+05
 0.83099998E+02  0.57727E+05
 0.83149994E+02  0.34116E+05
 0.83199997E+02  0.18804E+05
 0.83249992E+02  0.14080E+05
 0.83299995E+02  0.16906E+05
 0.83349998E+02  0.22041E+05
 0.83399994E+02  0.23327E+05
 0.83449997E+02  0.17271E+05
 0.83499992E+02  0.88061E+04
 0.83549995E+02 -0.11512E+04
 0.83599998E+02 -0.13763E+05
 0.83649994E+02 -0.27939E+05
 0.83699997E+02 -0.40022E+05
 0.83749992E+02 -0.44769E+05
 0.83799995E+02 -0.41847E+05
 0.83849998E+02 -0.34400E+05
 0.83899994E+02 -0.23410E+05
 0.83949997E+02 -0.57933E+04
 0.83999992E+02  0.13849E+05
 0.84049995E+02  0.27971E+05
 0.84099998E+02  0.34095E+05
 0.84149994E+02  0.33122E+05
 0.84199997E+02  0.34027E+05
 0.84249992E+02  0.46899E+05
 0.84299995E+02  0.64984E+05
 0.84349998E+02  0.72203E+05
 0.84399994E+02  0.63963E+05
 0.84449997E+02  0.48927E+05
 0.84499992E+02  0.36970E+05
 0.84549995E+02  0.35083E+05
 0.84599998E+02  0.40199E+05
 0.84649994E+02  0.37041E+05
 0.84699997E+02  0.17378E+05
 0.84749992E+02 -0.11975E+05
 0.84799995E+02 -0.38116E+05
 0.84849998E+02 -0.54034E+05
 0.84899994E+02 -0.60010E+05
 0.84949997E+02 -0.59479E+05
 0.84999992E+02 -0.55011E+05
 0.85049995E+02 -0.49574E+05
 0.85099998E+02 -0.43710E+05
 0.85149994E+02 -0.35966E+05
 0.85199997E+02 -0.25359E+05
 0.85249992E+02 -0.94653E+04
 0.85299995E+02  0.74073E+04
 0.85349998E+02  0.18736E+05
 0.85399994E+02  0.23206E+05
 0.85449997E+02  0.23524E+05
 0.85499992E+02  0.21633E+05
 0.85549995E+02  0.21304E+05
 0.85599998E+02  0.28840E+05
 0.85649994E+02  0.42369E+05
 0.85699997E+02  0.53607E+05
 0.85749992E+02  0.58598E+05
 0.85799995E+02  0.60492E+05
 0.85849998E+02  0.62670E+05
 0.85899994E+02  0.67326E+05
 0.85949997E+02  0.76716E+05
 0.85999992E+02  0.90651E+05
 0.86049995E+02  0.10423E+06
 0.86099998E+02  0.11227E+06
 0.86149994E+02  0.11432E+06
 0.86199997E+02  0.10950E+06
 0.86249992E+02  0.98176E+05
 0.86299995E+02  0.83439E+05
 0.86349998E+02  0.67591E+05
 0.86399994E+02  0.55084E+05
 0.86449997E+02  0.41264E+05
 0.86499992E+02  0.17966E+05
 0.86549995E+02 -0.16415E+05
 0.86599998E+02 -0.57186E+05
 0.86649994E+02 -0.92889E+05
 0.86699997E+02 -0.11911E+06
 0.86749992E+02 -0.13554E+06
 0.86799995E+02 -0.14329E+06
 0.86849998E+02 -0.14281E+06
 0.86899994E+02 -0.13456E+06
 0.86949997E+02 -0.12275E+06
 0.86999992E+02 -0.11342E+06
 0.87049995E+02 -0.11099E+06
 0.87099998E+02 -0.11362E+06
 0.87149994E+02 -0.11482E+06
 0.87199997E+02 -0.10615E+06
 0.87249992E+02 -0.85370E+05
 0.87299995E+02 -0.58071E+05
 0.87349998E+02 -0.28958E+05
 0.87399994E+02 -0.13726E+04
 0.87449997E+02  0.21790E+05
 0.87499992E+02  0.39566E+05
 0.87549995E+02  0.51657E+05
 0.87599991E+02  0.57723E+05
 0.87649994E+02  0.59691E+05
 0.87699997E+02  0.60145E+05
 0.87749992E+02  0.58102E+05
 0.87799995E+02  0.53782E+05
 0.87849991E+02  0.47945E+05
 0.87899994E+02  0.41708E+05
 0.87949997E+02  0.37665E+05
 0.87999992E+02  0.37019E+05
 0.88049995E+02  0.38532E+05
 0.88099991E+02  0.39917E+05
 0.88149994E+02  0.37964E+05
 0.88199997E+02  0.34976E+05
 0.88249992E+02  0.34964E+05
 0.88299995E+02  0.35804E+05
 0.88349991E+02  0.37277E+05
 0.88399994E+02  0.40635E+05
 0.88449997E+02  0.45730E+05
 0.88499992E+02  0.51768E+05
 0.88549995E+02  0.56113E+05
 0.88599991E+02  0.54697E+05
 0.88649994E+02  0.49252E+05
 0.88699997E+02  0.42743E+05
 0.88749992E+02  0.32538E+05
 0.88799995E+02  0.16227E+05
 0.88849991E+02 -0.50268E+04
 0.88899994E+02 -0.26073E+05
 0.88949997E+02 -0.39052E+05
 0.88999992E+02 -0.40958E+05
 0.89049995E+02 -0.32460E+05
 0.89099991E+02 -0.15896E+05
 0.89149994E+02  0.11727E+04
 0.89199997E+02  0.15062E+05
 0.89249992E+02  0.28543E+05
 0.89299995E+02  0.47174E+05
 0.89349991E+02  0.71595E+05
 0.89399994E+02  0.98703E+05
 0.89449997E+02  0.12374E+06
 0.89499992E+02  0.14246E+06
 0.89549995E+02  0.15329E+06
 0.89599991E+02  0.15686E+06
 0.89649994E+02  0.15867E+06
 0.89699997E+02  0.16343E+06
 0.89749992E+02  0.17037E+06
 0.89799995E+02  0.17326E+06
 0.89849991E+02  0.17118E+06
 0.89899994E+02  0.16835E+06
 0.89949997E+02  0.16714E+06
 0.89999992E+02  0.16250E+06
 0.90049995E+02  0.15026E+06
 0.90099991E+02  0.13458E+06
 0.90149994E+02  0.12073E+06
 0.90199997E+02  0.11165E+06
 0.90249992E+02  0.10785E+06
 0.90299995E+02  0.10671E+06
 0.90349991E+02  0.10259E+06
 0.90399994E+02  0.94362E+05
 0.90449997E+02  0.84034E+05
 0.90499992E+02  0.71422E+05
 0.90549995E+02  0.55926E+05
 0.90599991E+02  0.36943E+05
 0.90649994E+02  0.15085E+05
 0.90699997E+02 -0.60605E+04
 0.90749992E+02 -0.22789E+05
 0.90799995E+02 -0.32355E+05
 0.90849991E+02 -0.37610E+05
 0.90899994E+02 -0.44182E+05
 0.90949997E+02 -0.55489E+05
 0.90999992E+02 -0.71832E+05
 0.91049995E+02 -0.88827E+05
 0.91099991E+02 -0.10182E+06
 0.91149994E+02 -0.10950E+06
 0.91199997E+02 -0.11508E+06
 0.91249992E+02 -0.11937E+06
 0.91299995E+02 -0.12119E+06
 0.91349991E+02 -0.12150E+06
 0.91399994E+02 -0.12069E+06
 0.91449997E+02 -0.11707E+06
 0.91499992E+02 -0.10704E+06
 0.91549995E+02 -0.91035E+05
 0.91599991E+02 -0.71738E+05
 0.91649994E+02 -0.52652E+05
 0.91699997E+02 -0.36729E+05
 0.91749992E+02 -0.20530E+05
 0.91799995E+02 -0.16135E+04
 0.91849991E+02  0.17970E+05
 0.91899994E+02  0.37368E+05
 0.91949997E+02  0.54873E+05
 0.91999992E+02  0.68007E+05
 0.92049995E+02  0.75386E+05
 0.92099991E+02  0.76708E+05
 0.92149994E+02  0.73610E+05
 0.92199997E+02  0.68930E+05
 0.92249992E+02  0.65269E+05
 0.92299995E+02  0.64765E+05
 0.92349991E+02  0.67911E+05
 0.92399994E+02  0.72517E+05
 0.92449997E+02  0.76274E+05
 0.92499992E+02  0.78136E+05
 0.92549995E+02  0.78929E+05
 0.92599991E+02  0.80619E+05
 0.92649994E+02  0.85218E+05
 0.92699997E+02  0.93653E+05
 0.92749992E+02  0.10541E+06
 0.92799995E+02  0.11867E+06
 0.92849991E+02  0.12819E+06
 0.92899994E+02  0.13267E+06
 0.92949997E+02  0.13558E+06
 0.92999992E+02  0.13806E+06
 0.93049995E+02  0.13806E+06
 0.93099991E+02  0.13058E+06
 0.93149994E+02  0.11425E+06
 0.93199997E+02  0.91998E+05
 0.93249992E+02  0.68684E+05
 0.93299995E+02  0.49340E+05
 0.93349991E+02  0.34827E+05
 0.93399994E+02  0.21173E+05
 0.93449997E+02  0.46434E+04
 0.93499992E+02 -0.12846E+05
 0.93549995E+02 -0.27258E+05
 0.93599991E+02 -0.37622E+05
 0.93649994E+02 -0.47566E+05
 0.93699997E+02 -0.60562E+05
 0.93749992E+02 -0.75261E+05
 0.93799995E+02 -0.86911E+05
 0.93849991E+02 -0.94852E+05
 0.93899994E+02 -0.10331E+06
 0.93949997E+02 -0.11448E+06
 0.93999992E+02 -0.12741E+06
 0.94049995E+02 -0.13873E+06
 0.94099991E+02 -0.14612E+06
 0.94149994E+02 -0.14963E+06
 0.94199997E+02 -0.14916E+06
 0.94249992E+02 -0.14295E+06
 0.94299995E+02 -0.13109E+06
 0.94349991E+02 -0.11637E+06
 0.94399994E+02 -0.10066E+06
 0.94449997E+02 -0.83334E+05
 0.94499992E+02 -0.63739E+05
 0.94549995E+02 -0.43750E+05
 0.94599991E+02 -0.25949E+05
 0.94649994E+02 -0.11339E+05
 0.94699997E+02 -0.32496E+03
 0.94749992E+02  0.57328E+04
 0.94799995E+02  0.60826E+04
 0.94849991E+02  0.81502E+03
 0.94899994E+02 -0.86587E+04
 0.94949997E+02 -0.20431E+05
 0.94999992E+02 -0.32778E+05
 0.95049995E+02 -0.42621E+05
 0.95099991E+02 -0.48133E+05
 0.95149994E+02 -0.46756E+05
 0.95199997E+02 -0.36271E+05
 0.95249992E+02 -0.19439E+05
 0.95299995E+02 -0.23291E+04
 0.95349991E+02  0.11715E+05
 0.95399994E+02  0.23269E+05
 0.95449997E+02  0.33736E+05
 0.95499992E+02  0.43349E+05
 0.95549995E+02  0.51689E+05
 0.95599991E+02  0.58191E+05
 0.95649994E+02  0.63448E+05
 0.95699997E+02  0.67759E+05
 0.95749992E+02  0.68730E+05
 0.95799995E+02  0.65655E+05
 0.95849991E+02  0.59059E+05
 0.95899994E+02  0.50552E+05
 0.95949997E+02  0.40341E+05
 0.95999992E+02  0.28768E+05
 0.96049995E+02  0.14460E+05
 0.96099991E+02 -0.47065E+04
 0.96149994E+02 -0.25484E+05
 0.96199997E+02 -0.44208E+05
 0.96249992E+02 -0.57963E+05
 0.96299995E+02 -0.65498E+05
 0.96349991E+02 -0.67059E+05
 0.96399994E+02 -0.63759E+05
 0.96449997E+02 -0.57832E+05
 0.96499992E+02 -0.53502E+05
 0.96549995E+02 -0.51815E+05
 0.96599991E+02 -0.50892E+05
 0.96649994E+02 -0.50125E+05
 0.96699997E+02 -0.49373E+05
 0.96749992E+02 -0.49377E+05
 0.96799995E+02 -0.50745E+05
 0.96849991E+02 -0.53556E+05
 0.96899994E+02 -0.56765E+05
 0.96949997E+02 -0.60664E+05
 0.96999992E+02 -0.61066E+05
 0.97049995E+02 -0.55190E+05
 0.97099991E+02 -0.47230E+05
 0.97149994E+02 -0.39633E+05
 0.97199997E+02 -0.34256E+05
 0.97249992E+02 -0.32220E+05
 0.97299995E+02 -0.30452E+05
 0.97349991E+02 -0.28993E+05
 0.97399994E+02 -0.31028E+05
 0.97449997E+02 -0.37998E+05
 0.97499992E+02 -0.51181E+05
 0.97549995E+02 -0.67545E+05
 0.97599991E+02 -0.81473E+05
 0.97649994E+02 -0.90388E+05
 0.97699997E+02 -0.96125E+05
 0.97749992E+02 -0.10253E+06
 0.97799995E+02 -0.10895E+06
 0.97849991E+02 -0.11130E+06
 0.97899994E+02 -0.10825E+06
 0.97949997E+02 -0.10093E+06
 0.97999992E+02 -0.91362E+05
