-0.30000000E+01  0.66718E+05
-0.29500000E+01  0.66797E+05
-0.29000001E+01  0.66900E+05
-0.28499999E+01  0.67119E+05
-0.28000000E+01  0.67244E+05
-0.27500000E+01  0.67714E+05
-0.27000000E+01  0.68211E+05
-0.26500001E+01  0.68581E+05
-0.25999999E+01  0.69086E+05
-0.25500000E+01  0.69545E+05
-0.25000000E+01  0.70092E+05
-0.24500000E+01  0.70756E+05
-0.24000001E+01  0.71427E+05
-0.23499999E+01  0.72231E+05
-0.23000002E+01  0.73001E+05
-0.22500000E+01  0.73695E+05
-0.22000000E+01  0.74466E+05
-0.21500001E+01  0.75130E+05
-0.20999999E+01  0.75767E+05
-0.20500002E+01  0.76503E+05
-0.20000000E+01  0.77255E+05
-0.19500000E+01  0.78030E+05
-0.19000001E+01  0.78747E+05
-0.18500000E+01  0.79441E+05
-0.18000001E+01  0.80045E+05
-0.17500001E+01  0.80557E+05
-0.17000000E+01  0.81147E+05
-0.16500001E+01  0.81745E+05
-0.16000001E+01  0.82375E+05
-0.15500001E+01  0.82904E+05
-0.15000001E+01  0.83253E+05
-0.14500000E+01  0.83534E+05
-0.14000001E+01  0.83777E+05
-0.13500001E+01  0.84036E+05
-0.13000001E+01  0.84285E+05
-0.12500001E+01  0.84625E+05
-0.12000000E+01  0.84898E+05
-0.11500001E+01  0.85058E+05
-0.11000001E+01  0.85248E+05
-0.10500001E+01  0.85347E+05
-0.10000001E+01  0.85483E+05
-0.95000005E+00  0.85548E+05
-0.90000010E+00  0.85479E+05
-0.85000014E+00  0.85405E+05
-0.80000019E+00  0.85186E+05
-0.75000024E+00  0.85016E+05
-0.70000005E+00  0.84825E+05
-0.65000010E+00  0.84477E+05
-0.60000014E+00  0.84172E+05
-0.55000019E+00  0.83770E+05
-0.50000024E+00  0.83279E+05
-0.45000005E+00  0.82803E+05
-0.40000010E+00  0.82274E+05
-0.35000014E+00  0.81650E+05
-0.30000019E+00  0.81066E+05
-0.25000024E+00  0.80484E+05
-0.20000029E+00  0.79748E+05
-0.15000010E+00  0.79093E+05
-0.10000014E+00  0.78334E+05
-0.50000191E-01  0.77451E+05
-0.23841858E-06  0.76565E+05
 0.49999714E-01  0.75638E+05
 0.99999905E-01  0.74850E+05
 0.14999986E+00  0.73871E+05
 0.19999981E+00  0.72901E+05
 0.24999976E+00  0.72014E+05
 0.29999971E+00  0.70876E+05
 0.34999990E+00  0.69821E+05
 0.39999986E+00  0.68672E+05
 0.44999981E+00  0.67498E+05
 0.49999976E+00  0.66483E+05
 0.54999971E+00  0.65388E+05
 0.59999990E+00  0.64351E+05
 0.64999986E+00  0.63288E+05
 0.69999981E+00  0.62160E+05
 0.74999976E+00  0.61040E+05
 0.79999971E+00  0.59849E+05
 0.84999967E+00  0.58626E+05
 0.89999986E+00  0.57458E+05
 0.94999981E+00  0.56255E+05
 0.99999976E+00  0.55036E+05
 0.10499997E+01  0.53956E+05
 0.10999999E+01  0.52775E+05
 0.11499996E+01  0.51605E+05
 0.11999998E+01  0.50471E+05
 0.12499995E+01  0.49176E+05
 0.12999997E+01  0.47932E+05
 0.13499999E+01  0.46602E+05
 0.13999996E+01  0.45296E+05
 0.14499998E+01  0.43994E+05
 0.14999995E+01  0.42570E+05
 0.15499997E+01  0.41309E+05
 0.15999999E+01  0.39990E+05
 0.16499996E+01  0.38621E+05
 0.16999998E+01  0.37308E+05
 0.17499995E+01  0.36008E+05
 0.17999997E+01  0.34765E+05
 0.18499999E+01  0.33410E+05
 0.18999996E+01  0.32126E+05
 0.19499998E+01  0.30880E+05
 0.19999995E+01  0.29437E+05
 0.20499997E+01  0.28060E+05
 0.20999999E+01  0.26813E+05
 0.21499996E+01  0.25513E+05
 0.21999998E+01  0.24167E+05
 0.22499995E+01  0.22785E+05
 0.22999997E+01  0.21378E+05
 0.23499999E+01  0.19913E+05
 0.23999996E+01  0.18415E+05
 0.24499998E+01  0.16913E+05
 0.24999995E+01  0.15275E+05
 0.25499997E+01  0.13687E+05
 0.25999994E+01  0.12199E+05
 0.26499996E+01  0.10599E+05
 0.26999998E+01  0.89340E+04
 0.27499995E+01  0.71810E+04
 0.27999997E+01  0.53840E+04
 0.28499994E+01  0.35720E+04
 0.28999996E+01  0.17270E+04
 0.29499998E+01 -0.11700E+03
 0.29999995E+01 -0.20290E+04
 0.30499997E+01 -0.39360E+04
 0.30999994E+01 -0.58680E+04
 0.31499996E+01 -0.78090E+04
 0.31999998E+01 -0.97550E+04
 0.32499995E+01 -0.11768E+05
 0.32999997E+01 -0.13761E+05
 0.33499994E+01 -0.15798E+05
 0.33999996E+01 -0.17824E+05
 0.34499998E+01 -0.19769E+05
 0.34999995E+01 -0.21661E+05
 0.35499997E+01 -0.23535E+05
 0.35999994E+01 -0.25298E+05
 0.36499996E+01 -0.26941E+05
 0.36999998E+01 -0.28627E+05
 0.37499995E+01 -0.30267E+05
 0.37999997E+01 -0.31827E+05
 0.38499994E+01 -0.33262E+05
 0.38999996E+01 -0.34623E+05
 0.39499998E+01 -0.35977E+05
 0.39999995E+01 -0.37279E+05
 0.40499997E+01 -0.38608E+05
 0.40999994E+01 -0.39888E+05
 0.41499996E+01 -0.41161E+05
 0.41999998E+01 -0.42414E+05
 0.42499995E+01 -0.43597E+05
 0.42999997E+01 -0.44838E+05
 0.43499994E+01 -0.46011E+05
 0.43999996E+01 -0.47059E+05
 0.44499993E+01 -0.48170E+05
 0.44999995E+01 -0.49273E+05
 0.45499997E+01 -0.50199E+05
 0.45999994E+01 -0.51105E+05
 0.46499996E+01 -0.51997E+05
 0.46999993E+01 -0.52909E+05
 0.47499995E+01 -0.53849E+05
 0.47999997E+01 -0.54748E+05
 0.48499994E+01 -0.55765E+05
 0.48999996E+01 -0.56685E+05
 0.49499993E+01 -0.57568E+05
 0.49999995E+01 -0.58387E+05
 0.50499992E+01 -0.59129E+05
 0.50999994E+01 -0.60038E+05
 0.51499996E+01 -0.60861E+05
 0.51999998E+01 -0.61902E+05
 0.52499990E+01 -0.62922E+05
 0.52999992E+01 -0.63807E+05
 0.53499994E+01 -0.64812E+05
 0.53999996E+01 -0.65562E+05
 0.54499998E+01 -0.66538E+05
 0.54999990E+01 -0.67666E+05
 0.55499992E+01 -0.68652E+05
 0.55999994E+01 -0.69691E+05
 0.56499996E+01 -0.70663E+05
 0.56999998E+01 -0.71620E+05
 0.57499990E+01 -0.72494E+05
 0.57999992E+01 -0.73405E+05
 0.58499994E+01 -0.74277E+05
 0.58999996E+01 -0.75058E+05
 0.59499998E+01 -0.75888E+05
 0.59999990E+01 -0.76711E+05
 0.60499992E+01 -0.77498E+05
 0.60999994E+01 -0.78092E+05
 0.61499996E+01 -0.78698E+05
 0.61999998E+01 -0.79208E+05
 0.62499990E+01 -0.79626E+05
 0.62999992E+01 -0.80123E+05
 0.63499994E+01 -0.80418E+05
 0.63999996E+01 -0.80797E+05
 0.64499998E+01 -0.81104E+05
 0.64999990E+01 -0.81272E+05
 0.65499992E+01 -0.81514E+05
 0.65999994E+01 -0.81452E+05
 0.66499996E+01 -0.81339E+05
 0.66999998E+01 -0.81253E+05
 0.67499990E+01 -0.80939E+05
 0.67999992E+01 -0.80630E+05
 0.68499994E+01 -0.80325E+05
 0.68999996E+01 -0.79848E+05
 0.69499998E+01 -0.79332E+05
 0.69999990E+01 -0.78684E+05
 0.70499992E+01 -0.77839E+05
 0.70999994E+01 -0.77031E+05
 0.71499996E+01 -0.76088E+05
 0.71999998E+01 -0.75167E+05
 0.72499990E+01 -0.74318E+05
 0.72999992E+01 -0.73251E+05
 0.73499994E+01 -0.72159E+05
 0.73999996E+01 -0.70824E+05
 0.74499998E+01 -0.69337E+05
 0.74999990E+01 -0.68064E+05
 0.75499992E+01 -0.66635E+05
 0.75999994E+01 -0.65146E+05
 0.76499996E+01 -0.63763E+05
 0.76999998E+01 -0.62299E+05
 0.77499990E+01 -0.60843E+05
 0.77999992E+01 -0.59284E+05
 0.78499994E+01 -0.57707E+05
 0.78999996E+01 -0.56173E+05
 0.79499998E+01 -0.54464E+05
 0.79999990E+01 -0.52836E+05
 0.80499992E+01 -0.51251E+05
 0.80999994E+01 -0.49642E+05
 0.81499996E+01 -0.48187E+05
 0.81999989E+01 -0.46593E+05
 0.82499990E+01 -0.44969E+05
 0.82999992E+01 -0.43530E+05
 0.83499994E+01 -0.42034E+05
 0.83999996E+01 -0.40585E+05
 0.84499989E+01 -0.39128E+05
 0.84999990E+01 -0.37599E+05
 0.85499992E+01 -0.36209E+05
 0.85999994E+01 -0.34726E+05
 0.86499996E+01 -0.33301E+05
 0.86999989E+01 -0.32025E+05
 0.87499990E+01 -0.30594E+05
 0.87999992E+01 -0.29280E+05
 0.88499994E+01 -0.27959E+05
 0.88999996E+01 -0.26606E+05
 0.89499989E+01 -0.25432E+05
 0.89999990E+01 -0.24224E+05
 0.90499992E+01 -0.23049E+05
 0.90999994E+01 -0.21825E+05
 0.91499996E+01 -0.20609E+05
 0.91999989E+01 -0.19499E+05
 0.92499990E+01 -0.18272E+05
 0.92999992E+01 -0.17127E+05
 0.93499994E+01 -0.16084E+05
 0.93999996E+01 -0.14798E+05
 0.94499989E+01 -0.13620E+05
 0.94999990E+01 -0.12646E+05
 0.95499992E+01 -0.11534E+05
 0.95999994E+01 -0.10659E+05
 0.96499996E+01 -0.97220E+04
 0.96999989E+01 -0.86760E+04
 0.97499990E+01 -0.78560E+04
 0.97999992E+01 -0.69280E+04
 0.98499994E+01 -0.62840E+04
 0.98999996E+01 -0.56180E+04
 0.99499989E+01 -0.47190E+04
 0.99999990E+01 -0.39950E+04
 0.10049999E+02 -0.31690E+04
 0.10099999E+02 -0.24810E+04
 0.10150000E+02 -0.19120E+04
 0.10199999E+02 -0.13440E+04
 0.10249999E+02 -0.89500E+03
 0.10299999E+02 -0.35900E+03
 0.10349999E+02  0.15800E+03
 0.10400000E+02  0.64200E+03
 0.10449999E+02  0.12080E+04
 0.10499999E+02  0.18070E+04
 0.10549999E+02  0.23560E+04
 0.10599999E+02  0.29590E+04
 0.10650000E+02  0.36350E+04
 0.10699999E+02  0.42610E+04
 0.10749999E+02  0.49510E+04
 0.10799999E+02  0.57350E+04
 0.10849999E+02  0.64860E+04
 0.10900000E+02  0.72890E+04
 0.10949999E+02  0.81780E+04
 0.10999999E+02  0.90250E+04
 0.11049999E+02  0.99420E+04
 0.11099999E+02  0.10856E+05
 0.11150000E+02  0.11731E+05
 0.11199999E+02  0.12678E+05
 0.11249999E+02  0.13637E+05
 0.11299999E+02  0.14676E+05
 0.11349999E+02  0.15617E+05
 0.11400000E+02  0.16576E+05
 0.11449999E+02  0.17648E+05
 0.11499999E+02  0.18606E+05
 0.11549999E+02  0.19621E+05
 0.11599999E+02  0.20568E+05
 0.11649999E+02  0.21421E+05
 0.11699999E+02  0.22274E+05
 0.11749999E+02  0.23083E+05
 0.11799999E+02  0.23965E+05
 0.11849999E+02  0.24743E+05
 0.11899999E+02  0.25552E+05
 0.11949999E+02  0.26439E+05
 0.11999999E+02  0.27200E+05
 0.12049999E+02  0.27981E+05
 0.12099999E+02  0.28792E+05
 0.12149999E+02  0.29633E+05
 0.12199999E+02  0.30399E+05
 0.12249999E+02  0.31131E+05
 0.12299999E+02  0.31845E+05
 0.12349999E+02  0.32443E+05
 0.12399999E+02  0.33143E+05
 0.12449999E+02  0.33793E+05
 0.12499999E+02  0.34338E+05
 0.12549999E+02  0.34881E+05
 0.12599999E+02  0.35340E+05
 0.12649999E+02  0.35764E+05
 0.12699999E+02  0.36137E+05
 0.12749999E+02  0.36523E+05
 0.12799999E+02  0.36887E+05
 0.12849999E+02  0.37112E+05
 0.12899999E+02  0.37262E+05
 0.12949999E+02  0.37400E+05
 0.12999999E+02  0.37468E+05
 0.13049999E+02  0.37447E+05
 0.13099998E+02  0.37359E+05
 0.13150000E+02  0.37205E+05
 0.13199999E+02  0.37013E+05
 0.13249998E+02  0.36783E+05
 0.13299999E+02  0.36542E+05
 0.13349998E+02  0.36154E+05
 0.13400000E+02  0.35720E+05
 0.13449999E+02  0.35277E+05
 0.13499998E+02  0.34681E+05
 0.13549999E+02  0.34182E+05
 0.13599998E+02  0.33729E+05
 0.13650000E+02  0.33297E+05
 0.13699999E+02  0.32947E+05
 0.13749998E+02  0.32538E+05
 0.13799999E+02  0.32211E+05
 0.13849998E+02  0.31912E+05
 0.13900000E+02  0.31477E+05
 0.13949999E+02  0.31146E+05
 0.13999998E+02  0.30833E+05
 0.14049999E+02  0.30410E+05
 0.14099998E+02  0.30155E+05
 0.14150000E+02  0.29930E+05
 0.14199999E+02  0.29726E+05
 0.14249998E+02  0.29580E+05
 0.14299999E+02  0.29349E+05
 0.14349998E+02  0.29196E+05
 0.14400000E+02  0.29020E+05
 0.14449999E+02  0.28881E+05
 0.14499998E+02  0.28844E+05
 0.14549999E+02  0.28815E+05
 0.14599998E+02  0.28986E+05
 0.14650000E+02  0.29122E+05
 0.14699999E+02  0.29074E+05
 0.14749998E+02  0.29128E+05
 0.14799999E+02  0.29315E+05
 0.14849998E+02  0.29548E+05
 0.14900000E+02  0.29751E+05
 0.14949999E+02  0.29983E+05
 0.14999998E+02  0.30295E+05
 0.15049999E+02  0.30619E+05
 0.15099998E+02  0.30987E+05
 0.15150000E+02  0.31342E+05
 0.15199999E+02  0.31710E+05
 0.15249998E+02  0.32176E+05
 0.15299999E+02  0.32585E+05
 0.15349998E+02  0.32907E+05
 0.15400000E+02  0.33294E+05
 0.15449999E+02  0.33737E+05
 0.15499998E+02  0.34168E+05
 0.15549999E+02  0.34663E+05
 0.15599998E+02  0.35141E+05
 0.15650000E+02  0.35608E+05
 0.15699999E+02  0.36134E+05
 0.15749998E+02  0.36556E+05
 0.15799999E+02  0.37036E+05
 0.15849998E+02  0.37480E+05
 0.15900000E+02  0.37781E+05
 0.15949999E+02  0.38204E+05
 0.15999998E+02  0.38568E+05
 0.16049999E+02  0.38935E+05
 0.16099998E+02  0.39405E+05
 0.16150000E+02  0.39766E+05
 0.16199999E+02  0.40182E+05
 0.16249998E+02  0.40633E+05
 0.16299999E+02  0.40991E+05
 0.16349998E+02  0.41275E+05
 0.16400000E+02  0.41446E+05
 0.16449999E+02  0.41643E+05
 0.16499998E+02  0.41792E+05
 0.16549999E+02  0.42006E+05
 0.16599998E+02  0.42400E+05
 0.16650000E+02  0.42688E+05
 0.16699999E+02  0.43052E+05
 0.16749998E+02  0.43430E+05
 0.16799999E+02  0.43679E+05
 0.16849998E+02  0.43927E+05
 0.16900000E+02  0.44029E+05
 0.16949999E+02  0.44056E+05
 0.16999998E+02  0.44100E+05
 0.17049999E+02  0.44224E+05
 0.17099998E+02  0.44369E+05
 0.17150000E+02  0.44521E+05
 0.17199999E+02  0.44716E+05
 0.17249998E+02  0.44733E+05
 0.17299999E+02  0.44664E+05
 0.17349998E+02  0.44576E+05
 0.17400000E+02  0.44445E+05
 0.17449999E+02  0.44324E+05
 0.17499998E+02  0.44208E+05
 0.17549999E+02  0.44201E+05
 0.17599998E+02  0.44207E+05
 0.17650000E+02  0.44198E+05
 0.17699999E+02  0.44201E+05
 0.17749998E+02  0.44117E+05
 0.17799999E+02  0.44098E+05
 0.17849998E+02  0.43950E+05
 0.17900000E+02  0.43696E+05
 0.17949999E+02  0.43594E+05
 0.17999998E+02  0.43446E+05
 0.18049999E+02  0.43315E+05
 0.18099998E+02  0.43121E+05
 0.18150000E+02  0.42950E+05
 0.18199999E+02  0.42856E+05
 0.18249998E+02  0.42774E+05
 0.18299999E+02  0.42695E+05
 0.18349998E+02  0.42380E+05
 0.18400000E+02  0.42112E+05
 0.18449999E+02  0.41784E+05
 0.18499998E+02  0.41385E+05
 0.18549999E+02  0.41008E+05
 0.18599998E+02  0.40506E+05
 0.18650000E+02  0.40137E+05
 0.18699999E+02  0.39756E+05
 0.18749998E+02  0.39325E+05
 0.18799999E+02  0.38783E+05
 0.18849998E+02  0.38155E+05
 0.18900000E+02  0.37611E+05
 0.18949999E+02  0.36994E+05
 0.18999998E+02  0.36385E+05
 0.19049999E+02  0.35825E+05
 0.19099998E+02  0.35223E+05
 0.19150000E+02  0.34715E+05
 0.19199999E+02  0.34235E+05
 0.19249998E+02  0.33609E+05
 0.19299999E+02  0.33084E+05
 0.19349998E+02  0.32393E+05
 0.19399998E+02  0.31604E+05
 0.19449999E+02  0.31091E+05
 0.19499998E+02  0.30463E+05
 0.19549999E+02  0.30090E+05
 0.19599998E+02  0.29805E+05
 0.19649998E+02  0.29334E+05
 0.19699999E+02  0.29131E+05
 0.19749998E+02  0.28718E+05
 0.19799999E+02  0.28186E+05
 0.19849998E+02  0.27543E+05
 0.19899998E+02  0.26701E+05
 0.19949999E+02  0.26120E+05
 0.19999998E+02  0.25451E+05
 0.20049999E+02  0.24902E+05
 0.20099998E+02  0.24633E+05
 0.20149998E+02  0.24226E+05
 0.20199999E+02  0.23783E+05
 0.20249998E+02  0.23275E+05
 0.20299999E+02  0.22616E+05
 0.20349998E+02  0.21866E+05
 0.20399998E+02  0.21096E+05
 0.20449999E+02  0.20289E+05
 0.20499998E+02  0.19611E+05
 0.20549999E+02  0.19046E+05
 0.20599998E+02  0.18442E+05
 0.20649998E+02  0.17941E+05
 0.20699999E+02  0.17271E+05
 0.20749998E+02  0.16542E+05
 0.20799999E+02  0.15804E+05
 0.20849998E+02  0.14848E+05
 0.20899998E+02  0.14050E+05
 0.20949999E+02  0.13145E+05
 0.20999998E+02  0.12178E+05
 0.21049999E+02  0.11510E+05
 0.21099998E+02  0.10745E+05
 0.21149998E+02  0.10130E+05
 0.21199999E+02  0.95880E+04
 0.21249998E+02  0.87800E+04
 0.21299999E+02  0.81650E+04
 0.21349998E+02  0.74820E+04
 0.21399998E+02  0.68200E+04
 0.21449999E+02  0.63230E+04
 0.21499998E+02  0.55240E+04
 0.21549999E+02  0.50250E+04
 0.21599998E+02  0.46190E+04
 0.21649998E+02  0.39900E+04
 0.21699999E+02  0.35630E+04
 0.21749998E+02  0.30300E+04
 0.21799999E+02  0.25520E+04
 0.21849998E+02  0.20780E+04
 0.21899998E+02  0.15180E+04
 0.21949999E+02  0.10970E+04
 0.21999998E+02  0.57900E+03
 0.22049999E+02  0.89000E+02
 0.22099998E+02 -0.37200E+03
 0.22149998E+02 -0.96400E+03
 0.22199999E+02 -0.15410E+04
 0.22249998E+02 -0.20170E+04
 0.22299999E+02 -0.25360E+04
 0.22349998E+02 -0.29850E+04
 0.22399998E+02 -0.34220E+04
 0.22449999E+02 -0.40510E+04
 0.22499998E+02 -0.45250E+04
 0.22549999E+02 -0.50710E+04
 0.22599998E+02 -0.55430E+04
 0.22649998E+02 -0.58700E+04
 0.22699999E+02 -0.64110E+04
 0.22749998E+02 -0.67370E+04
 0.22799999E+02 -0.71620E+04
 0.22849998E+02 -0.76220E+04
 0.22899998E+02 -0.78770E+04
 0.22949999E+02 -0.82170E+04
 0.22999998E+02 -0.84070E+04
 0.23049999E+02 -0.85720E+04
 0.23099998E+02 -0.86920E+04
 0.23149998E+02 -0.87390E+04
 0.23199999E+02 -0.88860E+04
 0.23249998E+02 -0.90090E+04
 0.23299999E+02 -0.90370E+04
 0.23349998E+02 -0.91300E+04
 0.23399998E+02 -0.91980E+04
 0.23449999E+02 -0.91290E+04
 0.23499998E+02 -0.91730E+04
 0.23549999E+02 -0.90390E+04
 0.23599998E+02 -0.88570E+04
 0.23649998E+02 -0.87480E+04
 0.23699999E+02 -0.85110E+04
 0.23749998E+02 -0.83560E+04
 0.23799999E+02 -0.79870E+04
 0.23849998E+02 -0.76040E+04
 0.23899998E+02 -0.72710E+04
 0.23949999E+02 -0.66200E+04
 0.23999998E+02 -0.59150E+04
 0.24049999E+02 -0.51810E+04
 0.24099998E+02 -0.42880E+04
 0.24149998E+02 -0.34100E+04
 0.24199999E+02 -0.25280E+04
 0.24249998E+02 -0.14180E+04
 0.24299999E+02 -0.25300E+03
 0.24349998E+02  0.88700E+03
 0.24399998E+02  0.19990E+04
 0.24449999E+02  0.30960E+04
 0.24499998E+02  0.42590E+04
 0.24549999E+02  0.54040E+04
 0.24599998E+02  0.67370E+04
 0.24649998E+02  0.80600E+04
 0.24699999E+02  0.92520E+04
 0.24749998E+02  0.10517E+05
 0.24799999E+02  0.11774E+05
 0.24849998E+02  0.13111E+05
 0.24899998E+02  0.14394E+05
 0.24949999E+02  0.15552E+05
 0.24999998E+02  0.16811E+05
 0.25049999E+02  0.18179E+05
 0.25099998E+02  0.19565E+05
 0.25149998E+02  0.20954E+05
 0.25199999E+02  0.22243E+05
 0.25249998E+02  0.23417E+05
 0.25299999E+02  0.24613E+05
 0.25349998E+02  0.25830E+05
 0.25399998E+02  0.27131E+05
 0.25449999E+02  0.28465E+05
 0.25499998E+02  0.29704E+05
 0.25549999E+02  0.30905E+05
 0.25599998E+02  0.32146E+05
 0.25649998E+02  0.33484E+05
 0.25699999E+02  0.34844E+05
 0.25749998E+02  0.36157E+05
 0.25799999E+02  0.37490E+05
 0.25849998E+02  0.38733E+05
 0.25899998E+02  0.39929E+05
 0.25949999E+02  0.41180E+05
 0.25999998E+02  0.42315E+05
 0.26049997E+02  0.43504E+05
 0.26099998E+02  0.44667E+05
 0.26149998E+02  0.45677E+05
 0.26199999E+02  0.46730E+05
 0.26249998E+02  0.47617E+05
 0.26299997E+02  0.48458E+05
 0.26349998E+02  0.49307E+05
 0.26399998E+02  0.49979E+05
 0.26449999E+02  0.50618E+05
 0.26499998E+02  0.51119E+05
 0.26549997E+02  0.51483E+05
 0.26599998E+02  0.51880E+05
 0.26649998E+02  0.52194E+05
 0.26699999E+02  0.52472E+05
 0.26749998E+02  0.52732E+05
 0.26799997E+02  0.52829E+05
 0.26849998E+02  0.52949E+05
 0.26899998E+02  0.53012E+05
 0.26949999E+02  0.52916E+05
 0.26999998E+02  0.52890E+05
 0.27049997E+02  0.52722E+05
 0.27099998E+02  0.52513E+05
 0.27149998E+02  0.52336E+05
 0.27199999E+02  0.51902E+05
 0.27249998E+02  0.51559E+05
 0.27299997E+02  0.51258E+05
 0.27349998E+02  0.50724E+05
 0.27399998E+02  0.50243E+05
 0.27449999E+02  0.49728E+05
 0.27499998E+02  0.49142E+05
 0.27549997E+02  0.48647E+05
 0.27599998E+02  0.48086E+05
 0.27649998E+02  0.47554E+05
 0.27699999E+02  0.46999E+05
 0.27749998E+02  0.46381E+05
 0.27799997E+02  0.45943E+05
 0.27849998E+02  0.45448E+05
 0.27899998E+02  0.44978E+05
 0.27949999E+02  0.44649E+05
 0.27999998E+02  0.44165E+05
 0.28049997E+02  0.43784E+05
 0.28099998E+02  0.43525E+05
 0.28149998E+02  0.43242E+05
 0.28199999E+02  0.43004E+05
 0.28249998E+02  0.42752E+05
 0.28299997E+02  0.42549E+05
 0.28349998E+02  0.42321E+05
 0.28399998E+02  0.42065E+05
 0.28449999E+02  0.41935E+05
 0.28499998E+02  0.41850E+05
 0.28549997E+02  0.41706E+05
 0.28599998E+02  0.41631E+05
 0.28649998E+02  0.41653E+05
 0.28699999E+02  0.41671E+05
 0.28749998E+02  0.41746E+05
 0.28799997E+02  0.41766E+05
 0.28849998E+02  0.41752E+05
 0.28899998E+02  0.41740E+05
 0.28949999E+02  0.41647E+05
 0.28999998E+02  0.41690E+05
 0.29049999E+02  0.41812E+05
 0.29099998E+02  0.41977E+05
 0.29149998E+02  0.42165E+05
 0.29199997E+02  0.42234E+05
 0.29249996E+02  0.42362E+05
 0.29299999E+02  0.42413E+05
 0.29349998E+02  0.42429E+05
 0.29399998E+02  0.42582E+05
 0.29449997E+02  0.42666E+05
 0.29499996E+02  0.42771E+05
 0.29549999E+02  0.42881E+05
 0.29599998E+02  0.42899E+05
 0.29649998E+02  0.42887E+05
 0.29699997E+02  0.42853E+05
 0.29749996E+02  0.42830E+05
 0.29799999E+02  0.42900E+05
 0.29849998E+02  0.42951E+05
 0.29899998E+02  0.42972E+05
 0.29949997E+02  0.43165E+05
 0.29999996E+02  0.43185E+05
 0.30049999E+02  0.43185E+05
 0.30099998E+02  0.43346E+05
 0.30149998E+02  0.43333E+05
 0.30199997E+02  0.43387E+05
 0.30249996E+02  0.43375E+05
 0.30299999E+02  0.43425E+05
 0.30349998E+02  0.43584E+05
 0.30399998E+02  0.43537E+05
 0.30449997E+02  0.43537E+05
 0.30499996E+02  0.43407E+05
 0.30549999E+02  0.43261E+05
 0.30599998E+02  0.43089E+05
 0.30649998E+02  0.42759E+05
 0.30699997E+02  0.42555E+05
 0.30749996E+02  0.42266E+05
 0.30799999E+02  0.41899E+05
 0.30849998E+02  0.41400E+05
 0.30899998E+02  0.40846E+05
 0.30949997E+02  0.40376E+05
 0.30999996E+02  0.39770E+05
 0.31049999E+02  0.39142E+05
 0.31099998E+02  0.38455E+05
 0.31149998E+02  0.37812E+05
 0.31199997E+02  0.37177E+05
 0.31249996E+02  0.36438E+05
 0.31299999E+02  0.35746E+05
 0.31349998E+02  0.34919E+05
 0.31399998E+02  0.34101E+05
 0.31449997E+02  0.33364E+05
 0.31499996E+02  0.32529E+05
 0.31549999E+02  0.31705E+05
 0.31599998E+02  0.30756E+05
 0.31649998E+02  0.29711E+05
 0.31699997E+02  0.28799E+05
 0.31749996E+02  0.27798E+05
 0.31799999E+02  0.26834E+05
 0.31849998E+02  0.25974E+05
 0.31899998E+02  0.24840E+05
 0.31949997E+02  0.23752E+05
 0.31999996E+02  0.22709E+05
 0.32049999E+02  0.21454E+05
 0.32099998E+02  0.20232E+05
 0.32149998E+02  0.18919E+05
 0.32199997E+02  0.17562E+05
 0.32249996E+02  0.16305E+05
 0.32299999E+02  0.15021E+05
 0.32349998E+02  0.13697E+05
 0.32399998E+02  0.12343E+05
 0.32449997E+02  0.11001E+05
 0.32499996E+02  0.96270E+04
 0.32549999E+02  0.82170E+04
 0.32599998E+02  0.67860E+04
 0.32649998E+02  0.53250E+04
 0.32699997E+02  0.38480E+04
 0.32749996E+02  0.23890E+04
 0.32799999E+02  0.92800E+03
 0.32849998E+02 -0.65900E+03
 0.32899998E+02 -0.22370E+04
 0.32949997E+02 -0.37130E+04
 0.32999996E+02 -0.51410E+04
 0.33049999E+02 -0.65350E+04
 0.33099998E+02 -0.79610E+04
 0.33149998E+02 -0.93900E+04
 0.33199997E+02 -0.10818E+05
 0.33249996E+02 -0.12193E+05
 0.33299999E+02 -0.13449E+05
 0.33349998E+02 -0.14638E+05
 0.33399998E+02 -0.15900E+05
 0.33449997E+02 -0.17143E+05
 0.33499996E+02 -0.18276E+05
 0.33549999E+02 -0.19376E+05
 0.33599998E+02 -0.20331E+05
 0.33649998E+02 -0.21310E+05
 0.33699997E+02 -0.22333E+05
 0.33749996E+02 -0.23288E+05
 0.33799999E+02 -0.24250E+05
 0.33849998E+02 -0.25115E+05
 0.33899998E+02 -0.26013E+05
 0.33949997E+02 -0.26874E+05
 0.33999996E+02 -0.27642E+05
 0.34049999E+02 -0.28403E+05
 0.34099998E+02 -0.29007E+05
 0.34149998E+02 -0.29717E+05
 0.34199997E+02 -0.30512E+05
 0.34249996E+02 -0.31208E+05
 0.34299999E+02 -0.31849E+05
 0.34349998E+02 -0.32338E+05
 0.34399998E+02 -0.32827E+05
 0.34449997E+02 -0.33359E+05
 0.34499996E+02 -0.33903E+05
 0.34549999E+02 -0.34494E+05
 0.34599998E+02 -0.35012E+05
 0.34649998E+02 -0.35446E+05
 0.34699997E+02 -0.35858E+05
 0.34749996E+02 -0.36238E+05
 0.34799999E+02 -0.36701E+05
 0.34849998E+02 -0.37255E+05
 0.34899998E+02 -0.37619E+05
 0.34949997E+02 -0.38016E+05
 0.34999996E+02 -0.38441E+05
 0.35049999E+02 -0.38691E+05
 0.35099998E+02 -0.39065E+05
 0.35149998E+02 -0.39344E+05
 0.35199997E+02 -0.39557E+05
 0.35249996E+02 -0.39848E+05
 0.35299999E+02 -0.39983E+05
 0.35349998E+02 -0.40146E+05
 0.35399998E+02 -0.40257E+05
 0.35449997E+02 -0.40253E+05
 0.35499996E+02 -0.40270E+05
 0.35549999E+02 -0.40169E+05
 0.35599998E+02 -0.39942E+05
 0.35649998E+02 -0.39678E+05
 0.35699997E+02 -0.39354E+05
 0.35749996E+02 -0.38931E+05
 0.35799999E+02 -0.38375E+05
 0.35849998E+02 -0.37717E+05
 0.35899998E+02 -0.37072E+05
 0.35949997E+02 -0.36266E+05
 0.35999996E+02 -0.35364E+05
 0.36049999E+02 -0.34478E+05
 0.36099998E+02 -0.33428E+05
 0.36149998E+02 -0.32473E+05
 0.36199997E+02 -0.31433E+05
 0.36249996E+02 -0.30196E+05
 0.36299999E+02 -0.28995E+05
 0.36349998E+02 -0.27689E+05
 0.36399998E+02 -0.26459E+05
 0.36449997E+02 -0.25235E+05
 0.36499996E+02 -0.23927E+05
 0.36549999E+02 -0.22606E+05
 0.36599998E+02 -0.21092E+05
 0.36649998E+02 -0.19637E+05
 0.36699997E+02 -0.18193E+05
 0.36749996E+02 -0.16689E+05
 0.36799999E+02 -0.15264E+05
 0.36849998E+02 -0.13756E+05
 0.36899998E+02 -0.12332E+05
 0.36949997E+02 -0.10923E+05
 0.36999996E+02 -0.93730E+04
 0.37049999E+02 -0.78370E+04
 0.37099998E+02 -0.63490E+04
 0.37149998E+02 -0.48300E+04
 0.37199997E+02 -0.33020E+04
 0.37249996E+02 -0.17830E+04
 0.37299999E+02 -0.16900E+03
 0.37349998E+02  0.13990E+04
 0.37399998E+02  0.30720E+04
 0.37449997E+02  0.47500E+04
 0.37499996E+02  0.63820E+04
 0.37549999E+02  0.81150E+04
 0.37599998E+02  0.95890E+04
 0.37649998E+02  0.11183E+05
 0.37699997E+02  0.12845E+05
 0.37749996E+02  0.14454E+05
 0.37799999E+02  0.16242E+05
 0.37849998E+02  0.17840E+05
 0.37899998E+02  0.19515E+05
 0.37949997E+02  0.21240E+05
 0.37999996E+02  0.22752E+05
 0.38049999E+02  0.24212E+05
 0.38099998E+02  0.25668E+05
 0.38149998E+02  0.27117E+05
 0.38199997E+02  0.28537E+05
 0.38249996E+02  0.29956E+05
 0.38299999E+02  0.31350E+05
 0.38349998E+02  0.32756E+05
 0.38399998E+02  0.34121E+05
 0.38449997E+02  0.35497E+05
 0.38499996E+02  0.36789E+05
 0.38549999E+02  0.37938E+05
 0.38599998E+02  0.39209E+05
 0.38649998E+02  0.40315E+05
 0.38699997E+02  0.41343E+05
 0.38749996E+02  0.42518E+05
 0.38799999E+02  0.43543E+05
 0.38849998E+02  0.44551E+05
 0.38899998E+02  0.45392E+05
 0.38949997E+02  0.46025E+05
 0.38999996E+02  0.46744E+05
 0.39049999E+02  0.47375E+05
 0.39099998E+02  0.48042E+05
 0.39149998E+02  0.48661E+05
 0.39199997E+02  0.49143E+05
 0.39249996E+02  0.49654E+05
 0.39299999E+02  0.49918E+05
 0.39349998E+02  0.50097E+05
 0.39399998E+02  0.50209E+05
 0.39449997E+02  0.50185E+05
 0.39499996E+02  0.50187E+05
 0.39549999E+02  0.49977E+05
 0.39599998E+02  0.49796E+05
 0.39649998E+02  0.49623E+05
 0.39699997E+02  0.49235E+05
 0.39749996E+02  0.48810E+05
 0.39799999E+02  0.48275E+05
 0.39849998E+02  0.47712E+05
 0.39899998E+02  0.47057E+05
 0.39949997E+02  0.46428E+05
 0.39999996E+02  0.45815E+05
 0.40049999E+02  0.45048E+05
 0.40099998E+02  0.44340E+05
 0.40149998E+02  0.43507E+05
 0.40199997E+02  0.42694E+05
 0.40249996E+02  0.41978E+05
 0.40299999E+02  0.41177E+05
 0.40349998E+02  0.40394E+05
 0.40399998E+02  0.39443E+05
 0.40449997E+02  0.38390E+05
 0.40499996E+02  0.37481E+05
 0.40549999E+02  0.36593E+05
 0.40599998E+02  0.35781E+05
 0.40649998E+02  0.35178E+05
 0.40699997E+02  0.34497E+05
 0.40749996E+02  0.33810E+05
 0.40799999E+02  0.33105E+05
 0.40849998E+02  0.32301E+05
 0.40899998E+02  0.31600E+05
 0.40949997E+02  0.30808E+05
 0.40999996E+02  0.30149E+05
 0.41049999E+02  0.29530E+05
 0.41099998E+02  0.28824E+05
 0.41149998E+02  0.28352E+05
 0.41199997E+02  0.27790E+05
 0.41249996E+02  0.27206E+05
 0.41299999E+02  0.26721E+05
 0.41349998E+02  0.26132E+05
 0.41399998E+02  0.25513E+05
 0.41449997E+02  0.25007E+05
 0.41499996E+02  0.24532E+05
 0.41549999E+02  0.24074E+05
 0.41599998E+02  0.23728E+05
 0.41649998E+02  0.23303E+05
 0.41699997E+02  0.22898E+05
 0.41749996E+02  0.22318E+05
 0.41799995E+02  0.21708E+05
 0.41849998E+02  0.21335E+05
 0.41899998E+02  0.20781E+05
 0.41949997E+02  0.20376E+05
 0.41999996E+02  0.19964E+05
 0.42049995E+02  0.19374E+05
 0.42099998E+02  0.19002E+05
 0.42149998E+02  0.18462E+05
 0.42199997E+02  0.17862E+05
 0.42249996E+02  0.17435E+05
 0.42299995E+02  0.16912E+05
 0.42349998E+02  0.16527E+05
 0.42399998E+02  0.16217E+05
 0.42449997E+02  0.15760E+05
 0.42499996E+02  0.15396E+05
 0.42549995E+02  0.14857E+05
 0.42599998E+02  0.14290E+05
 0.42649998E+02  0.13842E+05
 0.42699997E+02  0.13295E+05
 0.42749996E+02  0.13020E+05
 0.42799995E+02  0.12714E+05
 0.42849998E+02  0.12433E+05
 0.42899998E+02  0.12288E+05
 0.42949997E+02  0.11931E+05
 0.42999996E+02  0.11728E+05
 0.43049995E+02  0.11454E+05
 0.43099998E+02  0.11154E+05
 0.43149998E+02  0.11113E+05
 0.43199997E+02  0.10939E+05
 0.43249996E+02  0.10821E+05
 0.43299995E+02  0.10859E+05
 0.43349998E+02  0.10823E+05
 0.43399998E+02  0.10851E+05
 0.43449997E+02  0.10933E+05
 0.43499996E+02  0.10958E+05
 0.43549995E+02  0.10984E+05
 0.43599998E+02  0.10945E+05
 0.43649998E+02  0.11004E+05
 0.43699997E+02  0.11130E+05
 0.43749996E+02  0.11159E+05
 0.43799995E+02  0.11334E+05
 0.43849998E+02  0.11418E+05
 0.43899998E+02  0.11425E+05
 0.43949997E+02  0.11517E+05
 0.43999996E+02  0.11395E+05
 0.44049995E+02  0.11270E+05
 0.44099998E+02  0.11159E+05
 0.44149998E+02  0.11021E+05
 0.44199997E+02  0.10963E+05
 0.44249996E+02  0.10823E+05
 0.44299995E+02  0.10646E+05
 0.44349998E+02  0.10454E+05
 0.44399998E+02  0.10159E+05
 0.44449997E+02  0.98180E+04
 0.44499996E+02  0.96080E+04
 0.44549995E+02  0.94140E+04
 0.44599998E+02  0.92920E+04
 0.44649998E+02  0.92490E+04
 0.44699997E+02  0.90790E+04
 0.44749996E+02  0.89310E+04
 0.44799995E+02  0.87120E+04
 0.44849998E+02  0.86880E+04
 0.44899998E+02  0.87350E+04
 0.44949997E+02  0.86840E+04
 0.44999996E+02  0.89370E+04
 0.45049995E+02  0.90570E+04
 0.45099998E+02  0.91460E+04
 0.45149998E+02  0.93510E+04
 0.45199997E+02  0.94460E+04
 0.45249996E+02  0.97140E+04
 0.45299995E+02  0.10060E+05
 0.45349998E+02  0.10379E+05
 0.45399998E+02  0.10696E+05
 0.45449997E+02  0.10962E+05
 0.45499996E+02  0.11293E+05
 0.45549995E+02  0.11705E+05
 0.45599998E+02  0.11967E+05
 0.45649998E+02  0.12247E+05
 0.45699997E+02  0.12618E+05
 0.45749996E+02  0.12845E+05
 0.45799995E+02  0.13200E+05
 0.45849998E+02  0.13508E+05
 0.45899998E+02  0.13726E+05
 0.45949997E+02  0.14039E+05
 0.45999996E+02  0.14235E+05
 0.46049995E+02  0.14501E+05
 0.46099998E+02  0.14701E+05
 0.46149998E+02  0.14758E+05
 0.46199997E+02  0.14857E+05
 0.46249996E+02  0.14978E+05
 0.46299995E+02  0.15101E+05
 0.46349998E+02  0.15144E+05
 0.46399998E+02  0.15211E+05
 0.46449997E+02  0.15239E+05
 0.46499996E+02  0.15274E+05
 0.46549995E+02  0.15289E+05
 0.46599998E+02  0.15210E+05
 0.46649998E+02  0.15196E+05
 0.46699997E+02  0.15129E+05
 0.46749996E+02  0.15092E+05
 0.46799995E+02  0.14980E+05
 0.46849998E+02  0.14915E+05
 0.46899998E+02  0.14942E+05
 0.46949997E+02  0.14718E+05
 0.46999996E+02  0.14669E+05
 0.47049995E+02  0.14636E+05
 0.47099998E+02  0.14532E+05
 0.47149998E+02  0.14473E+05
 0.47199997E+02  0.14224E+05
 0.47249996E+02  0.14085E+05
 0.47299995E+02  0.13887E+05
 0.47349998E+02  0.13713E+05
 0.47399998E+02  0.13576E+05
 0.47449997E+02  0.13259E+05
 0.47499996E+02  0.13041E+05
 0.47549995E+02  0.12819E+05
 0.47599998E+02  0.12558E+05
 0.47649998E+02  0.12232E+05
 0.47699997E+02  0.11984E+05
 0.47749996E+02  0.11720E+05
 0.47799995E+02  0.11351E+05
 0.47849998E+02  0.11054E+05
 0.47899998E+02  0.10667E+05
 0.47949997E+02  0.10425E+05
 0.47999996E+02  0.10114E+05
 0.48049995E+02  0.96380E+04
 0.48099998E+02  0.91910E+04
 0.48149998E+02  0.87360E+04
 0.48199997E+02  0.83860E+04
 0.48249996E+02  0.79710E+04
 0.48299995E+02  0.75080E+04
 0.48349998E+02  0.69460E+04
 0.48399998E+02  0.64420E+04
 0.48449997E+02  0.59250E+04
 0.48499996E+02  0.53380E+04
 0.48549995E+02  0.48530E+04
 0.48599998E+02  0.42100E+04
 0.48649998E+02  0.36810E+04
 0.48699997E+02  0.30370E+04
 0.48749996E+02  0.23150E+04
 0.48799995E+02  0.15990E+04
 0.48849998E+02  0.67500E+03
 0.48899998E+02  0.32000E+02
 0.48949997E+02 -0.79000E+03
 0.48999996E+02 -0.16360E+04
 0.49049995E+02 -0.23460E+04
 0.49099998E+02 -0.33240E+04
 0.49149998E+02 -0.41150E+04
 0.49199997E+02 -0.49940E+04
 0.49249996E+02 -0.59270E+04
 0.49299995E+02 -0.67040E+04
 0.49349998E+02 -0.77070E+04
 0.49399998E+02 -0.87020E+04
 0.49449997E+02 -0.96120E+04
 0.49499996E+02 -0.10661E+05
 0.49549995E+02 -0.11605E+05
 0.49599998E+02 -0.12510E+05
 0.49649998E+02 -0.13624E+05
 0.49699997E+02 -0.14660E+05
 0.49749996E+02 -0.15711E+05
 0.49799995E+02 -0.16789E+05
 0.49849998E+02 -0.17798E+05
 0.49899998E+02 -0.18905E+05
 0.49949997E+02 -0.19951E+05
 0.49999996E+02 -0.21086E+05
 0.50049995E+02 -0.22276E+05
 0.50099998E+02 -0.23469E+05
 0.50149998E+02 -0.24714E+05
 0.50199997E+02 -0.25729E+05
 0.50249996E+02 -0.26799E+05
 0.50299995E+02 -0.27916E+05
 0.50349998E+02 -0.28952E+05
 0.50399998E+02 -0.30087E+05
 0.50449997E+02 -0.31157E+05
 0.50499996E+02 -0.32295E+05
 0.50549995E+02 -0.33520E+05
 0.50599998E+02 -0.34625E+05
 0.50649998E+02 -0.35653E+05
 0.50699997E+02 -0.36689E+05
 0.50749996E+02 -0.37709E+05
 0.50799995E+02 -0.38712E+05
 0.50849998E+02 -0.39734E+05
 0.50899998E+02 -0.40721E+05
 0.50949997E+02 -0.41749E+05
 0.50999996E+02 -0.42665E+05
 0.51049995E+02 -0.43544E+05
 0.51099998E+02 -0.44515E+05
 0.51149998E+02 -0.45431E+05
 0.51199997E+02 -0.46486E+05
 0.51249996E+02 -0.47413E+05
 0.51299995E+02 -0.48359E+05
 0.51349998E+02 -0.49535E+05
 0.51399998E+02 -0.50524E+05
 0.51449997E+02 -0.51546E+05
 0.51499996E+02 -0.52507E+05
 0.51549995E+02 -0.53349E+05
 0.51599998E+02 -0.54305E+05
 0.51649998E+02 -0.55226E+05
 0.51699997E+02 -0.56180E+05
 0.51749996E+02 -0.57155E+05
 0.51799995E+02 -0.58093E+05
 0.51849998E+02 -0.59039E+05
 0.51899998E+02 -0.59935E+05
 0.51949997E+02 -0.60746E+05
 0.51999996E+02 -0.61553E+05
 0.52049995E+02 -0.62259E+05
 0.52099998E+02 -0.62891E+05
 0.52149998E+02 -0.63674E+05
 0.52199997E+02 -0.64370E+05
 0.52249996E+02 -0.65009E+05
 0.52299995E+02 -0.65698E+05
 0.52349998E+02 -0.66158E+05
 0.52399998E+02 -0.66543E+05
 0.52449997E+02 -0.66966E+05
 0.52499996E+02 -0.67268E+05
 0.52549995E+02 -0.67573E+05
 0.52599998E+02 -0.67757E+05
 0.52649998E+02 -0.67826E+05
 0.52699997E+02 -0.68035E+05
 0.52749996E+02 -0.68011E+05
 0.52799995E+02 -0.67968E+05
 0.52849998E+02 -0.67988E+05
 0.52899998E+02 -0.67670E+05
 0.52949997E+02 -0.67360E+05
 0.52999996E+02 -0.66953E+05
 0.53049995E+02 -0.66518E+05
 0.53099998E+02 -0.66031E+05
 0.53149998E+02 -0.65293E+05
 0.53199997E+02 -0.64699E+05
 0.53249996E+02 -0.64077E+05
 0.53299995E+02 -0.63400E+05
 0.53349998E+02 -0.62562E+05
 0.53399998E+02 -0.61452E+05
 0.53449997E+02 -0.60430E+05
 0.53499996E+02 -0.59333E+05
 0.53549995E+02 -0.58037E+05
 0.53599998E+02 -0.56676E+05
 0.53649998E+02 -0.55296E+05
 0.53699997E+02 -0.53844E+05
 0.53749996E+02 -0.52309E+05
 0.53799995E+02 -0.50665E+05
 0.53849998E+02 -0.48939E+05
 0.53899998E+02 -0.47339E+05
 0.53949997E+02 -0.45598E+05
 0.53999996E+02 -0.43744E+05
 0.54049995E+02 -0.41999E+05
 0.54099998E+02 -0.40245E+05
 0.54149998E+02 -0.38546E+05
 0.54199997E+02 -0.36722E+05
 0.54249996E+02 -0.34844E+05
 0.54299995E+02 -0.33036E+05
 0.54349998E+02 -0.31218E+05
 0.54399998E+02 -0.29363E+05
 0.54449997E+02 -0.27437E+05
 0.54499996E+02 -0.25583E+05
 0.54549995E+02 -0.23806E+05
 0.54599998E+02 -0.22064E+05
 0.54649998E+02 -0.20310E+05
 0.54699997E+02 -0.18694E+05
 0.54749996E+02 -0.16952E+05
 0.54799995E+02 -0.15031E+05
 0.54849995E+02 -0.13239E+05
 0.54899998E+02 -0.11315E+05
 0.54949997E+02 -0.94560E+04
 0.54999996E+02 -0.76340E+04
 0.55049995E+02 -0.57990E+04
 0.55099995E+02 -0.39990E+04
 0.55149998E+02 -0.20520E+04
 0.55199997E+02 -0.80000E+02
 0.55249996E+02  0.20390E+04
 0.55299995E+02  0.41610E+04
 0.55349995E+02  0.61740E+04
 0.55399998E+02  0.82390E+04
 0.55449997E+02  0.10307E+05
 0.55499996E+02  0.12339E+05
 0.55549995E+02  0.14378E+05
 0.55599995E+02  0.16503E+05
 0.55649998E+02  0.18679E+05
 0.55699997E+02  0.20851E+05
 0.55749996E+02  0.22934E+05
 0.55799995E+02  0.24965E+05
 0.55849995E+02  0.27020E+05
 0.55899998E+02  0.28986E+05
 0.55949997E+02  0.31021E+05
 0.55999996E+02  0.33159E+05
 0.56049995E+02  0.35170E+05
 0.56099995E+02  0.37155E+05
 0.56149998E+02  0.39070E+05
 0.56199997E+02  0.40882E+05
 0.56249996E+02  0.42739E+05
 0.56299995E+02  0.44555E+05
 0.56349995E+02  0.46392E+05
 0.56399998E+02  0.48230E+05
 0.56449997E+02  0.50014E+05
 0.56499996E+02  0.51820E+05
 0.56549995E+02  0.53551E+05
 0.56599995E+02  0.55327E+05
 0.56649998E+02  0.57184E+05
 0.56699997E+02  0.58986E+05
 0.56749996E+02  0.60827E+05
 0.56799995E+02  0.62617E+05
 0.56849995E+02  0.64308E+05
 0.56899998E+02  0.66022E+05
 0.56949997E+02  0.67728E+05
 0.56999996E+02  0.69435E+05
 0.57049995E+02  0.71180E+05
 0.57099995E+02  0.72963E+05
 0.57149998E+02  0.74697E+05
 0.57199997E+02  0.76277E+05
 0.57249996E+02  0.77813E+05
 0.57299995E+02  0.79441E+05
 0.57349995E+02  0.81090E+05
 0.57399998E+02  0.82605E+05
 0.57449997E+02  0.84092E+05
 0.57499996E+02  0.85718E+05
 0.57549995E+02  0.87279E+05
 0.57599995E+02  0.88806E+05
 0.57649998E+02  0.90428E+05
 0.57699997E+02  0.91950E+05
 0.57749996E+02  0.93338E+05
 0.57799995E+02  0.94611E+05
 0.57849995E+02  0.96009E+05
 0.57899998E+02  0.97438E+05
 0.57949997E+02  0.98824E+05
 0.57999996E+02  0.10041E+06
 0.58049995E+02  0.10174E+06
 0.58099995E+02  0.10289E+06
 0.58149998E+02  0.10407E+06
 0.58199997E+02  0.10508E+06
 0.58249996E+02  0.10611E+06
 0.58299995E+02  0.10709E+06
 0.58349995E+02  0.10810E+06
 0.58399998E+02  0.10909E+06
 0.58449997E+02  0.10992E+06
 0.58499996E+02  0.11075E+06
 0.58549995E+02  0.11135E+06
 0.58599995E+02  0.11184E+06
 0.58649998E+02  0.11233E+06
 0.58699997E+02  0.11274E+06
 0.58749996E+02  0.11318E+06
 0.58799995E+02  0.11353E+06
 0.58849995E+02  0.11380E+06
 0.58899998E+02  0.11393E+06
 0.58949997E+02  0.11392E+06
 0.58999996E+02  0.11391E+06
 0.59049995E+02  0.11387E+06
 0.59099995E+02  0.11375E+06
 0.59149998E+02  0.11359E+06
 0.59199997E+02  0.11339E+06
 0.59249996E+02  0.11300E+06
 0.59299995E+02  0.11263E+06
 0.59349995E+02  0.11219E+06
 0.59399998E+02  0.11173E+06
 0.59449997E+02  0.11130E+06
 0.59499996E+02  0.11074E+06
 0.59549995E+02  0.11032E+06
 0.59599995E+02  0.10973E+06
 0.59649998E+02  0.10912E+06
 0.59699997E+02  0.10843E+06
 0.59749996E+02  0.10749E+06
 0.59799995E+02  0.10665E+06
 0.59849995E+02  0.10573E+06
 0.59899998E+02  0.10483E+06
 0.59949997E+02  0.10387E+06
 0.59999996E+02  0.10292E+06
 0.60049995E+02  0.10196E+06
 0.60099995E+02  0.10082E+06
 0.60149998E+02  0.99731E+05
 0.60199997E+02  0.98496E+05
 0.60249996E+02  0.97250E+05
 0.60299995E+02  0.95896E+05
 0.60349995E+02  0.94537E+05
 0.60399998E+02  0.93321E+05
 0.60449997E+02  0.91941E+05
 0.60499996E+02  0.90718E+05
 0.60549995E+02  0.89309E+05
 0.60599995E+02  0.87781E+05
 0.60649998E+02  0.86429E+05
 0.60699997E+02  0.84897E+05
 0.60749996E+02  0.83415E+05
 0.60799995E+02  0.81857E+05
 0.60849995E+02  0.80347E+05
 0.60899998E+02  0.79037E+05
 0.60949997E+02  0.77533E+05
 0.60999996E+02  0.76075E+05
 0.61049995E+02  0.74674E+05
 0.61099998E+02  0.73128E+05
 0.61149994E+02  0.71692E+05
 0.61199997E+02  0.70250E+05
 0.61249992E+02  0.68681E+05
 0.61299995E+02  0.67148E+05
 0.61349998E+02  0.65614E+05
 0.61399994E+02  0.64065E+05
 0.61449997E+02  0.62455E+05
 0.61499992E+02  0.60848E+05
 0.61549995E+02  0.59174E+05
 0.61599998E+02  0.57331E+05
 0.61649994E+02  0.55617E+05
 0.61699997E+02  0.53907E+05
 0.61749992E+02  0.52053E+05
 0.61799995E+02  0.50247E+05
 0.61849998E+02  0.48426E+05
 0.61899994E+02  0.46461E+05
 0.61949997E+02  0.44508E+05
 0.61999992E+02  0.42594E+05
 0.62049995E+02  0.40639E+05
 0.62099998E+02  0.38722E+05
 0.62149994E+02  0.36748E+05
 0.62199997E+02  0.34843E+05
 0.62249992E+02  0.32949E+05
 0.62299995E+02  0.30929E+05
 0.62349998E+02  0.29048E+05
 0.62399994E+02  0.27266E+05
 0.62449997E+02  0.25447E+05
 0.62499992E+02  0.23574E+05
 0.62549995E+02  0.21746E+05
 0.62599998E+02  0.19876E+05
 0.62649994E+02  0.17953E+05
 0.62699997E+02  0.16248E+05
 0.62749992E+02  0.14498E+05
 0.62799995E+02  0.12585E+05
 0.62849998E+02  0.10771E+05
 0.62899994E+02  0.91490E+04
 0.62949997E+02  0.74860E+04
 0.62999992E+02  0.56730E+04
 0.63049995E+02  0.40270E+04
 0.63099998E+02  0.23370E+04
 0.63149994E+02  0.68300E+03
 0.63199997E+02 -0.85600E+03
 0.63249992E+02 -0.26030E+04
 0.63299995E+02 -0.41590E+04
 0.63349998E+02 -0.56240E+04
 0.63399994E+02 -0.69860E+04
 0.63449997E+02 -0.81940E+04
 0.63499992E+02 -0.95580E+04
 0.63549995E+02 -0.10793E+05
 0.63599998E+02 -0.12061E+05
 0.63649994E+02 -0.13260E+05
 0.63699997E+02 -0.14288E+05
 0.63749992E+02 -0.15351E+05
 0.63799995E+02 -0.16269E+05
 0.63849998E+02 -0.17097E+05
 0.63899994E+02 -0.17803E+05
 0.63949997E+02 -0.18549E+05
 0.63999992E+02 -0.19323E+05
 0.64049995E+02 -0.19940E+05
 0.64099998E+02 -0.20537E+05
 0.64149994E+02 -0.21076E+05
 0.64199997E+02 -0.21506E+05
 0.64249992E+02 -0.21721E+05
 0.64299995E+02 -0.22013E+05
 0.64349998E+02 -0.22420E+05
 0.64399994E+02 -0.22626E+05
 0.64449997E+02 -0.22933E+05
 0.64499992E+02 -0.23132E+05
 0.64549995E+02 -0.23195E+05
 0.64599998E+02 -0.23348E+05
 0.64649994E+02 -0.23260E+05
 0.64699997E+02 -0.23175E+05
 0.64749992E+02 -0.23092E+05
 0.64799995E+02 -0.22917E+05
 0.64849998E+02 -0.22762E+05
 0.64899994E+02 -0.22403E+05
 0.64949997E+02 -0.22017E+05
 0.64999992E+02 -0.21561E+05
 0.65049995E+02 -0.20993E+05
 0.65099998E+02 -0.20511E+05
 0.65149994E+02 -0.19933E+05
 0.65199997E+02 -0.19385E+05
 0.65249992E+02 -0.18891E+05
 0.65299995E+02 -0.18185E+05
 0.65349998E+02 -0.17432E+05
 0.65399994E+02 -0.16652E+05
 0.65449997E+02 -0.15862E+05
 0.65499992E+02 -0.15157E+05
 0.65549995E+02 -0.14330E+05
 0.65599998E+02 -0.13528E+05
 0.65649994E+02 -0.12812E+05
 0.65699997E+02 -0.11931E+05
 0.65749992E+02 -0.11116E+05
 0.65799995E+02 -0.10408E+05
 0.65849998E+02 -0.95760E+04
 0.65899994E+02 -0.87280E+04
 0.65949997E+02 -0.78380E+04
 0.65999992E+02 -0.70000E+04
 0.66049995E+02 -0.62270E+04
 0.66099998E+02 -0.53350E+04
 0.66149994E+02 -0.45930E+04
 0.66199997E+02 -0.38860E+04
 0.66249992E+02 -0.30710E+04
 0.66299995E+02 -0.23470E+04
 0.66349998E+02 -0.15140E+04
 0.66399994E+02 -0.60600E+03
 0.66449997E+02  0.18900E+03
 0.66499992E+02  0.10060E+04
 0.66549995E+02  0.17710E+04
 0.66599998E+02  0.25090E+04
 0.66649994E+02  0.32900E+04
 0.66699997E+02  0.39280E+04
 0.66749992E+02  0.46520E+04
 0.66799995E+02  0.53660E+04
 0.66849998E+02  0.59240E+04
 0.66899994E+02  0.66160E+04
 0.66949997E+02  0.72100E+04
 0.66999992E+02  0.77070E+04
 0.67049995E+02  0.82440E+04
 0.67099998E+02  0.86460E+04
 0.67149994E+02  0.90770E+04
 0.67199997E+02  0.95350E+04
 0.67249992E+02  0.98440E+04
 0.67299995E+02  0.10170E+05
 0.67349998E+02  0.10500E+05
 0.67399994E+02  0.10898E+05
 0.67449997E+02  0.11354E+05
 0.67499992E+02  0.11645E+05
 0.67549995E+02  0.11970E+05
 0.67599998E+02  0.12151E+05
 0.67649994E+02  0.12219E+05
 0.67699997E+02  0.12433E+05
 0.67749992E+02  0.12675E+05
 0.67799995E+02  0.12889E+05
 0.67849998E+02  0.13050E+05
 0.67899994E+02  0.13273E+05
 0.67949997E+02  0.13404E+05
 0.67999992E+02  0.13535E+05
 0.68049995E+02  0.13678E+05
 0.68099998E+02  0.13772E+05
 0.68149994E+02  0.13927E+05
 0.68199997E+02  0.13909E+05
 0.68249992E+02  0.13938E+05
 0.68299995E+02  0.13826E+05
 0.68349998E+02  0.13632E+05
 0.68399994E+02  0.13657E+05
 0.68449997E+02  0.13567E+05
 0.68499992E+02  0.13519E+05
 0.68549995E+02  0.13421E+05
 0.68599998E+02  0.13238E+05
 0.68649994E+02  0.13136E+05
 0.68699997E+02  0.12971E+05
 0.68749992E+02  0.12808E+05
 0.68799995E+02  0.12682E+05
 0.68849998E+02  0.12494E+05
 0.68899994E+02  0.12340E+05
 0.68949997E+02  0.12270E+05
 0.68999992E+02  0.12103E+05
 0.69049995E+02  0.11948E+05
 0.69099998E+02  0.11738E+05
 0.69149994E+02  0.11502E+05
 0.69199997E+02  0.11270E+05
 0.69249992E+02  0.10968E+05
 0.69299995E+02  0.10743E+05
 0.69349998E+02  0.10351E+05
 0.69399994E+02  0.10015E+05
 0.69449997E+02  0.96850E+04
 0.69499992E+02  0.91530E+04
 0.69549995E+02  0.87970E+04
 0.69599998E+02  0.83750E+04
 0.69649994E+02  0.78690E+04
 0.69699997E+02  0.74170E+04
 0.69749992E+02  0.68450E+04
 0.69799995E+02  0.62340E+04
 0.69849998E+02  0.55740E+04
 0.69899994E+02  0.48660E+04
 0.69949997E+02  0.41740E+04
 0.69999992E+02  0.33390E+04
 0.70049995E+02  0.24790E+04
 0.70099998E+02  0.17130E+04
 0.70149994E+02  0.77500E+03
 0.70199997E+02 -0.16400E+03
 0.70249992E+02 -0.10920E+04
 0.70299995E+02 -0.21610E+04
 0.70349998E+02 -0.32310E+04
 0.70399994E+02 -0.44190E+04
 0.70449997E+02 -0.55750E+04
 0.70499992E+02 -0.66060E+04
 0.70549995E+02 -0.76840E+04
 0.70599998E+02 -0.87320E+04
 0.70649994E+02 -0.98470E+04
 0.70699997E+02 -0.11085E+05
 0.70749992E+02 -0.12275E+05
 0.70799995E+02 -0.13438E+05
 0.70849998E+02 -0.14632E+05
 0.70899994E+02 -0.15724E+05
 0.70949997E+02 -0.16833E+05
 0.70999992E+02 -0.18000E+05
 0.71049995E+02 -0.19093E+05
 0.71099998E+02 -0.20186E+05
 0.71149994E+02 -0.21114E+05
 0.71199997E+02 -0.22111E+05
 0.71249992E+02 -0.23235E+05
 0.71299995E+02 -0.24210E+05
 0.71349998E+02 -0.25318E+05
 0.71399994E+02 -0.26291E+05
 0.71449997E+02 -0.27188E+05
 0.71499992E+02 -0.28238E+05
 0.71549995E+02 -0.29021E+05
 0.71599998E+02 -0.29773E+05
 0.71649994E+02 -0.30610E+05
 0.71699997E+02 -0.31460E+05
 0.71749992E+02 -0.32420E+05
 0.71799995E+02 -0.33287E+05
 0.71849998E+02 -0.34172E+05
 0.71899994E+02 -0.35077E+05
 0.71949997E+02 -0.35789E+05
 0.71999992E+02 -0.36566E+05
 0.72049995E+02 -0.37315E+05
 0.72099998E+02 -0.37904E+05
 0.72149994E+02 -0.38679E+05
 0.72199997E+02 -0.39465E+05
 0.72249992E+02 -0.40215E+05
 0.72299995E+02 -0.41019E+05
 0.72349998E+02 -0.41751E+05
 0.72399994E+02 -0.42540E+05
 0.72449997E+02 -0.43205E+05
 0.72499992E+02 -0.43857E+05
 0.72549995E+02 -0.44700E+05
 0.72599998E+02 -0.45410E+05
 0.72649994E+02 -0.46148E+05
 0.72699997E+02 -0.46984E+05
 0.72749992E+02 -0.47696E+05
 0.72799995E+02 -0.48476E+05
 0.72849998E+02 -0.49348E+05
 0.72899994E+02 -0.50199E+05
 0.72949997E+02 -0.51052E+05
 0.72999992E+02 -0.51864E+05
 0.73049995E+02 -0.52692E+05
 0.73099998E+02 -0.53580E+05
 0.73149994E+02 -0.54407E+05
 0.73199997E+02 -0.55267E+05
 0.73249992E+02 -0.56168E+05
 0.73299995E+02 -0.56922E+05
 0.73349998E+02 -0.57725E+05
 0.73399994E+02 -0.58592E+05
 0.73449997E+02 -0.59386E+05
 0.73499992E+02 -0.60281E+05
 0.73549995E+02 -0.61150E+05
 0.73599998E+02 -0.61934E+05
 0.73649994E+02 -0.62745E+05
 0.73699997E+02 -0.63476E+05
 0.73749992E+02 -0.64134E+05
 0.73799995E+02 -0.64755E+05
 0.73849998E+02 -0.65457E+05
 0.73899994E+02 -0.66186E+05
 0.73949997E+02 -0.66770E+05
 0.73999992E+02 -0.67294E+05
 0.74049995E+02 -0.67795E+05
 0.74099998E+02 -0.68195E+05
 0.74149994E+02 -0.68509E+05
 0.74199997E+02 -0.68904E+05
 0.74249992E+02 -0.69294E+05
 0.74299995E+02 -0.69500E+05
 0.74349998E+02 -0.69610E+05
 0.74399994E+02 -0.69653E+05
 0.74449997E+02 -0.69631E+05
 0.74499992E+02 -0.69619E+05
 0.74549995E+02 -0.69573E+05
 0.74599998E+02 -0.69362E+05
 0.74649994E+02 -0.69071E+05
 0.74699997E+02 -0.68747E+05
 0.74749992E+02 -0.68327E+05
 0.74799995E+02 -0.67835E+05
 0.74849998E+02 -0.67232E+05
 0.74899994E+02 -0.66536E+05
 0.74949997E+02 -0.65760E+05
 0.74999992E+02 -0.65034E+05
 0.75049995E+02 -0.64283E+05
 0.75099998E+02 -0.63379E+05
 0.75149994E+02 -0.62494E+05
 0.75199997E+02 -0.61502E+05
 0.75249992E+02 -0.60466E+05
 0.75299995E+02 -0.59394E+05
 0.75349998E+02 -0.58283E+05
 0.75399994E+02 -0.57236E+05
 0.75449997E+02 -0.56004E+05
 0.75499992E+02 -0.54782E+05
 0.75549995E+02 -0.53561E+05
 0.75599998E+02 -0.52374E+05
 0.75649994E+02 -0.51372E+05
 0.75699997E+02 -0.50215E+05
 0.75749992E+02 -0.49077E+05
 0.75799995E+02 -0.47876E+05
 0.75849998E+02 -0.46511E+05
 0.75899994E+02 -0.45302E+05
 0.75949997E+02 -0.44069E+05
 0.75999992E+02 -0.42806E+05
 0.76049995E+02 -0.41550E+05
 0.76099998E+02 -0.40200E+05
 0.76149994E+02 -0.38838E+05
 0.76199997E+02 -0.37484E+05
 0.76249992E+02 -0.36030E+05
 0.76299995E+02 -0.34576E+05
 0.76349998E+02 -0.33234E+05
 0.76399994E+02 -0.31768E+05
 0.76449997E+02 -0.30209E+05
 0.76499992E+02 -0.28554E+05
 0.76549995E+02 -0.26864E+05
 0.76599998E+02 -0.25227E+05
 0.76649994E+02 -0.23471E+05
 0.76699997E+02 -0.21836E+05
 0.76749992E+02 -0.20199E+05
 0.76799995E+02 -0.18418E+05
 0.76849998E+02 -0.16577E+05
 0.76899994E+02 -0.14495E+05
 0.76949997E+02 -0.12311E+05
 0.76999992E+02 -0.10094E+05
 0.77049995E+02 -0.78840E+04
 0.77099998E+02 -0.56570E+04
 0.77149994E+02 -0.33020E+04
 0.77199997E+02 -0.86600E+03
 0.77249992E+02  0.16690E+04
 0.77299995E+02  0.42280E+04
 0.77349998E+02  0.68970E+04
 0.77399994E+02  0.95290E+04
 0.77449997E+02  0.12050E+05
 0.77499992E+02  0.14725E+05
 0.77549995E+02  0.17365E+05
 0.77599998E+02  0.20016E+05
 0.77649994E+02  0.22736E+05
 0.77699997E+02  0.25337E+05
 0.77749992E+02  0.27949E+05
 0.77799995E+02  0.30609E+05
 0.77849998E+02  0.33191E+05
 0.77899994E+02  0.35618E+05
 0.77949997E+02  0.38021E+05
 0.77999992E+02  0.40507E+05
 0.78049995E+02  0.42950E+05
 0.78099998E+02  0.45254E+05
 0.78149994E+02  0.47536E+05
 0.78199997E+02  0.49688E+05
 0.78249992E+02  0.51620E+05
 0.78299995E+02  0.53640E+05
 0.78349998E+02  0.55585E+05
 0.78399994E+02  0.57461E+05
 0.78449997E+02  0.59388E+05
 0.78499992E+02  0.61160E+05
 0.78549995E+02  0.62909E+05
 0.78599998E+02  0.64504E+05
 0.78649994E+02  0.65926E+05
 0.78699997E+02  0.67336E+05
 0.78749992E+02  0.68693E+05
 0.78799995E+02  0.70157E+05
 0.78849998E+02  0.71510E+05
 0.78899994E+02  0.72642E+05
 0.78949997E+02  0.73797E+05
 0.78999992E+02  0.74817E+05
 0.79049995E+02  0.75754E+05
 0.79099998E+02  0.76689E+05
 0.79149994E+02  0.77437E+05
 0.79199997E+02  0.78182E+05
 0.79249992E+02  0.78913E+05
 0.79299995E+02  0.79520E+05
 0.79349998E+02  0.80193E+05
 0.79399994E+02  0.80750E+05
 0.79449997E+02  0.81137E+05
 0.79499992E+02  0.81512E+05
 0.79549995E+02  0.81746E+05
 0.79599998E+02  0.81997E+05
 0.79649994E+02  0.82191E+05
 0.79699997E+02  0.82228E+05
 0.79749992E+02  0.82340E+05
 0.79799995E+02  0.82390E+05
 0.79849998E+02  0.82476E+05
 0.79899994E+02  0.82582E+05
 0.79949997E+02  0.82616E+05
 0.79999992E+02  0.82689E+05
 0.80049995E+02  0.82644E+05
 0.80099998E+02  0.82641E+05
 0.80149994E+02  0.82600E+05
 0.80199997E+02  0.82443E+05
 0.80249992E+02  0.82402E+05
 0.80299995E+02  0.82275E+05
 0.80349998E+02  0.82104E+05
 0.80399994E+02  0.82017E+05
 0.80449997E+02  0.81752E+05
 0.80499992E+02  0.81436E+05
 0.80549995E+02  0.81198E+05
 0.80599998E+02  0.80778E+05
 0.80649994E+02  0.80390E+05
 0.80699997E+02  0.80006E+05
 0.80749992E+02  0.79493E+05
 0.80799995E+02  0.79160E+05
 0.80849998E+02  0.78729E+05
 0.80899994E+02  0.78241E+05
 0.80949997E+02  0.77739E+05
 0.80999992E+02  0.77007E+05
 0.81049995E+02  0.76507E+05
 0.81099998E+02  0.76096E+05
 0.81149994E+02  0.75657E+05
 0.81199997E+02  0.75357E+05
 0.81249992E+02  0.74874E+05
 0.81299995E+02  0.74341E+05
 0.81349998E+02  0.73722E+05
 0.81399994E+02  0.73058E+05
 0.81449997E+02  0.72644E+05
 0.81499992E+02  0.72137E+05
 0.81549995E+02  0.71636E+05
 0.81599998E+02  0.71184E+05
 0.81649994E+02  0.70520E+05
 0.81699997E+02  0.70030E+05
 0.81749992E+02  0.69618E+05
 0.81799995E+02  0.69141E+05
 0.81849998E+02  0.68725E+05
 0.81899994E+02  0.68128E+05
 0.81949997E+02  0.67596E+05
 0.81999992E+02  0.67046E+05
 0.82049995E+02  0.66458E+05
 0.82099998E+02  0.66181E+05
 0.82149994E+02  0.65805E+05
 0.82199997E+02  0.65399E+05
 0.82249992E+02  0.65009E+05
 0.82299995E+02  0.64531E+05
 0.82349998E+02  0.64176E+05
 0.82399994E+02  0.63770E+05
 0.82449997E+02  0.63405E+05
 0.82499992E+02  0.63109E+05
 0.82549995E+02  0.62761E+05
 0.82599998E+02  0.62353E+05
 0.82649994E+02  0.61952E+05
 0.82699997E+02  0.61572E+05
 0.82749992E+02  0.61226E+05
 0.82799995E+02  0.61026E+05
 0.82849998E+02  0.60719E+05
 0.82899994E+02  0.60479E+05
 0.82949997E+02  0.60302E+05
 0.82999992E+02  0.59955E+05
 0.83049995E+02  0.59694E+05
 0.83099998E+02  0.59352E+05
 0.83149994E+02  0.58968E+05
 0.83199997E+02  0.58673E+05
 0.83249992E+02  0.58331E+05
 0.83299995E+02  0.58058E+05
 0.83349998E+02  0.57823E+05
 0.83399994E+02  0.57561E+05
 0.83449997E+02  0.57304E+05
 0.83499992E+02  0.56906E+05
 0.83549995E+02  0.56517E+05
 0.83599998E+02  0.56361E+05
 0.83649994E+02  0.56047E+05
 0.83699997E+02  0.55716E+05
 0.83749992E+02  0.55387E+05
 0.83799995E+02  0.54969E+05
 0.83849998E+02  0.54852E+05
 0.83899994E+02  0.54581E+05
 0.83949997E+02  0.54274E+05
 0.83999992E+02  0.53989E+05
 0.84049995E+02  0.53544E+05
 0.84099998E+02  0.53404E+05
 0.84149994E+02  0.53220E+05
 0.84199997E+02  0.52969E+05
 0.84249992E+02  0.52855E+05
 0.84299995E+02  0.52682E+05
 0.84349998E+02  0.52361E+05
 0.84399994E+02  0.51985E+05
 0.84449997E+02  0.51556E+05
 0.84499992E+02  0.50966E+05
 0.84549995E+02  0.50542E+05
 0.84599998E+02  0.50165E+05
 0.84649994E+02  0.49815E+05
 0.84699997E+02  0.49412E+05
 0.84749992E+02  0.48845E+05
 0.84799995E+02  0.48364E+05
 0.84849998E+02  0.47601E+05
 0.84899994E+02  0.46828E+05
 0.84949997E+02  0.46183E+05
 0.84999992E+02  0.45527E+05
 0.85049995E+02  0.45116E+05
 0.85099998E+02  0.44608E+05
 0.85149994E+02  0.44016E+05
 0.85199997E+02  0.43399E+05
 0.85249992E+02  0.42697E+05
 0.85299995E+02  0.42079E+05
 0.85349998E+02  0.41401E+05
 0.85399994E+02  0.40729E+05
 0.85449997E+02  0.40262E+05
 0.85499992E+02  0.39685E+05
 0.85549995E+02  0.38996E+05
 0.85599998E+02  0.38407E+05
 0.85649994E+02  0.37683E+05
 0.85699997E+02  0.37122E+05
 0.85749992E+02  0.36658E+05
 0.85799995E+02  0.36120E+05
 0.85849998E+02  0.35616E+05
 0.85899994E+02  0.34910E+05
 0.85949997E+02  0.34299E+05
 0.85999992E+02  0.33572E+05
 0.86049995E+02  0.32794E+05
 0.86099998E+02  0.32281E+05
 0.86149994E+02  0.31676E+05
 0.86199997E+02  0.31027E+05
 0.86249992E+02  0.30260E+05
 0.86299995E+02  0.29565E+05
 0.86349998E+02  0.28909E+05
 0.86399994E+02  0.28144E+05
 0.86449997E+02  0.27473E+05
 0.86499992E+02  0.26741E+05
 0.86549995E+02  0.26000E+05
 0.86599991E+02  0.25244E+05
 0.86649994E+02  0.24556E+05
 0.86699997E+02  0.23785E+05
 0.86749992E+02  0.22876E+05
 0.86799995E+02  0.22122E+05
 0.86849991E+02  0.21288E+05
 0.86899994E+02  0.20507E+05
 0.86949997E+02  0.19744E+05
 0.86999992E+02  0.18879E+05
 0.87049995E+02  0.18088E+05
 0.87099991E+02  0.17227E+05
 0.87149994E+02  0.16414E+05
 0.87199997E+02  0.15591E+05
 0.87249992E+02  0.14638E+05
 0.87299995E+02  0.13637E+05
 0.87349991E+02  0.12535E+05
 0.87399994E+02  0.11384E+05
 0.87449997E+02  0.10252E+05
 0.87499992E+02  0.91220E+04
 0.87549995E+02  0.79080E+04
 0.87599991E+02  0.66940E+04
 0.87649994E+02  0.54480E+04
 0.87699997E+02  0.40800E+04
 0.87749992E+02  0.27620E+04
 0.87799995E+02  0.15840E+04
 0.87849991E+02  0.37800E+03
 0.87899994E+02 -0.99400E+03
 0.87949997E+02 -0.22670E+04
 0.87999992E+02 -0.34880E+04
 0.88049995E+02 -0.46990E+04
 0.88099991E+02 -0.56930E+04
 0.88149994E+02 -0.67080E+04
 0.88199997E+02 -0.76860E+04
 0.88249992E+02 -0.86700E+04
 0.88299995E+02 -0.97660E+04
 0.88349991E+02 -0.10844E+05
 0.88399994E+02 -0.11863E+05
 0.88449997E+02 -0.12678E+05
 0.88499992E+02 -0.13543E+05
 0.88549995E+02 -0.14326E+05
 0.88599991E+02 -0.14912E+05
 0.88649994E+02 -0.15699E+05
 0.88699997E+02 -0.16517E+05
 0.88749992E+02 -0.17276E+05
 0.88799995E+02 -0.17956E+05
 0.88849991E+02 -0.18619E+05
 0.88899994E+02 -0.19290E+05
 0.88949997E+02 -0.19835E+05
 0.88999992E+02 -0.20478E+05
 0.89049995E+02 -0.21075E+05
 0.89099991E+02 -0.21593E+05
 0.89149994E+02 -0.22224E+05
 0.89199997E+02 -0.22773E+05
 0.89249992E+02 -0.23205E+05
 0.89299995E+02 -0.23604E+05
 0.89349991E+02 -0.23960E+05
 0.89399994E+02 -0.24341E+05
 0.89449997E+02 -0.24667E+05
 0.89499992E+02 -0.24943E+05
 0.89549995E+02 -0.25261E+05
 0.89599991E+02 -0.25344E+05
 0.89649994E+02 -0.25385E+05
 0.89699997E+02 -0.25562E+05
 0.89749992E+02 -0.25595E+05
 0.89799995E+02 -0.25547E+05
 0.89849991E+02 -0.25412E+05
 0.89899994E+02 -0.25205E+05
 0.89949997E+02 -0.24916E+05
 0.89999992E+02 -0.24716E+05
 0.90049995E+02 -0.24589E+05
 0.90099991E+02 -0.24218E+05
 0.90149994E+02 -0.23819E+05
 0.90199997E+02 -0.23372E+05
 0.90249992E+02 -0.22884E+05
 0.90299995E+02 -0.22473E+05
 0.90349991E+02 -0.22040E+05
 0.90399994E+02 -0.21697E+05
 0.90449997E+02 -0.21360E+05
 0.90499992E+02 -0.20989E+05
 0.90549995E+02 -0.20689E+05
 0.90599991E+02 -0.20235E+05
 0.90649994E+02 -0.19744E+05
 0.90699997E+02 -0.19461E+05
 0.90749992E+02 -0.19222E+05
 0.90799995E+02 -0.19027E+05
 0.90849991E+02 -0.18736E+05
 0.90899994E+02 -0.18393E+05
 0.90949997E+02 -0.18051E+05
 0.90999992E+02 -0.17636E+05
 0.91049995E+02 -0.17318E+05
 0.91099991E+02 -0.16932E+05
 0.91149994E+02 -0.16597E+05
 0.91199997E+02 -0.16278E+05
 0.91249992E+02 -0.15842E+05
 0.91299995E+02 -0.15446E+05
 0.91349991E+02 -0.15046E+05
 0.91399994E+02 -0.14756E+05
 0.91449997E+02 -0.14453E+05
 0.91499992E+02 -0.14091E+05
 0.91549995E+02 -0.13733E+05
 0.91599991E+02 -0.13263E+05
 0.91649994E+02 -0.12734E+05
 0.91699997E+02 -0.12285E+05
 0.91749992E+02 -0.11828E+05
 0.91799995E+02 -0.11323E+05
 0.91849991E+02 -0.10978E+05
 0.91899994E+02 -0.10555E+05
 0.91949997E+02 -0.99990E+04
 0.91999992E+02 -0.94440E+04
 0.92049995E+02 -0.88060E+04
 0.92099991E+02 -0.82000E+04
 0.92149994E+02 -0.75770E+04
 0.92199997E+02 -0.68310E+04
 0.92249992E+02 -0.61420E+04
 0.92299995E+02 -0.54310E+04
 0.92349991E+02 -0.46040E+04
 0.92399994E+02 -0.39800E+04
 0.92449997E+02 -0.32090E+04
 0.92499992E+02 -0.22350E+04
 0.92549995E+02 -0.13490E+04
 0.92599991E+02 -0.36400E+03
 0.92649994E+02  0.43300E+03
 0.92699997E+02  0.12400E+04
 0.92749992E+02  0.21050E+04
 0.92799995E+02  0.29310E+04
 0.92849991E+02  0.38960E+04
 0.92899994E+02  0.47710E+04
 0.92949997E+02  0.57740E+04
 0.92999992E+02  0.67910E+04
 0.93049995E+02  0.77460E+04
 0.93099991E+02  0.87590E+04
 0.93149994E+02  0.96410E+04
 0.93199997E+02  0.10544E+05
 0.93249992E+02  0.11494E+05
 0.93299995E+02  0.12455E+05
 0.93349991E+02  0.13391E+05
 0.93399994E+02  0.14379E+05
 0.93449997E+02  0.15394E+05
 0.93499992E+02  0.16422E+05
 0.93549995E+02  0.17459E+05
 0.93599991E+02  0.18384E+05
 0.93649994E+02  0.19399E+05
 0.93699997E+02  0.20422E+05
 0.93749992E+02  0.21541E+05
 0.93799995E+02  0.22671E+05
 0.93849991E+02  0.23753E+05
 0.93899994E+02  0.24939E+05
 0.93949997E+02  0.25964E+05
 0.93999992E+02  0.27082E+05
 0.94049995E+02  0.28061E+05
 0.94099991E+02  0.28981E+05
 0.94149994E+02  0.30110E+05
 0.94199997E+02  0.31053E+05
 0.94249992E+02  0.32164E+05
 0.94299995E+02  0.33243E+05
 0.94349991E+02  0.34126E+05
 0.94399994E+02  0.34940E+05
 0.94449997E+02  0.35676E+05
 0.94499992E+02  0.36462E+05
 0.94549995E+02  0.37087E+05
 0.94599991E+02  0.37796E+05
 0.94649994E+02  0.38469E+05
 0.94699997E+02  0.39158E+05
 0.94749992E+02  0.39842E+05
 0.94799995E+02  0.40218E+05
 0.94849991E+02  0.40727E+05
 0.94899994E+02  0.41114E+05
 0.94949997E+02  0.41499E+05
 0.94999992E+02  0.41943E+05
 0.95049995E+02  0.42225E+05
 0.95099991E+02  0.42679E+05
 0.95149994E+02  0.43096E+05
 0.95199997E+02  0.43518E+05
 0.95249992E+02  0.43812E+05
 0.95299995E+02  0.44080E+05
 0.95349991E+02  0.44487E+05
 0.95399994E+02  0.44804E+05
 0.95449997E+02  0.45258E+05
 0.95499992E+02  0.45588E+05
 0.95549995E+02  0.45865E+05
 0.95599991E+02  0.46207E+05
 0.95649994E+02  0.46448E+05
 0.95699997E+02  0.46757E+05
 0.95749992E+02  0.46994E+05
 0.95799995E+02  0.47172E+05
 0.95849991E+02  0.47345E+05
 0.95899994E+02  0.47492E+05
 0.95949997E+02  0.47602E+05
 0.95999992E+02  0.47709E+05
 0.96049995E+02  0.47743E+05
 0.96099991E+02  0.47657E+05
 0.96149994E+02  0.47709E+05
 0.96199997E+02  0.47703E+05
 0.96249992E+02  0.47678E+05
 0.96299995E+02  0.47689E+05
 0.96349991E+02  0.47452E+05
 0.96399994E+02  0.47282E+05
 0.96449997E+02  0.47141E+05
 0.96499992E+02  0.46972E+05
 0.96549995E+02  0.46877E+05
 0.96599991E+02  0.46620E+05
 0.96649994E+02  0.46425E+05
 0.96699997E+02  0.46210E+05
 0.96749992E+02  0.45793E+05
 0.96799995E+02  0.45447E+05
 0.96849991E+02  0.45086E+05
 0.96899994E+02  0.44592E+05
 0.96949997E+02  0.44229E+05
 0.96999992E+02  0.43927E+05
 0.97049995E+02  0.43380E+05
 0.97099991E+02  0.42838E+05
 0.97149994E+02  0.42273E+05
 0.97199997E+02  0.41616E+05
 0.97249992E+02  0.40975E+05
 0.97299995E+02  0.40161E+05
 0.97349991E+02  0.39438E+05
 0.97399994E+02  0.38681E+05
 0.97449997E+02  0.37772E+05
 0.97499992E+02  0.36881E+05
 0.97549995E+02  0.35756E+05
 0.97599991E+02  0.34724E+05
 0.97649994E+02  0.33846E+05
 0.97699997E+02  0.32905E+05
 0.97749992E+02  0.31995E+05
 0.97799995E+02  0.30986E+05
 0.97849991E+02  0.29931E+05
 0.97899994E+02  0.28744E+05
 0.97949997E+02  0.27419E+05
 0.97999992E+02  0.26131E+05
 0.98049995E+02  0.24920E+05
 0.98099991E+02  0.23866E+05
 0.98149994E+02  0.22776E+05
 0.98199997E+02  0.21609E+05
 0.98249992E+02  0.20457E+05
 0.98299995E+02  0.19154E+05
 0.98349991E+02  0.17668E+05
 0.98399994E+02  0.16196E+05
 0.98449997E+02  0.14737E+05
 0.98499992E+02  0.13224E+05
 0.98549995E+02  0.11745E+05
 0.98599991E+02  0.10250E+05
 0.98649994E+02  0.86530E+04
 0.98699997E+02  0.68750E+04
 0.98749992E+02  0.49810E+04
 0.98799995E+02  0.30700E+04
 0.98849991E+02  0.11800E+04
 0.98899994E+02 -0.75400E+03
 0.98949997E+02 -0.27570E+04
 0.98999992E+02 -0.46990E+04
 0.99049995E+02 -0.67120E+04
 0.99099991E+02 -0.87450E+04
 0.99149994E+02 -0.10839E+05
 0.99199997E+02 -0.13057E+05
 0.99249992E+02 -0.15227E+05
 0.99299995E+02 -0.17394E+05
 0.99349991E+02 -0.19556E+05
 0.99399994E+02 -0.21844E+05
 0.99449997E+02 -0.24175E+05
 0.99499992E+02 -0.26501E+05
 0.99549995E+02 -0.28861E+05
 0.99599991E+02 -0.31010E+05
 0.99649994E+02 -0.33174E+05
 0.99699997E+02 -0.35416E+05
 0.99749992E+02 -0.37647E+05
 0.99799995E+02 -0.39948E+05
 0.99849991E+02 -0.42217E+05
 0.99899994E+02 -0.44455E+05
 0.99949997E+02 -0.46610E+05
 0.99999992E+02 -0.48694E+05
 0.10005000E+03 -0.50762E+05
 0.10009999E+03 -0.52838E+05
 0.10014999E+03 -0.55019E+05
 0.10020000E+03 -0.57283E+05
 0.10024999E+03 -0.59435E+05
 0.10030000E+03 -0.61390E+05
 0.10034999E+03 -0.63329E+05
 0.10039999E+03 -0.65284E+05
 0.10045000E+03 -0.67302E+05
 0.10049999E+03 -0.69198E+05
 0.10055000E+03 -0.70994E+05
 0.10059999E+03 -0.72907E+05
 0.10064999E+03 -0.74430E+05
 0.10070000E+03 -0.75862E+05
 0.10074999E+03 -0.77372E+05
 0.10080000E+03 -0.78706E+05
 0.10084999E+03 -0.80062E+05
 0.10089999E+03 -0.81166E+05
 0.10095000E+03 -0.82239E+05
 0.10099999E+03 -0.83187E+05
 0.10105000E+03 -0.83832E+05
 0.10109999E+03 -0.84469E+05
 0.10114999E+03 -0.84998E+05
 0.10120000E+03 -0.85574E+05
 0.10124999E+03 -0.86021E+05
 0.10130000E+03 -0.86298E+05
 0.10134999E+03 -0.86464E+05
 0.10139999E+03 -0.86356E+05
 0.10145000E+03 -0.86101E+05
 0.10149999E+03 -0.85806E+05
 0.10155000E+03 -0.85599E+05
 0.10159999E+03 -0.85315E+05
 0.10164999E+03 -0.84843E+05
 0.10170000E+03 -0.84226E+05
 0.10174999E+03 -0.83503E+05
 0.10180000E+03 -0.82680E+05
 0.10184999E+03 -0.81819E+05
 0.10189999E+03 -0.81094E+05
 0.10195000E+03 -0.80232E+05
 0.10199999E+03 -0.79109E+05
 0.10205000E+03 -0.78035E+05
 0.10209999E+03 -0.76975E+05
 0.10214999E+03 -0.75695E+05
 0.10220000E+03 -0.74413E+05
 0.10224999E+03 -0.73132E+05
 0.10230000E+03 -0.71782E+05
 0.10234999E+03 -0.70485E+05
 0.10239999E+03 -0.69111E+05
 0.10245000E+03 -0.67669E+05
 0.10249999E+03 -0.66001E+05
 0.10255000E+03 -0.64365E+05
 0.10259999E+03 -0.62726E+05
 0.10264999E+03 -0.60709E+05
 0.10270000E+03 -0.58798E+05
 0.10274999E+03 -0.56909E+05
 0.10280000E+03 -0.54890E+05
 0.10284999E+03 -0.52877E+05
 0.10289999E+03 -0.50809E+05
 0.10295000E+03 -0.48747E+05
 0.10299999E+03 -0.46541E+05
 0.10305000E+03 -0.44277E+05
 0.10309999E+03 -0.41987E+05
 0.10314999E+03 -0.39588E+05
 0.10320000E+03 -0.37191E+05
 0.10324999E+03 -0.34786E+05
 0.10330000E+03 -0.32416E+05
 0.10334999E+03 -0.29952E+05
 0.10339999E+03 -0.27436E+05
 0.10345000E+03 -0.24944E+05
 0.10349999E+03 -0.22238E+05
 0.10355000E+03 -0.19490E+05
 0.10359999E+03 -0.16702E+05
 0.10364999E+03 -0.13857E+05
 0.10370000E+03 -0.11157E+05
 0.10374999E+03 -0.83960E+04
 0.10380000E+03 -0.56270E+04
 0.10384999E+03 -0.26480E+04
 0.10389999E+03  0.64500E+03
 0.10395000E+03  0.37680E+04
 0.10399999E+03  0.68480E+04
 0.10405000E+03  0.99110E+04
 0.10409999E+03  0.12958E+05
 0.10414999E+03  0.16185E+05
 0.10420000E+03  0.19473E+05
 0.10424999E+03  0.22858E+05
 0.10430000E+03  0.26167E+05
 0.10434999E+03  0.29347E+05
 0.10439999E+03  0.32521E+05
 0.10445000E+03  0.35599E+05
 0.10449999E+03  0.38826E+05
 0.10455000E+03  0.42206E+05
 0.10459999E+03  0.45393E+05
 0.10464999E+03  0.48512E+05
 0.10470000E+03  0.51640E+05
 0.10474999E+03  0.54598E+05
 0.10480000E+03  0.57539E+05
 0.10484999E+03  0.60523E+05
 0.10489999E+03  0.63528E+05
 0.10495000E+03  0.66606E+05
 0.10499999E+03  0.69536E+05
 0.10505000E+03  0.72352E+05
 0.10509999E+03  0.75081E+05
 0.10514999E+03  0.77553E+05
 0.10520000E+03  0.79964E+05
 0.10524999E+03  0.82469E+05
 0.10530000E+03  0.84927E+05
 0.10534999E+03  0.87342E+05
 0.10539999E+03  0.89793E+05
 0.10545000E+03  0.92067E+05
 0.10549999E+03  0.94204E+05
 0.10555000E+03  0.96192E+05
 0.10559999E+03  0.97970E+05
 0.10564999E+03  0.99859E+05
 0.10570000E+03  0.10166E+06
 0.10574999E+03  0.10336E+06
 0.10580000E+03  0.10503E+06
 0.10584999E+03  0.10653E+06
 0.10589999E+03  0.10795E+06
 0.10595000E+03  0.10901E+06
 0.10599999E+03  0.11003E+06
 0.10605000E+03  0.11109E+06
 0.10609999E+03  0.11181E+06
 0.10614999E+03  0.11259E+06
 0.10620000E+03  0.11323E+06
 0.10624999E+03  0.11354E+06
 0.10630000E+03  0.11393E+06
 0.10634999E+03  0.11408E+06
 0.10639999E+03  0.11411E+06
 0.10645000E+03  0.11411E+06
 0.10649999E+03  0.11389E+06
 0.10655000E+03  0.11377E+06
 0.10659999E+03  0.11343E+06
 0.10664999E+03  0.11285E+06
 0.10670000E+03  0.11234E+06
 0.10674999E+03  0.11180E+06
 0.10680000E+03  0.11121E+06
 0.10684999E+03  0.11062E+06
 0.10689999E+03  0.10994E+06
 0.10695000E+03  0.10923E+06
 0.10699999E+03  0.10852E+06
 0.10705000E+03  0.10762E+06
 0.10709999E+03  0.10668E+06
 0.10714999E+03  0.10567E+06
 0.10720000E+03  0.10454E+06
 0.10724999E+03  0.10354E+06
 0.10730000E+03  0.10252E+06
 0.10734999E+03  0.10141E+06
 0.10739999E+03  0.10021E+06
 0.10745000E+03  0.99013E+05
 0.10749999E+03  0.97812E+05
 0.10755000E+03  0.96502E+05
 0.10759999E+03  0.95305E+05
 0.10764999E+03  0.93976E+05
 0.10770000E+03  0.92662E+05
 0.10774999E+03  0.91533E+05
 0.10780000E+03  0.90116E+05
 0.10784999E+03  0.88755E+05
 0.10789999E+03  0.87543E+05
 0.10795000E+03  0.86151E+05
 0.10799999E+03  0.84850E+05
 0.10805000E+03  0.83650E+05
 0.10809999E+03  0.82340E+05
 0.10814999E+03  0.81032E+05
 0.10820000E+03  0.79708E+05
 0.10824999E+03  0.78367E+05
 0.10830000E+03  0.77137E+05
 0.10834999E+03  0.75899E+05
 0.10839999E+03  0.74651E+05
 0.10845000E+03  0.73383E+05
 0.10849999E+03  0.72143E+05
 0.10855000E+03  0.71015E+05
 0.10859999E+03  0.69702E+05
 0.10864999E+03  0.68341E+05
 0.10870000E+03  0.67053E+05
 0.10874999E+03  0.65686E+05
 0.10880000E+03  0.64383E+05
 0.10884999E+03  0.62979E+05
 0.10889999E+03  0.61634E+05
 0.10895000E+03  0.60461E+05
 0.10899999E+03  0.59083E+05
 0.10905000E+03  0.57802E+05
 0.10909999E+03  0.56591E+05
 0.10914999E+03  0.55314E+05
 0.10920000E+03  0.54182E+05
 0.10924999E+03  0.52946E+05
 0.10930000E+03  0.51680E+05
 0.10934999E+03  0.50385E+05
 0.10939999E+03  0.48973E+05
 0.10945000E+03  0.47714E+05
 0.10949999E+03  0.46670E+05
 0.10955000E+03  0.45655E+05
 0.10959999E+03  0.44583E+05
 0.10964999E+03  0.43516E+05
 0.10970000E+03  0.42380E+05
 0.10974999E+03  0.41264E+05
 0.10980000E+03  0.40088E+05
 0.10984999E+03  0.38936E+05
 0.10989999E+03  0.37865E+05
 0.10995000E+03  0.36720E+05
 0.10999999E+03  0.35854E+05
 0.11005000E+03  0.34942E+05
 0.11009999E+03  0.33957E+05
 0.11014999E+03  0.33240E+05
 0.11020000E+03  0.32521E+05
 0.11024999E+03  0.31900E+05
 0.11030000E+03  0.31131E+05
 0.11034999E+03  0.30383E+05
 0.11039999E+03  0.29910E+05
 0.11045000E+03  0.29211E+05
 0.11049999E+03  0.28502E+05
 0.11055000E+03  0.28040E+05
 0.11059999E+03  0.27634E+05
 0.11064999E+03  0.27204E+05
 0.11070000E+03  0.26836E+05
 0.11074999E+03  0.26481E+05
 0.11080000E+03  0.26163E+05
 0.11084999E+03  0.25937E+05
 0.11089999E+03  0.25655E+05
 0.11095000E+03  0.25391E+05
 0.11099999E+03  0.25127E+05
 0.11105000E+03  0.24966E+05
 0.11109999E+03  0.24766E+05
 0.11114999E+03  0.24463E+05
 0.11120000E+03  0.24429E+05
 0.11124999E+03  0.24344E+05
 0.11130000E+03  0.24218E+05
 0.11134999E+03  0.24136E+05
 0.11139999E+03  0.23927E+05
 0.11145000E+03  0.23872E+05
 0.11149999E+03  0.23863E+05
 0.11155000E+03  0.23697E+05
 0.11159999E+03  0.23474E+05
 0.11164999E+03  0.23348E+05
 0.11170000E+03  0.23283E+05
 0.11174999E+03  0.23185E+05
 0.11180000E+03  0.22984E+05
 0.11184999E+03  0.22728E+05
 0.11189999E+03  0.22512E+05
 0.11195000E+03  0.22186E+05
 0.11199999E+03  0.21910E+05
 0.11205000E+03  0.21512E+05
 0.11209999E+03  0.21011E+05
 0.11214999E+03  0.20703E+05
 0.11220000E+03  0.20291E+05
 0.11224999E+03  0.19972E+05
 0.11230000E+03  0.19521E+05
 0.11234999E+03  0.18854E+05
 0.11239999E+03  0.18351E+05
 0.11244999E+03  0.17648E+05
 0.11249999E+03  0.16867E+05
 0.11255000E+03  0.16207E+05
 0.11259999E+03  0.15612E+05
 0.11264999E+03  0.15103E+05
 0.11269999E+03  0.14542E+05
 0.11274999E+03  0.13769E+05
 0.11280000E+03  0.12829E+05
 0.11284999E+03  0.11968E+05
 0.11289999E+03  0.11158E+05
 0.11294999E+03  0.10432E+05
 0.11299999E+03  0.96450E+04
 0.11305000E+03  0.88580E+04
 0.11309999E+03  0.82460E+04
 0.11314999E+03  0.73780E+04
 0.11319999E+03  0.64820E+04
 0.11324999E+03  0.56470E+04
 0.11330000E+03  0.46910E+04
 0.11334999E+03  0.40080E+04
 0.11339999E+03  0.32940E+04
 0.11344999E+03  0.24490E+04
 0.11349999E+03  0.17330E+04
 0.11355000E+03  0.91700E+03
 0.11359999E+03  0.24000E+03
 0.11364999E+03 -0.30700E+03
 0.11369999E+03 -0.93700E+03
 0.11374999E+03 -0.14740E+04
 0.11380000E+03 -0.20920E+04
 0.11384999E+03 -0.26510E+04
 0.11389999E+03 -0.30980E+04
 0.11394999E+03 -0.36070E+04
 0.11399999E+03 -0.40560E+04
 0.11405000E+03 -0.44890E+04
 0.11409999E+03 -0.47320E+04
 0.11414999E+03 -0.50340E+04
 0.11419999E+03 -0.54170E+04
 0.11424999E+03 -0.55660E+04
 0.11430000E+03 -0.59150E+04
 0.11434999E+03 -0.62910E+04
 0.11439999E+03 -0.65280E+04
 0.11444999E+03 -0.68230E+04
 0.11449999E+03 -0.71290E+04
 0.11455000E+03 -0.75490E+04
 0.11459999E+03 -0.79160E+04
 0.11464999E+03 -0.81670E+04
 0.11469999E+03 -0.84090E+04
 0.11474999E+03 -0.86630E+04
 0.11480000E+03 -0.89470E+04
 0.11484999E+03 -0.93910E+04
 0.11489999E+03 -0.98790E+04
 0.11494999E+03 -0.10095E+05
 0.11499999E+03 -0.10381E+05
 0.11505000E+03 -0.10777E+05
 0.11509999E+03 -0.11159E+05
 0.11514999E+03 -0.11728E+05
 0.11519999E+03 -0.12243E+05
 0.11524999E+03 -0.12645E+05
 0.11530000E+03 -0.13087E+05
 0.11534999E+03 -0.13562E+05
 0.11539999E+03 -0.14080E+05
 0.11544999E+03 -0.14630E+05
 0.11549999E+03 -0.15156E+05
 0.11555000E+03 -0.15758E+05
 0.11559999E+03 -0.16387E+05
 0.11564999E+03 -0.16873E+05
 0.11569999E+03 -0.17484E+05
 0.11574999E+03 -0.18093E+05
 0.11580000E+03 -0.18635E+05
 0.11584999E+03 -0.19356E+05
 0.11589999E+03 -0.20065E+05
 0.11594999E+03 -0.20840E+05
 0.11599999E+03 -0.21474E+05
 0.11605000E+03 -0.21969E+05
 0.11609999E+03 -0.22672E+05
 0.11614999E+03 -0.23312E+05
 0.11619999E+03 -0.24152E+05
 0.11624999E+03 -0.25104E+05
 0.11630000E+03 -0.25861E+05
 0.11634999E+03 -0.26712E+05
 0.11639999E+03 -0.27486E+05
 0.11644999E+03 -0.28163E+05
 0.11649999E+03 -0.28814E+05
 0.11655000E+03 -0.29538E+05
 0.11659999E+03 -0.30316E+05
 0.11664999E+03 -0.30952E+05
 0.11669999E+03 -0.31584E+05
 0.11674999E+03 -0.32130E+05
 0.11680000E+03 -0.32646E+05
 0.11684999E+03 -0.33196E+05
 0.11689999E+03 -0.33601E+05
 0.11694999E+03 -0.34004E+05
 0.11699999E+03 -0.34448E+05
 0.11705000E+03 -0.34741E+05
 0.11709999E+03 -0.34980E+05
 0.11714999E+03 -0.35159E+05
 0.11719999E+03 -0.35099E+05
 0.11724999E+03 -0.34985E+05
 0.11730000E+03 -0.34866E+05
 0.11734999E+03 -0.34763E+05
 0.11739999E+03 -0.34716E+05
 0.11744999E+03 -0.34639E+05
 0.11749999E+03 -0.34496E+05
 0.11755000E+03 -0.34195E+05
 0.11759999E+03 -0.33868E+05
 0.11764999E+03 -0.33498E+05
 0.11769999E+03 -0.33036E+05
 0.11774999E+03 -0.32572E+05
 0.11780000E+03 -0.32091E+05
 0.11784999E+03 -0.31541E+05
 0.11789999E+03 -0.30919E+05
 0.11794999E+03 -0.30417E+05
 0.11799999E+03 -0.29813E+05
 0.11805000E+03 -0.29094E+05
 0.11809999E+03 -0.28494E+05
 0.11814999E+03 -0.27729E+05
 0.11819999E+03 -0.26965E+05
 0.11824999E+03 -0.26270E+05
 0.11830000E+03 -0.25469E+05
 0.11834999E+03 -0.24795E+05
 0.11839999E+03 -0.24122E+05
 0.11844999E+03 -0.23454E+05
 0.11849999E+03 -0.22842E+05
 0.11855000E+03 -0.22031E+05
 0.11859999E+03 -0.21321E+05
 0.11864999E+03 -0.20646E+05
 0.11869999E+03 -0.19796E+05
 0.11874999E+03 -0.19037E+05
 0.11880000E+03 -0.18284E+05
 0.11884999E+03 -0.17739E+05
 0.11889999E+03 -0.17179E+05
 0.11894999E+03 -0.16251E+05
 0.11899999E+03 -0.15452E+05
 0.11905000E+03 -0.14664E+05
 0.11909999E+03 -0.13817E+05
 0.11914999E+03 -0.13078E+05
 0.11919999E+03 -0.12216E+05
 0.11924999E+03 -0.11348E+05
 0.11930000E+03 -0.10550E+05
 0.11934999E+03 -0.97370E+04
 0.11939999E+03 -0.89230E+04
 0.11944999E+03 -0.81450E+04
 0.11949999E+03 -0.73130E+04
 0.11955000E+03 -0.64440E+04
 0.11959999E+03 -0.55230E+04
 0.11964999E+03 -0.45520E+04
 0.11969999E+03 -0.37380E+04
 0.11974999E+03 -0.27830E+04
 0.11980000E+03 -0.18720E+04
 0.11984999E+03 -0.10880E+04
 0.11989999E+03 -0.68000E+02
 0.11994999E+03  0.86400E+03
 0.11999999E+03  0.18520E+04
 0.12005000E+03  0.28530E+04
 0.12009999E+03  0.36370E+04
 0.12014999E+03  0.45870E+04
 0.12019999E+03  0.56170E+04
 0.12024999E+03  0.64730E+04
 0.12030000E+03  0.73930E+04
 0.12034999E+03  0.84130E+04
 0.12039999E+03  0.93500E+04
 0.12044999E+03  0.10324E+05
 0.12049999E+03  0.11233E+05
 0.12055000E+03  0.12100E+05
 0.12059999E+03  0.13034E+05
 0.12064999E+03  0.13907E+05
 0.12069999E+03  0.14752E+05
 0.12074999E+03  0.15415E+05
 0.12080000E+03  0.16045E+05
 0.12084999E+03  0.16841E+05
 0.12089999E+03  0.17530E+05
 0.12094999E+03  0.18162E+05
 0.12099999E+03  0.18819E+05
 0.12105000E+03  0.19462E+05
 0.12109999E+03  0.20133E+05
 0.12114999E+03  0.20709E+05
 0.12119999E+03  0.21162E+05
 0.12124999E+03  0.21642E+05
 0.12130000E+03  0.22164E+05
 0.12134999E+03  0.22717E+05
 0.12139999E+03  0.23184E+05
 0.12144999E+03  0.23437E+05
 0.12149999E+03  0.23875E+05
 0.12155000E+03  0.24405E+05
 0.12159999E+03  0.24805E+05
 0.12164999E+03  0.25403E+05
 0.12169999E+03  0.25986E+05
 0.12174999E+03  0.26641E+05
 0.12180000E+03  0.27364E+05
 0.12184999E+03  0.27885E+05
 0.12189999E+03  0.28426E+05
 0.12194999E+03  0.28918E+05
 0.12199999E+03  0.29553E+05
 0.12205000E+03  0.30383E+05
 0.12209999E+03  0.31111E+05
 0.12214999E+03  0.31795E+05
 0.12219999E+03  0.32317E+05
 0.12224999E+03  0.32740E+05
 0.12230000E+03  0.33280E+05
 0.12234999E+03  0.33857E+05
 0.12239999E+03  0.34392E+05
 0.12244999E+03  0.34791E+05
 0.12249999E+03  0.35122E+05
 0.12255000E+03  0.35540E+05
 0.12259999E+03  0.35864E+05
 0.12264999E+03  0.36149E+05
 0.12269999E+03  0.36485E+05
 0.12274999E+03  0.36752E+05
 0.12280000E+03  0.37033E+05
 0.12284999E+03  0.37096E+05
 0.12289999E+03  0.37073E+05
 0.12294999E+03  0.37296E+05
 0.12299999E+03  0.37462E+05
 0.12305000E+03  0.37605E+05
 0.12309999E+03  0.37838E+05
 0.12314999E+03  0.37867E+05
 0.12319999E+03  0.37685E+05
 0.12324999E+03  0.37540E+05
 0.12330000E+03  0.37426E+05
 0.12334999E+03  0.37443E+05
 0.12339999E+03  0.37542E+05
 0.12344999E+03  0.37458E+05
 0.12349999E+03  0.37590E+05
 0.12355000E+03  0.37723E+05
 0.12359999E+03  0.37482E+05
 0.12364999E+03  0.37369E+05
 0.12369999E+03  0.37213E+05
 0.12374999E+03  0.37135E+05
 0.12380000E+03  0.37265E+05
 0.12384999E+03  0.37266E+05
 0.12389999E+03  0.37407E+05
 0.12394999E+03  0.37348E+05
 0.12399999E+03  0.37229E+05
 0.12405000E+03  0.37387E+05
 0.12409999E+03  0.37258E+05
 0.12414999E+03  0.37250E+05
 0.12419999E+03  0.37392E+05
 0.12424999E+03  0.37324E+05
 0.12430000E+03  0.37380E+05
 0.12434999E+03  0.37394E+05
 0.12439999E+03  0.37486E+05
 0.12444999E+03  0.37694E+05
 0.12449999E+03  0.37813E+05
 0.12455000E+03  0.38023E+05
 0.12459999E+03  0.38004E+05
 0.12464999E+03  0.37831E+05
 0.12469999E+03  0.37846E+05
 0.12474999E+03  0.37802E+05
 0.12480000E+03  0.37867E+05
 0.12484999E+03  0.38079E+05
 0.12489999E+03  0.38169E+05
 0.12494999E+03  0.38163E+05
 0.12499999E+03  0.37981E+05
 0.12504999E+03  0.37913E+05
 0.12509999E+03  0.37901E+05
 0.12514999E+03  0.37734E+05
 0.12520000E+03  0.37787E+05
 0.12524998E+03  0.37731E+05
 0.12529999E+03  0.37512E+05
 0.12534999E+03  0.37308E+05
 0.12539999E+03  0.36998E+05
 0.12545000E+03  0.36925E+05
 0.12549998E+03  0.36978E+05
 0.12554999E+03  0.36991E+05
 0.12559999E+03  0.36953E+05
 0.12564999E+03  0.36771E+05
 0.12570000E+03  0.36559E+05
 0.12574998E+03  0.36300E+05
 0.12579999E+03  0.35962E+05
 0.12584999E+03  0.35701E+05
 0.12589999E+03  0.35619E+05
 0.12595000E+03  0.35475E+05
 0.12599998E+03  0.35384E+05
 0.12604999E+03  0.35327E+05
 0.12609999E+03  0.35098E+05
 0.12614999E+03  0.34998E+05
 0.12620000E+03  0.34817E+05
 0.12624998E+03  0.34583E+05
 0.12629999E+03  0.34477E+05
 0.12634999E+03  0.34229E+05
 0.12639999E+03  0.34005E+05
 0.12645000E+03  0.33800E+05
 0.12649998E+03  0.33559E+05
 0.12654999E+03  0.33484E+05
 0.12659999E+03  0.33361E+05
 0.12664999E+03  0.33155E+05
 0.12670000E+03  0.33080E+05
 0.12674998E+03  0.32874E+05
 0.12679999E+03  0.32632E+05
 0.12684999E+03  0.32476E+05
 0.12689999E+03  0.32338E+05
 0.12695000E+03  0.32378E+05
 0.12699998E+03  0.32222E+05
 0.12704999E+03  0.32020E+05
 0.12709999E+03  0.31900E+05
 0.12714999E+03  0.31604E+05
 0.12720000E+03  0.31504E+05
 0.12724998E+03  0.31475E+05
 0.12729999E+03  0.31295E+05
 0.12734999E+03  0.30964E+05
 0.12739999E+03  0.30623E+05
 0.12745000E+03  0.30301E+05
 0.12749998E+03  0.29908E+05
 0.12754999E+03  0.29603E+05
 0.12759999E+03  0.29252E+05
 0.12764999E+03  0.29019E+05
 0.12770000E+03  0.28616E+05
 0.12774998E+03  0.28048E+05
 0.12779999E+03  0.27621E+05
 0.12784999E+03  0.26973E+05
 0.12789999E+03  0.26559E+05
 0.12795000E+03  0.26122E+05
 0.12799998E+03  0.25549E+05
 0.12804999E+03  0.25088E+05
 0.12809999E+03  0.24360E+05
 0.12814999E+03  0.23910E+05
 0.12820000E+03  0.23437E+05
 0.12824998E+03  0.22686E+05
 0.12829999E+03  0.22041E+05
 0.12834999E+03  0.21209E+05
 0.12839999E+03  0.20510E+05
 0.12845000E+03  0.19816E+05
 0.12849998E+03  0.18937E+05
 0.12854999E+03  0.18278E+05
 0.12859999E+03  0.17562E+05
 0.12864999E+03  0.16675E+05
 0.12870000E+03  0.15729E+05
 0.12874998E+03  0.14810E+05
 0.12879999E+03  0.13992E+05
 0.12884999E+03  0.12986E+05
 0.12889999E+03  0.11866E+05
 0.12895000E+03  0.10713E+05
 0.12899998E+03  0.94000E+04
 0.12904999E+03  0.82290E+04
 0.12909999E+03  0.72350E+04
 0.12914999E+03  0.61170E+04
 0.12920000E+03  0.48870E+04
 0.12924998E+03  0.36640E+04
 0.12929999E+03  0.23460E+04
 0.12934999E+03  0.10970E+04
 0.12939999E+03  0.30000E+02
 0.12945000E+03 -0.11130E+04
 0.12949998E+03 -0.22140E+04
 0.12954999E+03 -0.32660E+04
 0.12959999E+03 -0.43860E+04
 0.12964999E+03 -0.55580E+04
 0.12970000E+03 -0.67460E+04
 0.12974998E+03 -0.77780E+04
 0.12979999E+03 -0.87620E+04
 0.12984999E+03 -0.96580E+04
 0.12989999E+03 -0.10543E+05
 0.12995000E+03 -0.11568E+05
 0.12999998E+03 -0.12566E+05
 0.13004999E+03 -0.13799E+05
 0.13009999E+03 -0.15066E+05
 0.13014999E+03 -0.16065E+05
 0.13020000E+03 -0.17118E+05
 0.13024998E+03 -0.18116E+05
 0.13029999E+03 -0.19021E+05
 0.13034999E+03 -0.20105E+05
 0.13039999E+03 -0.21263E+05
 0.13045000E+03 -0.22294E+05
 0.13049998E+03 -0.23324E+05
 0.13054999E+03 -0.24320E+05
 0.13059999E+03 -0.25197E+05
 0.13064999E+03 -0.26115E+05
 0.13070000E+03 -0.26881E+05
 0.13074998E+03 -0.27651E+05
 0.13079999E+03 -0.28561E+05
 0.13084999E+03 -0.29409E+05
 0.13089999E+03 -0.30240E+05
 0.13095000E+03 -0.30908E+05
 0.13099998E+03 -0.31684E+05
 0.13104999E+03 -0.32594E+05
 0.13109999E+03 -0.33406E+05
 0.13114999E+03 -0.34112E+05
 0.13120000E+03 -0.34646E+05
 0.13124998E+03 -0.35158E+05
 0.13129999E+03 -0.35576E+05
 0.13134999E+03 -0.36276E+05
 0.13139999E+03 -0.37044E+05
 0.13145000E+03 -0.37530E+05
 0.13149998E+03 -0.38138E+05
 0.13154999E+03 -0.38675E+05
 0.13159999E+03 -0.39292E+05
 0.13164999E+03 -0.39738E+05
 0.13170000E+03 -0.39932E+05
 0.13174998E+03 -0.40321E+05
 0.13179999E+03 -0.40792E+05
 0.13184999E+03 -0.41423E+05
 0.13189999E+03 -0.41894E+05
 0.13195000E+03 -0.42199E+05
 0.13199998E+03 -0.42487E+05
 0.13204999E+03 -0.42697E+05
 0.13209999E+03 -0.42976E+05
 0.13214999E+03 -0.43198E+05
 0.13220000E+03 -0.43350E+05
 0.13224998E+03 -0.43438E+05
 0.13229999E+03 -0.43650E+05
 0.13234999E+03 -0.43822E+05
 0.13239999E+03 -0.43911E+05
 0.13245000E+03 -0.44033E+05
 0.13249998E+03 -0.44016E+05
 0.13254999E+03 -0.44127E+05
 0.13259999E+03 -0.43925E+05
 0.13264999E+03 -0.43564E+05
 0.13270000E+03 -0.43417E+05
 0.13274998E+03 -0.43291E+05
 0.13279999E+03 -0.43496E+05
 0.13284999E+03 -0.43582E+05
 0.13289999E+03 -0.43662E+05
 0.13295000E+03 -0.43695E+05
 0.13299998E+03 -0.43300E+05
 0.13304999E+03 -0.43097E+05
 0.13309999E+03 -0.42912E+05
 0.13314999E+03 -0.42708E+05
 0.13320000E+03 -0.42628E+05
 0.13324998E+03 -0.42599E+05
 0.13329999E+03 -0.42820E+05
 0.13334999E+03 -0.42929E+05
 0.13339999E+03 -0.42844E+05
 0.13345000E+03 -0.42615E+05
 0.13349998E+03 -0.42305E+05
 0.13354999E+03 -0.42247E+05
 0.13359999E+03 -0.42380E+05
 0.13364999E+03 -0.42474E+05
 0.13370000E+03 -0.42375E+05
 0.13374998E+03 -0.42227E+05
 0.13379999E+03 -0.42083E+05
 0.13384999E+03 -0.41998E+05
 0.13389999E+03 -0.41856E+05
 0.13395000E+03 -0.41512E+05
 0.13399998E+03 -0.41302E+05
 0.13404999E+03 -0.41067E+05
 0.13409999E+03 -0.40925E+05
 0.13414999E+03 -0.40753E+05
 0.13420000E+03 -0.40332E+05
 0.13424998E+03 -0.40029E+05
 0.13429999E+03 -0.39645E+05
 0.13434999E+03 -0.39478E+05
 0.13439999E+03 -0.39310E+05
 0.13445000E+03 -0.38774E+05
 0.13449998E+03 -0.38392E+05
 0.13454999E+03 -0.37947E+05
 0.13459999E+03 -0.37410E+05
 0.13464999E+03 -0.36928E+05
 0.13470000E+03 -0.36421E+05
 0.13474998E+03 -0.36107E+05
 0.13479999E+03 -0.35741E+05
 0.13484999E+03 -0.35236E+05
 0.13489999E+03 -0.34865E+05
 0.13495000E+03 -0.34232E+05
 0.13499998E+03 -0.33329E+05
 0.13504999E+03 -0.32523E+05
 0.13509999E+03 -0.31893E+05
 0.13514999E+03 -0.31418E+05
 0.13520000E+03 -0.30774E+05
 0.13524998E+03 -0.30041E+05
 0.13529999E+03 -0.29223E+05
 0.13534999E+03 -0.28334E+05
 0.13539999E+03 -0.27546E+05
 0.13545000E+03 -0.26621E+05
 0.13549998E+03 -0.25701E+05
 0.13554999E+03 -0.24910E+05
 0.13559999E+03 -0.24073E+05
 0.13564999E+03 -0.23052E+05
 0.13570000E+03 -0.22118E+05
 0.13574998E+03 -0.21293E+05
 0.13579999E+03 -0.20322E+05
 0.13584999E+03 -0.19483E+05
 0.13589999E+03 -0.18510E+05
 0.13595000E+03 -0.17372E+05
 0.13599998E+03 -0.16352E+05
 0.13604999E+03 -0.15239E+05
 0.13609999E+03 -0.14167E+05
 0.13614999E+03 -0.13107E+05
 0.13620000E+03 -0.11986E+05
 0.13624998E+03 -0.10916E+05
 0.13629999E+03 -0.96030E+04
 0.13634999E+03 -0.80440E+04
 0.13639999E+03 -0.66560E+04
 0.13645000E+03 -0.51840E+04
 0.13649998E+03 -0.36160E+04
 0.13654999E+03 -0.23590E+04
 0.13659999E+03 -0.10420E+04
 0.13664999E+03  0.31000E+03
 0.13670000E+03  0.17040E+04
 0.13674998E+03  0.32300E+04
 0.13679999E+03  0.46040E+04
 0.13684999E+03  0.62300E+04
 0.13689999E+03  0.77350E+04
 0.13695000E+03  0.89670E+04
 0.13699998E+03  0.10329E+05
 0.13704999E+03  0.11380E+05
 0.13709999E+03  0.12484E+05
 0.13714999E+03  0.13697E+05
 0.13720000E+03  0.14783E+05
 0.13724998E+03  0.15894E+05
 0.13729999E+03  0.16811E+05
 0.13734999E+03  0.17781E+05
 0.13739999E+03  0.18658E+05
 0.13745000E+03  0.19402E+05
 0.13749998E+03  0.20308E+05
 0.13754999E+03  0.21178E+05
 0.13759999E+03  0.22050E+05
 0.13764999E+03  0.22952E+05
 0.13770000E+03  0.23784E+05
 0.13774998E+03  0.24658E+05
 0.13779999E+03  0.25752E+05
 0.13784999E+03  0.26780E+05
 0.13789999E+03  0.27654E+05
 0.13795000E+03  0.28502E+05
 0.13799998E+03  0.29330E+05
 0.13804999E+03  0.30386E+05
 0.13809999E+03  0.31431E+05
 0.13814999E+03  0.32601E+05
 0.13820000E+03  0.33897E+05
 0.13824998E+03  0.34981E+05
 0.13829999E+03  0.36100E+05
 0.13834999E+03  0.36969E+05
 0.13839999E+03  0.37817E+05
 0.13845000E+03  0.38862E+05
 0.13849998E+03  0.39701E+05
 0.13854999E+03  0.40598E+05
 0.13859999E+03  0.41488E+05
 0.13864999E+03  0.42258E+05
 0.13870000E+03  0.43059E+05
 0.13874998E+03  0.43530E+05
 0.13879999E+03  0.43652E+05
 0.13884999E+03  0.43788E+05
 0.13889999E+03  0.43783E+05
 0.13895000E+03  0.43743E+05
 0.13899998E+03  0.43884E+05
 0.13904999E+03  0.44066E+05
 0.13909999E+03  0.44324E+05
 0.13914999E+03  0.44330E+05
 0.13920000E+03  0.44188E+05
 0.13924998E+03  0.44230E+05
 0.13929999E+03  0.44237E+05
 0.13934999E+03  0.44325E+05
 0.13939999E+03  0.44342E+05
 0.13945000E+03  0.44040E+05
 0.13949998E+03  0.43662E+05
 0.13954999E+03  0.43408E+05
 0.13959999E+03  0.43100E+05
 0.13964999E+03  0.42619E+05
 0.13970000E+03  0.42062E+05
 0.13974998E+03  0.41396E+05
 0.13979999E+03  0.40771E+05
 0.13984999E+03  0.40356E+05
 0.13989999E+03  0.40170E+05
 0.13995000E+03  0.40038E+05
 0.13999998E+03  0.40038E+05
 0.14004999E+03  0.40279E+05
 0.14009999E+03  0.40416E+05
 0.14014999E+03  0.40520E+05
 0.14020000E+03  0.40555E+05
 0.14024998E+03  0.40388E+05
 0.14029999E+03  0.40248E+05
 0.14034999E+03  0.40222E+05
 0.14039999E+03  0.40190E+05
 0.14045000E+03  0.40081E+05
 0.14049998E+03  0.40005E+05
 0.14054999E+03  0.39865E+05
 0.14059999E+03  0.39566E+05
 0.14064999E+03  0.38990E+05
 0.14070000E+03  0.38293E+05
 0.14074998E+03  0.37729E+05
 0.14079999E+03  0.37230E+05
 0.14084999E+03  0.37122E+05
 0.14089999E+03  0.37183E+05
 0.14095000E+03  0.37318E+05
 0.14099998E+03  0.37662E+05
 0.14104999E+03  0.37751E+05
 0.14109999E+03  0.37728E+05
 0.14114999E+03  0.37551E+05
 0.14120000E+03  0.37392E+05
 0.14124998E+03  0.37475E+05
 0.14129999E+03  0.37385E+05
 0.14134999E+03  0.37167E+05
 0.14139999E+03  0.36954E+05
 0.14145000E+03  0.36623E+05
 0.14149998E+03  0.36105E+05
 0.14154999E+03  0.35742E+05
 0.14159999E+03  0.35393E+05
 0.14164999E+03  0.35195E+05
 0.14170000E+03  0.35344E+05
 0.14174998E+03  0.35517E+05
 0.14179999E+03  0.36047E+05
 0.14184999E+03  0.36529E+05
 0.14189999E+03  0.37044E+05
 0.14195000E+03  0.37550E+05
 0.14199998E+03  0.37572E+05
 0.14204999E+03  0.37571E+05
 0.14209999E+03  0.37297E+05
 0.14214999E+03  0.37367E+05
 0.14220000E+03  0.37797E+05
 0.14224998E+03  0.37870E+05
 0.14229999E+03  0.37847E+05
 0.14234999E+03  0.37353E+05
 0.14239999E+03  0.36865E+05
 0.14245000E+03  0.36659E+05
 0.14249998E+03  0.36508E+05
 0.14254999E+03  0.36840E+05
 0.14259999E+03  0.37635E+05
 0.14264999E+03  0.38736E+05
 0.14270000E+03  0.39827E+05
 0.14274998E+03  0.40669E+05
 0.14279999E+03  0.41243E+05
 0.14284999E+03  0.41672E+05
 0.14289999E+03  0.41812E+05
 0.14295000E+03  0.41827E+05
 0.14299998E+03  0.42046E+05
 0.14304999E+03  0.42173E+05
 0.14309999E+03  0.42553E+05
 0.14314999E+03  0.42873E+05
 0.14320000E+03  0.43061E+05
 0.14324998E+03  0.43345E+05
 0.14329999E+03  0.43051E+05
 0.14334999E+03  0.42997E+05
 0.14339999E+03  0.43264E+05
 0.14345000E+03  0.43599E+05
 0.14349998E+03  0.44283E+05
 0.14354999E+03  0.44536E+05
 0.14359999E+03  0.44522E+05
 0.14364999E+03  0.44144E+05
 0.14370000E+03  0.43475E+05
 0.14374998E+03  0.42981E+05
 0.14379999E+03  0.42461E+05
 0.14384999E+03  0.42309E+05
 0.14389999E+03  0.42425E+05
 0.14395000E+03  0.42634E+05
 0.14399998E+03  0.42674E+05
 0.14404999E+03  0.42297E+05
 0.14409999E+03  0.41661E+05
 0.14414999E+03  0.41144E+05
 0.14420000E+03  0.41129E+05
 0.14424998E+03  0.41222E+05
 0.14429999E+03  0.41839E+05
 0.14434999E+03  0.42625E+05
 0.14439999E+03  0.43124E+05
 0.14445000E+03  0.43646E+05
 0.14449998E+03  0.43608E+05
 0.14454999E+03  0.43684E+05
 0.14459999E+03  0.44067E+05
 0.14464999E+03  0.44528E+05
 0.14470000E+03  0.45202E+05
 0.14474998E+03  0.45668E+05
 0.14479999E+03  0.45931E+05
 0.14484999E+03  0.45879E+05
 0.14489999E+03  0.45927E+05
 0.14495000E+03  0.45794E+05
 0.14499998E+03  0.45585E+05
 0.14504999E+03  0.45868E+05
 0.14509999E+03  0.46060E+05
 0.14514999E+03  0.46674E+05
 0.14520000E+03  0.47532E+05
 0.14524998E+03  0.48298E+05
 0.14529999E+03  0.49011E+05
 0.14534999E+03  0.49529E+05
 0.14539999E+03  0.50164E+05
 0.14545000E+03  0.50609E+05
 0.14549998E+03  0.51325E+05
 0.14554999E+03  0.52218E+05
 0.14559999E+03  0.53114E+05
 0.14564999E+03  0.53942E+05
 0.14570000E+03  0.54216E+05
 0.14574998E+03  0.54436E+05
 0.14579999E+03  0.54293E+05
 0.14584999E+03  0.54147E+05
 0.14589999E+03  0.54235E+05
 0.14595000E+03  0.54657E+05
 0.14599998E+03  0.55905E+05
 0.14604999E+03  0.57516E+05
 0.14609999E+03  0.59723E+05
 0.14614999E+03  0.61913E+05
 0.14620000E+03  0.63969E+05
 0.14624998E+03  0.65909E+05
 0.14629999E+03  0.67327E+05
 0.14634999E+03  0.68601E+05
 0.14639999E+03  0.69225E+05
 0.14645000E+03  0.69843E+05
 0.14649998E+03  0.70538E+05
 0.14654999E+03  0.70836E+05
 0.14659999E+03  0.71100E+05
 0.14664999E+03  0.70898E+05
 0.14670000E+03  0.70319E+05
 0.14674998E+03  0.69212E+05
 0.14679999E+03  0.67559E+05
 0.14684999E+03  0.65606E+05
 0.14689999E+03  0.63567E+05
 0.14695000E+03  0.61986E+05
 0.14699998E+03  0.60759E+05
 0.14704999E+03  0.59788E+05
 0.14709999E+03  0.58823E+05
 0.14714999E+03  0.57832E+05
 0.14720000E+03  0.56679E+05
 0.14724998E+03  0.55185E+05
 0.14729999E+03  0.53740E+05
 0.14734999E+03  0.52477E+05
 0.14739999E+03  0.51663E+05
 0.14745000E+03  0.51078E+05
 0.14749998E+03  0.50920E+05
 0.14754999E+03  0.50737E+05
 0.14759999E+03  0.49776E+05
 0.14764999E+03  0.48695E+05
 0.14770000E+03  0.47088E+05
 0.14774998E+03  0.45322E+05
 0.14779999E+03  0.43415E+05
 0.14784999E+03  0.40775E+05
 0.14789999E+03  0.37784E+05
 0.14795000E+03  0.33591E+05
 0.14799998E+03  0.28421E+05
 0.14804999E+03  0.22735E+05
 0.14809999E+03  0.16825E+05
 0.14814999E+03  0.11612E+05
 0.14820000E+03  0.70620E+04
 0.14824998E+03  0.37510E+04
 0.14829999E+03  0.18920E+04
 0.14834999E+03  0.84400E+03
 0.14839999E+03  0.66700E+03
 0.14845000E+03  0.14090E+04
 0.14849998E+03  0.24590E+04
 0.14854999E+03  0.36210E+04
 0.14859999E+03  0.45930E+04
 0.14864999E+03  0.48260E+04
 0.14870000E+03  0.45680E+04
 0.14874998E+03  0.34340E+04
 0.14879999E+03  0.18050E+04
 0.14884999E+03  0.17300E+03
 0.14889999E+03 -0.19950E+04
 0.14895000E+03 -0.39190E+04
 0.14899998E+03 -0.55970E+04
 0.14904999E+03 -0.71820E+04
 0.14909999E+03 -0.79300E+04
 0.14914999E+03 -0.82960E+04
 0.14920000E+03 -0.87610E+04
 0.14924998E+03 -0.94550E+04
 0.14929999E+03 -0.10569E+05
 0.14934999E+03 -0.12019E+05
 0.14939999E+03 -0.13815E+05
 0.14945000E+03 -0.16226E+05
 0.14949998E+03 -0.18826E+05
 0.14954999E+03 -0.21189E+05
 0.14959999E+03 -0.23754E+05
 0.14964999E+03 -0.26119E+05
 0.14970000E+03 -0.28059E+05
 0.14974998E+03 -0.29815E+05
 0.14979999E+03 -0.31252E+05
 0.14984999E+03 -0.32909E+05
 0.14989999E+03 -0.34659E+05
 0.14995000E+03 -0.36229E+05
