-0.30000000E+01  0.32050E+07
-0.29500000E+01  0.32136E+07
-0.29000001E+01  0.32226E+07
-0.28499999E+01  0.32320E+07
-0.28000000E+01  0.32419E+07
-0.27500000E+01  0.32520E+07
-0.27000000E+01  0.32623E+07
-0.26500001E+01  0.32728E+07
-0.25999999E+01  0.32832E+07
-0.25500000E+01  0.32936E+07
-0.25000000E+01  0.33038E+07
-0.24500000E+01  0.33138E+07
-0.24000001E+01  0.33236E+07
-0.23499999E+01  0.33331E+07
-0.23000002E+01  0.33424E+07
-0.22500000E+01  0.33515E+07
-0.22000000E+01  0.33603E+07
-0.21500001E+01  0.33688E+07
-0.20999999E+01  0.33769E+07
-0.20500002E+01  0.33849E+07
-0.20000000E+01  0.33926E+07
-0.19500000E+01  0.34001E+07
-0.19000001E+01  0.34076E+07
-0.18500000E+01  0.34150E+07
-0.18000001E+01  0.34226E+07
-0.17500001E+01  0.34303E+07
-0.17000000E+01  0.34382E+07
-0.16500001E+01  0.34465E+07
-0.16000001E+01  0.34548E+07
-0.15500001E+01  0.34633E+07
-0.15000001E+01  0.34721E+07
-0.14500000E+01  0.34810E+07
-0.14000001E+01  0.34899E+07
-0.13500001E+01  0.34989E+07
-0.13000001E+01  0.35079E+07
-0.12500001E+01  0.35168E+07
-0.12000000E+01  0.35256E+07
-0.11500001E+01  0.35340E+07
-0.11000001E+01  0.35421E+07
-0.10500001E+01  0.35499E+07
-0.10000001E+01  0.35571E+07
-0.95000005E+00  0.35638E+07
-0.90000010E+00  0.35697E+07
-0.85000014E+00  0.35747E+07
-0.80000019E+00  0.35788E+07
-0.75000024E+00  0.35820E+07
-0.70000005E+00  0.35844E+07
-0.65000010E+00  0.35860E+07
-0.60000014E+00  0.35870E+07
-0.55000019E+00  0.35873E+07
-0.50000024E+00  0.35873E+07
-0.45000005E+00  0.35869E+07
-0.40000010E+00  0.35862E+07
-0.35000014E+00  0.35853E+07
-0.30000019E+00  0.35842E+07
-0.25000024E+00  0.35831E+07
-0.20000029E+00  0.35819E+07
-0.15000010E+00  0.35807E+07
-0.10000014E+00  0.35797E+07
-0.50000191E-01  0.35786E+07
-0.23841858E-06  0.35778E+07
 0.49999714E-01  0.35769E+07
 0.99999905E-01  0.35759E+07
 0.14999986E+00  0.35748E+07
 0.19999981E+00  0.35735E+07
 0.24999976E+00  0.35718E+07
 0.29999971E+00  0.35698E+07
 0.34999990E+00  0.35674E+07
 0.39999986E+00  0.35646E+07
 0.44999981E+00  0.35614E+07
 0.49999976E+00  0.35578E+07
 0.54999971E+00  0.35538E+07
 0.59999990E+00  0.35493E+07
 0.64999986E+00  0.35442E+07
 0.69999981E+00  0.35386E+07
 0.74999976E+00  0.35324E+07
 0.79999971E+00  0.35258E+07
 0.84999967E+00  0.35187E+07
 0.89999986E+00  0.35113E+07
 0.94999981E+00  0.35037E+07
 0.99999976E+00  0.34960E+07
 0.10499997E+01  0.34882E+07
 0.10999999E+01  0.34806E+07
 0.11499996E+01  0.34731E+07
 0.11999998E+01  0.34660E+07
 0.12499995E+01  0.34592E+07
 0.12999997E+01  0.34527E+07
 0.13499999E+01  0.34465E+07
 0.13999996E+01  0.34406E+07
 0.14499998E+01  0.34350E+07
 0.14999995E+01  0.34295E+07
 0.15499997E+01  0.34243E+07
 0.15999999E+01  0.34193E+07
 0.16499996E+01  0.34146E+07
 0.16999998E+01  0.34101E+07
 0.17499995E+01  0.34058E+07
 0.17999997E+01  0.34018E+07
 0.18499999E+01  0.33981E+07
 0.18999996E+01  0.33946E+07
 0.19499998E+01  0.33916E+07
 0.19999995E+01  0.33889E+07
 0.20499997E+01  0.33866E+07
 0.20999999E+01  0.33848E+07
 0.21499996E+01  0.33835E+07
 0.21999998E+01  0.33825E+07
 0.22499995E+01  0.33817E+07
 0.22999997E+01  0.33813E+07
 0.23499999E+01  0.33810E+07
 0.23999996E+01  0.33809E+07
 0.24499998E+01  0.33810E+07
 0.24999995E+01  0.33812E+07
 0.25499997E+01  0.33814E+07
 0.25999994E+01  0.33817E+07
 0.26499996E+01  0.33820E+07
 0.26999998E+01  0.33822E+07
 0.27499995E+01  0.33825E+07
 0.27999997E+01  0.33828E+07
 0.28499994E+01  0.33831E+07
 0.28999996E+01  0.33835E+07
 0.29499998E+01  0.33841E+07
 0.29999995E+01  0.33849E+07
 0.30499997E+01  0.33857E+07
 0.30999994E+01  0.33869E+07
 0.31499996E+01  0.33882E+07
 0.31999998E+01  0.33897E+07
 0.32499995E+01  0.33916E+07
 0.32999997E+01  0.33937E+07
 0.33499994E+01  0.33962E+07
 0.33999996E+01  0.33990E+07
 0.34499998E+01  0.34022E+07
 0.34999995E+01  0.34058E+07
 0.35499997E+01  0.34095E+07
 0.35999994E+01  0.34136E+07
 0.36499996E+01  0.34180E+07
 0.36999998E+01  0.34225E+07
 0.37499995E+01  0.34272E+07
 0.37999997E+01  0.34321E+07
 0.38499994E+01  0.34372E+07
 0.38999996E+01  0.34425E+07
 0.39499998E+01  0.34478E+07
 0.39999995E+01  0.34531E+07
 0.40499997E+01  0.34585E+07
 0.40999994E+01  0.34638E+07
 0.41499996E+01  0.34691E+07
 0.41999998E+01  0.34744E+07
 0.42499995E+01  0.34798E+07
 0.42999997E+01  0.34851E+07
 0.43499994E+01  0.34902E+07
 0.43999996E+01  0.34954E+07
 0.44499993E+01  0.35005E+07
 0.44999995E+01  0.35054E+07
 0.45499997E+01  0.35102E+07
 0.45999994E+01  0.35146E+07
 0.46499996E+01  0.35187E+07
 0.46999993E+01  0.35223E+07
 0.47499995E+01  0.35254E+07
 0.47999997E+01  0.35279E+07
 0.48499994E+01  0.35297E+07
 0.48999996E+01  0.35309E+07
 0.49499993E+01  0.35313E+07
 0.49999995E+01  0.35310E+07
 0.50499992E+01  0.35300E+07
 0.50999994E+01  0.35281E+07
 0.51499996E+01  0.35255E+07
 0.51999998E+01  0.35223E+07
 0.52499990E+01  0.35183E+07
 0.52999992E+01  0.35137E+07
 0.53499994E+01  0.35084E+07
 0.53999996E+01  0.35026E+07
 0.54499998E+01  0.34963E+07
 0.54999990E+01  0.34894E+07
 0.55499992E+01  0.34823E+07
 0.55999994E+01  0.34746E+07
 0.56499996E+01  0.34663E+07
 0.56999998E+01  0.34577E+07
 0.57499990E+01  0.34485E+07
 0.57999992E+01  0.34391E+07
 0.58499994E+01  0.34293E+07
 0.58999996E+01  0.34193E+07
 0.59499998E+01  0.34092E+07
 0.59999990E+01  0.33990E+07
 0.60499992E+01  0.33889E+07
 0.60999994E+01  0.33789E+07
 0.61499996E+01  0.33692E+07
 0.61999998E+01  0.33600E+07
 0.62499990E+01  0.33511E+07
 0.62999992E+01  0.33429E+07
 0.63499994E+01  0.33351E+07
 0.63999996E+01  0.33281E+07
 0.64499998E+01  0.33219E+07
 0.64999990E+01  0.33162E+07
 0.65499992E+01  0.33116E+07
 0.65999994E+01  0.33075E+07
 0.66499996E+01  0.33042E+07
 0.66999998E+01  0.33015E+07
 0.67499990E+01  0.32993E+07
 0.67999992E+01  0.32976E+07
 0.68499994E+01  0.32963E+07
 0.68999996E+01  0.32956E+07
 0.69499998E+01  0.32952E+07
 0.69999990E+01  0.32955E+07
 0.70499992E+01  0.32962E+07
 0.70999994E+01  0.32976E+07
 0.71499996E+01  0.32997E+07
 0.71999998E+01  0.33025E+07
 0.72499990E+01  0.33059E+07
 0.72999992E+01  0.33100E+07
 0.73499994E+01  0.33150E+07
 0.73999996E+01  0.33206E+07
 0.74499998E+01  0.33269E+07
 0.74999990E+01  0.33339E+07
 0.75499992E+01  0.33416E+07
 0.75999994E+01  0.33500E+07
 0.76499996E+01  0.33589E+07
 0.76999998E+01  0.33683E+07
 0.77499990E+01  0.33782E+07
 0.77999992E+01  0.33886E+07
 0.78499994E+01  0.33992E+07
 0.78999996E+01  0.34102E+07
 0.79499998E+01  0.34214E+07
 0.79999990E+01  0.34329E+07
 0.80499992E+01  0.34443E+07
 0.80999994E+01  0.34559E+07
 0.81499996E+01  0.34674E+07
 0.81999989E+01  0.34787E+07
 0.82499990E+01  0.34897E+07
 0.82999992E+01  0.35003E+07
 0.83499994E+01  0.35105E+07
 0.83999996E+01  0.35201E+07
 0.84499989E+01  0.35293E+07
 0.84999990E+01  0.35379E+07
 0.85499992E+01  0.35460E+07
 0.85999994E+01  0.35537E+07
 0.86499996E+01  0.35610E+07
 0.86999989E+01  0.35679E+07
 0.87499990E+01  0.35745E+07
 0.87999992E+01  0.35809E+07
 0.88499994E+01  0.35869E+07
 0.88999996E+01  0.35925E+07
 0.89499989E+01  0.35979E+07
 0.89999990E+01  0.36027E+07
 0.90499992E+01  0.36073E+07
 0.90999994E+01  0.36113E+07
 0.91499996E+01  0.36148E+07
 0.91999989E+01  0.36180E+07
 0.92499990E+01  0.36206E+07
 0.92999992E+01  0.36230E+07
 0.93499994E+01  0.36248E+07
 0.93999996E+01  0.36262E+07
 0.94499989E+01  0.36271E+07
 0.94999990E+01  0.36275E+07
 0.95499992E+01  0.36274E+07
 0.95999994E+01  0.36268E+07
 0.96499996E+01  0.36258E+07
 0.96999989E+01  0.36242E+07
 0.97499990E+01  0.36222E+07
 0.97999992E+01  0.36198E+07
 0.98499994E+01  0.36168E+07
 0.98999996E+01  0.36134E+07
 0.99499989E+01  0.36094E+07
 0.99999990E+01  0.36047E+07
 0.10049999E+02  0.35994E+07
 0.10099999E+02  0.35932E+07
 0.10150000E+02  0.35863E+07
 0.10199999E+02  0.35786E+07
 0.10249999E+02  0.35702E+07
 0.10299999E+02  0.35611E+07
 0.10349999E+02  0.35514E+07
 0.10400000E+02  0.35411E+07
 0.10449999E+02  0.35303E+07
 0.10499999E+02  0.35192E+07
 0.10549999E+02  0.35077E+07
 0.10599999E+02  0.34960E+07
 0.10650000E+02  0.34843E+07
 0.10699999E+02  0.34724E+07
 0.10749999E+02  0.34604E+07
 0.10799999E+02  0.34485E+07
 0.10849999E+02  0.34364E+07
 0.10900000E+02  0.34245E+07
 0.10949999E+02  0.34126E+07
 0.10999999E+02  0.34008E+07
 0.11049999E+02  0.33892E+07
 0.11099999E+02  0.33780E+07
 0.11150000E+02  0.33674E+07
 0.11199999E+02  0.33572E+07
 0.11249999E+02  0.33477E+07
 0.11299999E+02  0.33389E+07
 0.11349999E+02  0.33310E+07
 0.11400000E+02  0.33237E+07
 0.11449999E+02  0.33173E+07
 0.11499999E+02  0.33117E+07
 0.11549999E+02  0.33067E+07
 0.11599999E+02  0.33023E+07
 0.11649999E+02  0.32984E+07
 0.11699999E+02  0.32949E+07
 0.11749999E+02  0.32917E+07
 0.11799999E+02  0.32890E+07
 0.11849999E+02  0.32864E+07
 0.11899999E+02  0.32843E+07
 0.11949999E+02  0.32825E+07
 0.11999999E+02  0.32811E+07
 0.12049999E+02  0.32803E+07
 0.12099999E+02  0.32801E+07
 0.12149999E+02  0.32805E+07
 0.12199999E+02  0.32817E+07
 0.12249999E+02  0.32836E+07
 0.12299999E+02  0.32862E+07
 0.12349999E+02  0.32893E+07
 0.12399999E+02  0.32930E+07
 0.12449999E+02  0.32972E+07
 0.12499999E+02  0.33019E+07
 0.12549999E+02  0.33069E+07
 0.12599999E+02  0.33124E+07
 0.12649999E+02  0.33183E+07
 0.12699999E+02  0.33245E+07
 0.12749999E+02  0.33310E+07
 0.12799999E+02  0.33378E+07
 0.12849999E+02  0.33447E+07
 0.12899999E+02  0.33517E+07
 0.12949999E+02  0.33586E+07
 0.12999999E+02  0.33655E+07
 0.13049999E+02  0.33721E+07
 0.13099998E+02  0.33784E+07
 0.13150000E+02  0.33844E+07
 0.13199999E+02  0.33901E+07
 0.13249998E+02  0.33955E+07
 0.13299999E+02  0.34005E+07
 0.13349998E+02  0.34052E+07
 0.13400000E+02  0.34094E+07
 0.13449999E+02  0.34136E+07
 0.13499998E+02  0.34175E+07
 0.13549999E+02  0.34212E+07
 0.13599998E+02  0.34248E+07
 0.13650000E+02  0.34285E+07
 0.13699999E+02  0.34320E+07
 0.13749998E+02  0.34356E+07
 0.13799999E+02  0.34391E+07
 0.13849998E+02  0.34426E+07
 0.13900000E+02  0.34461E+07
 0.13949999E+02  0.34493E+07
 0.13999998E+02  0.34526E+07
 0.14049999E+02  0.34556E+07
 0.14099998E+02  0.34586E+07
 0.14150000E+02  0.34614E+07
 0.14199999E+02  0.34639E+07
 0.14249998E+02  0.34663E+07
 0.14299999E+02  0.34684E+07
 0.14349998E+02  0.34701E+07
 0.14400000E+02  0.34714E+07
 0.14449999E+02  0.34723E+07
 0.14499998E+02  0.34727E+07
 0.14549999E+02  0.34725E+07
 0.14599998E+02  0.34719E+07
 0.14650000E+02  0.34708E+07
 0.14699999E+02  0.34692E+07
 0.14749998E+02  0.34673E+07
 0.14799999E+02  0.34651E+07
 0.14849998E+02  0.34626E+07
 0.14900000E+02  0.34598E+07
 0.14949999E+02  0.34569E+07
 0.14999998E+02  0.34538E+07
 0.15049999E+02  0.34506E+07
 0.15099998E+02  0.34473E+07
 0.15150000E+02  0.34439E+07
 0.15199999E+02  0.34405E+07
 0.15249998E+02  0.34369E+07
 0.15299999E+02  0.34334E+07
 0.15349998E+02  0.34298E+07
 0.15400000E+02  0.34260E+07
 0.15449999E+02  0.34223E+07
 0.15499998E+02  0.34184E+07
 0.15549999E+02  0.34145E+07
 0.15599998E+02  0.34107E+07
 0.15650000E+02  0.34068E+07
 0.15699999E+02  0.34029E+07
 0.15749998E+02  0.33992E+07
 0.15799999E+02  0.33955E+07
 0.15849998E+02  0.33918E+07
 0.15900000E+02  0.33883E+07
 0.15949999E+02  0.33849E+07
 0.15999998E+02  0.33814E+07
 0.16049999E+02  0.33781E+07
 0.16099998E+02  0.33749E+07
 0.16150000E+02  0.33716E+07
 0.16199999E+02  0.33685E+07
 0.16249998E+02  0.33654E+07
 0.16299999E+02  0.33623E+07
 0.16349998E+02  0.33592E+07
 0.16400000E+02  0.33563E+07
 0.16449999E+02  0.33534E+07
 0.16499998E+02  0.33506E+07
 0.16549999E+02  0.33481E+07
 0.16599998E+02  0.33455E+07
 0.16650000E+02  0.33432E+07
 0.16699999E+02  0.33411E+07
 0.16749998E+02  0.33391E+07
 0.16799999E+02  0.33371E+07
 0.16849998E+02  0.33354E+07
 0.16900000E+02  0.33337E+07
 0.16949999E+02  0.33321E+07
 0.16999998E+02  0.33307E+07
 0.17049999E+02  0.33294E+07
 0.17099998E+02  0.33284E+07
 0.17150000E+02  0.33275E+07
 0.17199999E+02  0.33269E+07
 0.17249998E+02  0.33264E+07
 0.17299999E+02  0.33262E+07
 0.17349998E+02  0.33262E+07
 0.17400000E+02  0.33264E+07
 0.17449999E+02  0.33268E+07
 0.17499998E+02  0.33272E+07
 0.17549999E+02  0.33279E+07
 0.17599998E+02  0.33287E+07
 0.17650000E+02  0.33295E+07
 0.17699999E+02  0.33304E+07
 0.17749998E+02  0.33314E+07
 0.17799999E+02  0.33323E+07
 0.17849998E+02  0.33332E+07
 0.17900000E+02  0.33340E+07
 0.17949999E+02  0.33347E+07
 0.17999998E+02  0.33353E+07
 0.18049999E+02  0.33357E+07
 0.18099998E+02  0.33360E+07
 0.18150000E+02  0.33361E+07
 0.18199999E+02  0.33359E+07
 0.18249998E+02  0.33356E+07
 0.18299999E+02  0.33351E+07
 0.18349998E+02  0.33343E+07
 0.18400000E+02  0.33333E+07
 0.18449999E+02  0.33320E+07
 0.18499998E+02  0.33303E+07
 0.18549999E+02  0.33284E+07
 0.18599998E+02  0.33260E+07
 0.18650000E+02  0.33234E+07
 0.18699999E+02  0.33206E+07
 0.18749998E+02  0.33177E+07
 0.18799999E+02  0.33146E+07
 0.18849998E+02  0.33115E+07
 0.18900000E+02  0.33087E+07
 0.18949999E+02  0.33061E+07
 0.18999998E+02  0.33039E+07
 0.19049999E+02  0.33023E+07
 0.19099998E+02  0.33012E+07
 0.19150000E+02  0.33008E+07
 0.19199999E+02  0.33011E+07
 0.19249998E+02  0.33021E+07
 0.19299999E+02  0.33037E+07
 0.19349998E+02  0.33059E+07
 0.19399998E+02  0.33085E+07
 0.19449999E+02  0.33116E+07
 0.19499998E+02  0.33151E+07
 0.19549999E+02  0.33189E+07
 0.19599998E+02  0.33230E+07
 0.19649998E+02  0.33272E+07
 0.19699999E+02  0.33317E+07
 0.19749998E+02  0.33363E+07
 0.19799999E+02  0.33411E+07
 0.19849998E+02  0.33459E+07
 0.19899998E+02  0.33509E+07
 0.19949999E+02  0.33559E+07
 0.19999998E+02  0.33610E+07
 0.20049999E+02  0.33662E+07
 0.20099998E+02  0.33716E+07
 0.20149998E+02  0.33771E+07
 0.20199999E+02  0.33826E+07
 0.20249998E+02  0.33883E+07
 0.20299999E+02  0.33941E+07
 0.20349998E+02  0.33999E+07
 0.20399998E+02  0.34058E+07
 0.20449999E+02  0.34116E+07
 0.20499998E+02  0.34173E+07
 0.20549999E+02  0.34230E+07
 0.20599998E+02  0.34283E+07
 0.20649998E+02  0.34334E+07
 0.20699999E+02  0.34381E+07
 0.20749998E+02  0.34424E+07
 0.20799999E+02  0.34463E+07
 0.20849998E+02  0.34497E+07
 0.20899998E+02  0.34527E+07
 0.20949999E+02  0.34553E+07
 0.20999998E+02  0.34574E+07
 0.21049999E+02  0.34591E+07
 0.21099998E+02  0.34605E+07
 0.21149998E+02  0.34614E+07
 0.21199999E+02  0.34620E+07
 0.21249998E+02  0.34623E+07
 0.21299999E+02  0.34623E+07
 0.21349998E+02  0.34622E+07
 0.21399998E+02  0.34620E+07
 0.21449999E+02  0.34619E+07
 0.21499998E+02  0.34618E+07
 0.21549999E+02  0.34619E+07
 0.21599998E+02  0.34622E+07
 0.21649998E+02  0.34629E+07
 0.21699999E+02  0.34638E+07
 0.21749998E+02  0.34651E+07
 0.21799999E+02  0.34668E+07
 0.21849998E+02  0.34688E+07
 0.21899998E+02  0.34712E+07
 0.21949999E+02  0.34738E+07
 0.21999998E+02  0.34769E+07
 0.22049999E+02  0.34802E+07
 0.22099998E+02  0.34838E+07
 0.22149998E+02  0.34878E+07
 0.22199999E+02  0.34921E+07
 0.22249998E+02  0.34966E+07
 0.22299999E+02  0.35012E+07
 0.22349998E+02  0.35062E+07
 0.22399998E+02  0.35112E+07
 0.22449999E+02  0.35162E+07
 0.22499998E+02  0.35213E+07
 0.22549999E+02  0.35261E+07
 0.22599998E+02  0.35306E+07
 0.22649998E+02  0.35349E+07
 0.22699999E+02  0.35388E+07
 0.22749998E+02  0.35423E+07
 0.22799999E+02  0.35454E+07
 0.22849998E+02  0.35481E+07
 0.22899998E+02  0.35505E+07
 0.22949999E+02  0.35525E+07
 0.22999998E+02  0.35541E+07
 0.23049999E+02  0.35554E+07
 0.23099998E+02  0.35562E+07
 0.23149998E+02  0.35567E+07
 0.23199999E+02  0.35570E+07
 0.23249998E+02  0.35570E+07
 0.23299999E+02  0.35568E+07
 0.23349998E+02  0.35565E+07
 0.23399998E+02  0.35562E+07
 0.23449999E+02  0.35558E+07
 0.23499998E+02  0.35556E+07
 0.23549999E+02  0.35556E+07
 0.23599998E+02  0.35558E+07
 0.23649998E+02  0.35563E+07
 0.23699999E+02  0.35571E+07
 0.23749998E+02  0.35583E+07
 0.23799999E+02  0.35598E+07
 0.23849998E+02  0.35616E+07
 0.23899998E+02  0.35635E+07
 0.23949999E+02  0.35655E+07
 0.23999998E+02  0.35677E+07
 0.24049999E+02  0.35697E+07
 0.24099998E+02  0.35718E+07
 0.24149998E+02  0.35737E+07
 0.24199999E+02  0.35755E+07
 0.24249998E+02  0.35772E+07
 0.24299999E+02  0.35790E+07
 0.24349998E+02  0.35804E+07
 0.24399998E+02  0.35820E+07
 0.24449999E+02  0.35834E+07
 0.24499998E+02  0.35846E+07
 0.24549999E+02  0.35859E+07
 0.24599998E+02  0.35868E+07
 0.24649998E+02  0.35876E+07
 0.24699999E+02  0.35881E+07
 0.24749998E+02  0.35883E+07
 0.24799999E+02  0.35883E+07
 0.24849998E+02  0.35880E+07
 0.24899998E+02  0.35875E+07
 0.24949999E+02  0.35868E+07
 0.24999998E+02  0.35859E+07
 0.25049999E+02  0.35847E+07
 0.25099998E+02  0.35833E+07
 0.25149998E+02  0.35817E+07
 0.25199999E+02  0.35798E+07
 0.25249998E+02  0.35776E+07
 0.25299999E+02  0.35752E+07
 0.25349998E+02  0.35724E+07
 0.25399998E+02  0.35696E+07
 0.25449999E+02  0.35666E+07
 0.25499998E+02  0.35634E+07
 0.25549999E+02  0.35602E+07
 0.25599998E+02  0.35567E+07
 0.25649998E+02  0.35531E+07
 0.25699999E+02  0.35493E+07
 0.25749998E+02  0.35452E+07
 0.25799999E+02  0.35409E+07
 0.25849998E+02  0.35363E+07
 0.25899998E+02  0.35313E+07
 0.25949999E+02  0.35260E+07
 0.25999998E+02  0.35204E+07
 0.26049997E+02  0.35147E+07
 0.26099998E+02  0.35086E+07
 0.26149998E+02  0.35023E+07
 0.26199999E+02  0.34957E+07
 0.26249998E+02  0.34889E+07
 0.26299997E+02  0.34820E+07
 0.26349998E+02  0.34749E+07
 0.26399998E+02  0.34677E+07
 0.26449999E+02  0.34603E+07
 0.26499998E+02  0.34529E+07
 0.26549997E+02  0.34456E+07
 0.26599998E+02  0.34383E+07
 0.26649998E+02  0.34311E+07
 0.26699999E+02  0.34241E+07
 0.26749998E+02  0.34174E+07
 0.26799997E+02  0.34108E+07
 0.26849998E+02  0.34045E+07
 0.26899998E+02  0.33984E+07
 0.26949999E+02  0.33926E+07
 0.26999998E+02  0.33871E+07
 0.27049997E+02  0.33819E+07
 0.27099998E+02  0.33771E+07
 0.27149998E+02  0.33726E+07
 0.27199999E+02  0.33686E+07
 0.27249998E+02  0.33649E+07
 0.27299997E+02  0.33615E+07
 0.27349998E+02  0.33586E+07
 0.27399998E+02  0.33560E+07
 0.27449999E+02  0.33539E+07
 0.27499998E+02  0.33521E+07
 0.27549997E+02  0.33506E+07
 0.27599998E+02  0.33494E+07
 0.27649998E+02  0.33486E+07
 0.27699999E+02  0.33479E+07
 0.27749998E+02  0.33473E+07
 0.27799997E+02  0.33469E+07
 0.27849998E+02  0.33464E+07
 0.27899998E+02  0.33460E+07
 0.27949999E+02  0.33457E+07
 0.27999998E+02  0.33454E+07
 0.28049997E+02  0.33451E+07
 0.28099998E+02  0.33449E+07
 0.28149998E+02  0.33448E+07
 0.28199999E+02  0.33449E+07
 0.28249998E+02  0.33451E+07
 0.28299997E+02  0.33457E+07
 0.28349998E+02  0.33465E+07
 0.28399998E+02  0.33476E+07
 0.28449999E+02  0.33490E+07
 0.28499998E+02  0.33507E+07
 0.28549997E+02  0.33528E+07
 0.28599998E+02  0.33551E+07
 0.28649998E+02  0.33576E+07
 0.28699999E+02  0.33604E+07
 0.28749998E+02  0.33632E+07
 0.28799997E+02  0.33661E+07
 0.28849998E+02  0.33689E+07
 0.28899998E+02  0.33716E+07
 0.28949999E+02  0.33740E+07
 0.28999998E+02  0.33763E+07
 0.29049999E+02  0.33781E+07
 0.29099998E+02  0.33797E+07
 0.29149998E+02  0.33810E+07
 0.29199997E+02  0.33818E+07
 0.29249996E+02  0.33823E+07
 0.29299999E+02  0.33826E+07
 0.29349998E+02  0.33825E+07
 0.29399998E+02  0.33821E+07
 0.29449997E+02  0.33816E+07
 0.29499996E+02  0.33809E+07
 0.29549999E+02  0.33801E+07
 0.29599998E+02  0.33793E+07
 0.29649998E+02  0.33784E+07
 0.29699997E+02  0.33777E+07
 0.29749996E+02  0.33769E+07
 0.29799999E+02  0.33762E+07
 0.29849998E+02  0.33756E+07
 0.29899998E+02  0.33751E+07
 0.29949997E+02  0.33748E+07
 0.29999996E+02  0.33745E+07
 0.30049999E+02  0.33746E+07
 0.30099998E+02  0.33750E+07
 0.30149998E+02  0.33756E+07
 0.30199997E+02  0.33765E+07
 0.30249996E+02  0.33778E+07
 0.30299999E+02  0.33793E+07
 0.30349998E+02  0.33813E+07
 0.30399998E+02  0.33835E+07
 0.30449997E+02  0.33860E+07
 0.30499996E+02  0.33890E+07
 0.30549999E+02  0.33921E+07
 0.30599998E+02  0.33955E+07
 0.30649998E+02  0.33991E+07
 0.30699997E+02  0.34029E+07
 0.30749996E+02  0.34068E+07
 0.30799999E+02  0.34108E+07
 0.30849998E+02  0.34147E+07
 0.30899998E+02  0.34188E+07
 0.30949997E+02  0.34228E+07
 0.30999996E+02  0.34268E+07
 0.31049999E+02  0.34307E+07
 0.31099998E+02  0.34346E+07
 0.31149998E+02  0.34384E+07
 0.31199997E+02  0.34422E+07
 0.31249996E+02  0.34458E+07
 0.31299999E+02  0.34492E+07
 0.31349998E+02  0.34526E+07
 0.31399998E+02  0.34556E+07
 0.31449997E+02  0.34586E+07
 0.31499996E+02  0.34614E+07
 0.31549999E+02  0.34642E+07
 0.31599998E+02  0.34668E+07
 0.31649998E+02  0.34694E+07
 0.31699997E+02  0.34719E+07
 0.31749996E+02  0.34745E+07
 0.31799999E+02  0.34770E+07
 0.31849998E+02  0.34794E+07
 0.31899998E+02  0.34818E+07
 0.31949997E+02  0.34840E+07
 0.31999996E+02  0.34861E+07
 0.32049999E+02  0.34881E+07
 0.32099998E+02  0.34898E+07
 0.32149998E+02  0.34913E+07
 0.32199997E+02  0.34924E+07
 0.32249996E+02  0.34934E+07
 0.32299999E+02  0.34939E+07
 0.32349998E+02  0.34942E+07
 0.32399998E+02  0.34941E+07
 0.32449997E+02  0.34937E+07
 0.32499996E+02  0.34930E+07
 0.32549999E+02  0.34919E+07
 0.32599998E+02  0.34906E+07
 0.32649998E+02  0.34889E+07
 0.32699997E+02  0.34872E+07
 0.32749996E+02  0.34851E+07
 0.32799999E+02  0.34828E+07
 0.32849998E+02  0.34803E+07
 0.32899998E+02  0.34776E+07
 0.32949997E+02  0.34748E+07
 0.32999996E+02  0.34718E+07
 0.33049999E+02  0.34687E+07
 0.33099998E+02  0.34654E+07
 0.33149998E+02  0.34621E+07
 0.33199997E+02  0.34586E+07
 0.33249996E+02  0.34551E+07
 0.33299999E+02  0.34514E+07
 0.33349998E+02  0.34476E+07
 0.33399998E+02  0.34438E+07
 0.33449997E+02  0.34397E+07
 0.33499996E+02  0.34356E+07
 0.33549999E+02  0.34312E+07
 0.33599998E+02  0.34269E+07
 0.33649998E+02  0.34223E+07
 0.33699997E+02  0.34177E+07
 0.33749996E+02  0.34130E+07
 0.33799999E+02  0.34084E+07
 0.33849998E+02  0.34039E+07
 0.33899998E+02  0.33994E+07
 0.33949997E+02  0.33951E+07
 0.33999996E+02  0.33909E+07
 0.34049999E+02  0.33870E+07
 0.34099998E+02  0.33833E+07
 0.34149998E+02  0.33799E+07
 0.34199997E+02  0.33768E+07
 0.34249996E+02  0.33740E+07
 0.34299999E+02  0.33715E+07
 0.34349998E+02  0.33693E+07
 0.34399998E+02  0.33674E+07
 0.34449997E+02  0.33657E+07
 0.34499996E+02  0.33645E+07
 0.34549999E+02  0.33634E+07
 0.34599998E+02  0.33626E+07
 0.34649998E+02  0.33621E+07
 0.34699997E+02  0.33616E+07
 0.34749996E+02  0.33615E+07
 0.34799999E+02  0.33614E+07
 0.34849998E+02  0.33613E+07
 0.34899998E+02  0.33614E+07
 0.34949997E+02  0.33614E+07
 0.34999996E+02  0.33614E+07
 0.35049999E+02  0.33613E+07
 0.35099998E+02  0.33613E+07
 0.35149998E+02  0.33611E+07
 0.35199997E+02  0.33608E+07
 0.35249996E+02  0.33605E+07
 0.35299999E+02  0.33600E+07
 0.35349998E+02  0.33595E+07
 0.35399998E+02  0.33590E+07
 0.35449997E+02  0.33585E+07
 0.35499996E+02  0.33579E+07
 0.35549999E+02  0.33574E+07
 0.35599998E+02  0.33568E+07
 0.35649998E+02  0.33564E+07
 0.35699997E+02  0.33558E+07
 0.35749996E+02  0.33552E+07
 0.35799999E+02  0.33547E+07
 0.35849998E+02  0.33540E+07
 0.35899998E+02  0.33533E+07
 0.35949997E+02  0.33525E+07
 0.35999996E+02  0.33518E+07
 0.36049999E+02  0.33511E+07
 0.36099998E+02  0.33505E+07
 0.36149998E+02  0.33501E+07
 0.36199997E+02  0.33497E+07
 0.36249996E+02  0.33494E+07
 0.36299999E+02  0.33493E+07
 0.36349998E+02  0.33493E+07
 0.36399998E+02  0.33496E+07
 0.36449997E+02  0.33498E+07
 0.36499996E+02  0.33503E+07
 0.36549999E+02  0.33510E+07
 0.36599998E+02  0.33517E+07
 0.36649998E+02  0.33527E+07
 0.36699997E+02  0.33538E+07
 0.36749996E+02  0.33551E+07
 0.36799999E+02  0.33564E+07
 0.36849998E+02  0.33581E+07
 0.36899998E+02  0.33598E+07
 0.36949997E+02  0.33618E+07
 0.36999996E+02  0.33640E+07
 0.37049999E+02  0.33664E+07
 0.37099998E+02  0.33691E+07
 0.37149998E+02  0.33718E+07
 0.37199997E+02  0.33747E+07
 0.37249996E+02  0.33778E+07
 0.37299999E+02  0.33809E+07
 0.37349998E+02  0.33840E+07
 0.37399998E+02  0.33872E+07
 0.37449997E+02  0.33904E+07
 0.37499996E+02  0.33937E+07
 0.37549999E+02  0.33970E+07
 0.37599998E+02  0.34002E+07
 0.37649998E+02  0.34034E+07
 0.37699997E+02  0.34068E+07
 0.37749996E+02  0.34098E+07
 0.37799999E+02  0.34131E+07
 0.37849998E+02  0.34162E+07
 0.37899998E+02  0.34194E+07
 0.37949997E+02  0.34226E+07
 0.37999996E+02  0.34257E+07
 0.38049999E+02  0.34290E+07
 0.38099998E+02  0.34323E+07
 0.38149998E+02  0.34356E+07
 0.38199997E+02  0.34388E+07
 0.38249996E+02  0.34422E+07
 0.38299999E+02  0.34455E+07
 0.38349998E+02  0.34487E+07
 0.38399998E+02  0.34518E+07
 0.38449997E+02  0.34547E+07
 0.38499996E+02  0.34577E+07
 0.38549999E+02  0.34604E+07
 0.38599998E+02  0.34629E+07
 0.38649998E+02  0.34656E+07
 0.38699997E+02  0.34680E+07
 0.38749996E+02  0.34705E+07
 0.38799999E+02  0.34731E+07
 0.38849998E+02  0.34755E+07
 0.38899998E+02  0.34781E+07
 0.38949997E+02  0.34807E+07
 0.38999996E+02  0.34834E+07
 0.39049999E+02  0.34861E+07
 0.39099998E+02  0.34890E+07
 0.39149998E+02  0.34919E+07
 0.39199997E+02  0.34948E+07
 0.39249996E+02  0.34979E+07
 0.39299999E+02  0.35010E+07
 0.39349998E+02  0.35045E+07
 0.39399998E+02  0.35079E+07
 0.39449997E+02  0.35115E+07
 0.39499996E+02  0.35153E+07
 0.39549999E+02  0.35192E+07
 0.39599998E+02  0.35233E+07
 0.39649998E+02  0.35276E+07
 0.39699997E+02  0.35321E+07
 0.39749996E+02  0.35368E+07
 0.39799999E+02  0.35416E+07
 0.39849998E+02  0.35466E+07
 0.39899998E+02  0.35515E+07
 0.39949997E+02  0.35564E+07
 0.39999996E+02  0.35610E+07
 0.40049999E+02  0.35654E+07
 0.40099998E+02  0.35694E+07
 0.40149998E+02  0.35730E+07
 0.40199997E+02  0.35761E+07
 0.40249996E+02  0.35787E+07
 0.40299999E+02  0.35809E+07
 0.40349998E+02  0.35826E+07
 0.40399998E+02  0.35838E+07
 0.40449997E+02  0.35843E+07
 0.40499996E+02  0.35844E+07
 0.40549999E+02  0.35840E+07
 0.40599998E+02  0.35831E+07
 0.40649998E+02  0.35816E+07
 0.40699997E+02  0.35796E+07
 0.40749996E+02  0.35770E+07
 0.40799999E+02  0.35738E+07
 0.40849998E+02  0.35702E+07
 0.40899998E+02  0.35660E+07
 0.40949997E+02  0.35615E+07
 0.40999996E+02  0.35567E+07
 0.41049999E+02  0.35515E+07
 0.41099998E+02  0.35461E+07
 0.41149998E+02  0.35405E+07
 0.41199997E+02  0.35349E+07
 0.41249996E+02  0.35292E+07
 0.41299999E+02  0.35235E+07
 0.41349998E+02  0.35180E+07
 0.41399998E+02  0.35126E+07
 0.41449997E+02  0.35073E+07
 0.41499996E+02  0.35025E+07
 0.41549999E+02  0.34979E+07
 0.41599998E+02  0.34934E+07
 0.41649998E+02  0.34894E+07
 0.41699997E+02  0.34857E+07
 0.41749996E+02  0.34822E+07
 0.41799995E+02  0.34791E+07
 0.41849998E+02  0.34762E+07
 0.41899998E+02  0.34735E+07
 0.41949997E+02  0.34711E+07
 0.41999996E+02  0.34690E+07
 0.42049995E+02  0.34670E+07
 0.42099998E+02  0.34653E+07
 0.42149998E+02  0.34638E+07
 0.42199997E+02  0.34624E+07
 0.42249996E+02  0.34614E+07
 0.42299995E+02  0.34604E+07
 0.42349998E+02  0.34595E+07
 0.42399998E+02  0.34588E+07
 0.42449997E+02  0.34581E+07
 0.42499996E+02  0.34574E+07
 0.42549995E+02  0.34565E+07
 0.42599998E+02  0.34557E+07
 0.42649998E+02  0.34547E+07
 0.42699997E+02  0.34535E+07
 0.42749996E+02  0.34522E+07
 0.42799995E+02  0.34507E+07
 0.42849998E+02  0.34489E+07
 0.42899998E+02  0.34470E+07
 0.42949997E+02  0.34448E+07
 0.42999996E+02  0.34424E+07
 0.43049995E+02  0.34399E+07
 0.43099998E+02  0.34372E+07
 0.43149998E+02  0.34346E+07
 0.43199997E+02  0.34319E+07
 0.43249996E+02  0.34292E+07
 0.43299995E+02  0.34265E+07
 0.43349998E+02  0.34240E+07
 0.43399998E+02  0.34214E+07
 0.43449997E+02  0.34189E+07
 0.43499996E+02  0.34165E+07
 0.43549995E+02  0.34141E+07
 0.43599998E+02  0.34118E+07
 0.43649998E+02  0.34097E+07
 0.43699997E+02  0.34076E+07
 0.43749996E+02  0.34058E+07
 0.43799995E+02  0.34041E+07
 0.43849998E+02  0.34024E+07
 0.43899998E+02  0.34008E+07
 0.43949997E+02  0.33994E+07
 0.43999996E+02  0.33979E+07
 0.44049995E+02  0.33963E+07
 0.44099998E+02  0.33947E+07
 0.44149998E+02  0.33929E+07
 0.44199997E+02  0.33911E+07
 0.44249996E+02  0.33892E+07
 0.44299995E+02  0.33872E+07
 0.44349998E+02  0.33852E+07
 0.44399998E+02  0.33832E+07
 0.44449997E+02  0.33811E+07
 0.44499996E+02  0.33792E+07
 0.44549995E+02  0.33773E+07
 0.44599998E+02  0.33754E+07
 0.44649998E+02  0.33738E+07
 0.44699997E+02  0.33721E+07
 0.44749996E+02  0.33707E+07
 0.44799995E+02  0.33692E+07
 0.44849998E+02  0.33677E+07
 0.44899998E+02  0.33663E+07
 0.44949997E+02  0.33649E+07
 0.44999996E+02  0.33636E+07
 0.45049995E+02  0.33625E+07
 0.45099998E+02  0.33615E+07
 0.45149998E+02  0.33606E+07
 0.45199997E+02  0.33600E+07
 0.45249996E+02  0.33596E+07
 0.45299995E+02  0.33594E+07
 0.45349998E+02  0.33595E+07
 0.45399998E+02  0.33597E+07
 0.45449997E+02  0.33600E+07
 0.45499996E+02  0.33604E+07
 0.45549995E+02  0.33609E+07
 0.45599998E+02  0.33614E+07
 0.45649998E+02  0.33620E+07
 0.45699997E+02  0.33626E+07
 0.45749996E+02  0.33633E+07
 0.45799995E+02  0.33639E+07
 0.45849998E+02  0.33646E+07
 0.45899998E+02  0.33651E+07
 0.45949997E+02  0.33657E+07
 0.45999996E+02  0.33663E+07
 0.46049995E+02  0.33667E+07
 0.46099998E+02  0.33671E+07
 0.46149998E+02  0.33673E+07
 0.46199997E+02  0.33676E+07
 0.46249996E+02  0.33678E+07
 0.46299995E+02  0.33680E+07
 0.46349998E+02  0.33681E+07
 0.46399998E+02  0.33683E+07
 0.46449997E+02  0.33686E+07
 0.46499996E+02  0.33688E+07
 0.46549995E+02  0.33692E+07
 0.46599998E+02  0.33698E+07
 0.46649998E+02  0.33704E+07
 0.46699997E+02  0.33714E+07
 0.46749996E+02  0.33725E+07
 0.46799995E+02  0.33739E+07
 0.46849998E+02  0.33756E+07
 0.46899998E+02  0.33776E+07
 0.46949997E+02  0.33799E+07
 0.46999996E+02  0.33824E+07
 0.47049995E+02  0.33852E+07
 0.47099998E+02  0.33882E+07
 0.47149998E+02  0.33914E+07
 0.47199997E+02  0.33947E+07
 0.47249996E+02  0.33982E+07
 0.47299995E+02  0.34017E+07
 0.47349998E+02  0.34053E+07
 0.47399998E+02  0.34088E+07
 0.47449997E+02  0.34124E+07
 0.47499996E+02  0.34158E+07
 0.47549995E+02  0.34191E+07
 0.47599998E+02  0.34223E+07
 0.47649998E+02  0.34252E+07
 0.47699997E+02  0.34280E+07
 0.47749996E+02  0.34305E+07
 0.47799995E+02  0.34328E+07
 0.47849998E+02  0.34350E+07
 0.47899998E+02  0.34370E+07
 0.47949997E+02  0.34388E+07
 0.47999996E+02  0.34407E+07
 0.48049995E+02  0.34425E+07
 0.48099998E+02  0.34442E+07
 0.48149998E+02  0.34460E+07
 0.48199997E+02  0.34477E+07
 0.48249996E+02  0.34494E+07
 0.48299995E+02  0.34510E+07
 0.48349998E+02  0.34526E+07
 0.48399998E+02  0.34540E+07
 0.48449997E+02  0.34551E+07
 0.48499996E+02  0.34562E+07
 0.48549995E+02  0.34569E+07
 0.48599998E+02  0.34574E+07
 0.48649998E+02  0.34576E+07
 0.48699997E+02  0.34576E+07
 0.48749996E+02  0.34573E+07
 0.48799995E+02  0.34568E+07
 0.48849998E+02  0.34559E+07
 0.48899998E+02  0.34548E+07
 0.48949997E+02  0.34534E+07
 0.48999996E+02  0.34515E+07
 0.49049995E+02  0.34495E+07
 0.49099998E+02  0.34470E+07
 0.49149998E+02  0.34441E+07
 0.49199997E+02  0.34408E+07
 0.49249996E+02  0.34370E+07
 0.49299995E+02  0.34331E+07
 0.49349998E+02  0.34286E+07
 0.49399998E+02  0.34238E+07
 0.49449997E+02  0.34188E+07
 0.49499996E+02  0.34136E+07
 0.49549995E+02  0.34082E+07
 0.49599998E+02  0.34028E+07
 0.49649998E+02  0.33973E+07
 0.49699997E+02  0.33917E+07
 0.49749996E+02  0.33863E+07
 0.49799995E+02  0.33806E+07
 0.49849998E+02  0.33752E+07
 0.49899998E+02  0.33697E+07
 0.49949997E+02  0.33641E+07
 0.49999996E+02  0.33587E+07
 0.50049995E+02  0.33534E+07
 0.50099998E+02  0.33481E+07
 0.50149998E+02  0.33429E+07
 0.50199997E+02  0.33379E+07
 0.50249996E+02  0.33331E+07
 0.50299995E+02  0.33285E+07
 0.50349998E+02  0.33242E+07
 0.50399998E+02  0.33202E+07
 0.50449997E+02  0.33165E+07
 0.50499996E+02  0.33132E+07
 0.50549995E+02  0.33105E+07
 0.50599998E+02  0.33082E+07
 0.50649998E+02  0.33064E+07
 0.50699997E+02  0.33051E+07
 0.50749996E+02  0.33045E+07
 0.50799995E+02  0.33045E+07
 0.50849998E+02  0.33049E+07
 0.50899998E+02  0.33061E+07
 0.50949997E+02  0.33077E+07
 0.50999996E+02  0.33098E+07
 0.51049995E+02  0.33126E+07
 0.51099998E+02  0.33156E+07
 0.51149998E+02  0.33191E+07
 0.51199997E+02  0.33231E+07
 0.51249996E+02  0.33273E+07
 0.51299995E+02  0.33318E+07
 0.51349998E+02  0.33366E+07
 0.51399998E+02  0.33417E+07
 0.51449997E+02  0.33469E+07
 0.51499996E+02  0.33523E+07
 0.51549995E+02  0.33579E+07
 0.51599998E+02  0.33638E+07
 0.51649998E+02  0.33697E+07
 0.51699997E+02  0.33759E+07
 0.51749996E+02  0.33822E+07
 0.51799995E+02  0.33886E+07
 0.51849998E+02  0.33952E+07
 0.51899998E+02  0.34021E+07
 0.51949997E+02  0.34090E+07
 0.51999996E+02  0.34162E+07
 0.52049995E+02  0.34235E+07
 0.52099998E+02  0.34310E+07
 0.52149998E+02  0.34386E+07
 0.52199997E+02  0.34464E+07
 0.52249996E+02  0.34542E+07
 0.52299995E+02  0.34621E+07
 0.52349998E+02  0.34699E+07
 0.52399998E+02  0.34779E+07
 0.52449997E+02  0.34858E+07
 0.52499996E+02  0.34938E+07
 0.52549995E+02  0.35017E+07
 0.52599998E+02  0.35096E+07
 0.52649998E+02  0.35174E+07
 0.52699997E+02  0.35251E+07
 0.52749996E+02  0.35327E+07
 0.52799995E+02  0.35401E+07
 0.52849998E+02  0.35474E+07
 0.52899998E+02  0.35543E+07
 0.52949997E+02  0.35610E+07
 0.52999996E+02  0.35674E+07
 0.53049995E+02  0.35734E+07
 0.53099998E+02  0.35789E+07
 0.53149998E+02  0.35841E+07
 0.53199997E+02  0.35887E+07
 0.53249996E+02  0.35930E+07
 0.53299995E+02  0.35968E+07
 0.53349998E+02  0.36001E+07
 0.53399998E+02  0.36030E+07
 0.53449997E+02  0.36054E+07
 0.53499996E+02  0.36075E+07
 0.53549995E+02  0.36090E+07
 0.53599998E+02  0.36103E+07
 0.53649998E+02  0.36113E+07
 0.53699997E+02  0.36119E+07
 0.53749996E+02  0.36122E+07
 0.53799995E+02  0.36120E+07
 0.53849998E+02  0.36115E+07
 0.53899998E+02  0.36104E+07
 0.53949997E+02  0.36090E+07
 0.53999996E+02  0.36070E+07
 0.54049995E+02  0.36048E+07
 0.54099998E+02  0.36020E+07
 0.54149998E+02  0.35987E+07
 0.54199997E+02  0.35951E+07
 0.54249996E+02  0.35911E+07
 0.54299995E+02  0.35871E+07
 0.54349998E+02  0.35827E+07
 0.54399998E+02  0.35782E+07
 0.54449997E+02  0.35737E+07
 0.54499996E+02  0.35692E+07
 0.54549995E+02  0.35647E+07
 0.54599998E+02  0.35603E+07
 0.54649998E+02  0.35560E+07
 0.54699997E+02  0.35518E+07
 0.54749996E+02  0.35477E+07
 0.54799995E+02  0.35438E+07
 0.54849995E+02  0.35400E+07
 0.54899998E+02  0.35363E+07
 0.54949997E+02  0.35326E+07
 0.54999996E+02  0.35291E+07
 0.55049995E+02  0.35257E+07
 0.55099995E+02  0.35224E+07
 0.55149998E+02  0.35192E+07
 0.55199997E+02  0.35160E+07
 0.55249996E+02  0.35128E+07
 0.55299995E+02  0.35096E+07
 0.55349995E+02  0.35064E+07
 0.55399998E+02  0.35031E+07
 0.55449997E+02  0.34999E+07
 0.55499996E+02  0.34966E+07
 0.55549995E+02  0.34932E+07
 0.55599995E+02  0.34900E+07
 0.55649998E+02  0.34867E+07
 0.55699997E+02  0.34835E+07
 0.55749996E+02  0.34805E+07
 0.55799995E+02  0.34775E+07
 0.55849995E+02  0.34748E+07
 0.55899998E+02  0.34721E+07
 0.55949997E+02  0.34697E+07
 0.55999996E+02  0.34674E+07
 0.56049995E+02  0.34652E+07
 0.56099995E+02  0.34633E+07
 0.56149998E+02  0.34614E+07
 0.56199997E+02  0.34596E+07
 0.56249996E+02  0.34579E+07
 0.56299995E+02  0.34565E+07
 0.56349995E+02  0.34552E+07
 0.56399998E+02  0.34539E+07
 0.56449997E+02  0.34530E+07
 0.56499996E+02  0.34523E+07
 0.56549995E+02  0.34517E+07
 0.56599995E+02  0.34513E+07
 0.56649998E+02  0.34510E+07
 0.56699997E+02  0.34508E+07
 0.56749996E+02  0.34505E+07
 0.56799995E+02  0.34502E+07
 0.56849995E+02  0.34498E+07
 0.56899998E+02  0.34491E+07
 0.56949997E+02  0.34484E+07
 0.56999996E+02  0.34473E+07
 0.57049995E+02  0.34460E+07
 0.57099995E+02  0.34443E+07
 0.57149998E+02  0.34423E+07
 0.57199997E+02  0.34402E+07
 0.57249996E+02  0.34376E+07
 0.57299995E+02  0.34349E+07
 0.57349995E+02  0.34319E+07
 0.57399998E+02  0.34287E+07
 0.57449997E+02  0.34255E+07
 0.57499996E+02  0.34222E+07
 0.57549995E+02  0.34188E+07
 0.57599995E+02  0.34153E+07
 0.57649998E+02  0.34119E+07
 0.57699997E+02  0.34084E+07
 0.57749996E+02  0.34050E+07
 0.57799995E+02  0.34017E+07
 0.57849995E+02  0.33983E+07
 0.57899998E+02  0.33949E+07
 0.57949997E+02  0.33915E+07
 0.57999996E+02  0.33879E+07
 0.58049995E+02  0.33841E+07
 0.58099995E+02  0.33800E+07
 0.58149998E+02  0.33758E+07
 0.58199997E+02  0.33712E+07
 0.58249996E+02  0.33664E+07
 0.58299995E+02  0.33613E+07
 0.58349995E+02  0.33561E+07
 0.58399998E+02  0.33508E+07
 0.58449997E+02  0.33453E+07
 0.58499996E+02  0.33399E+07
 0.58549995E+02  0.33346E+07
 0.58599995E+02  0.33293E+07
 0.58649998E+02  0.33242E+07
 0.58699997E+02  0.33194E+07
 0.58749996E+02  0.33148E+07
 0.58799995E+02  0.33106E+07
 0.58849995E+02  0.33067E+07
 0.58899998E+02  0.33032E+07
 0.58949997E+02  0.33002E+07
 0.58999996E+02  0.32974E+07
 0.59049995E+02  0.32951E+07
 0.59099995E+02  0.32932E+07
 0.59149998E+02  0.32915E+07
 0.59199997E+02  0.32903E+07
 0.59249996E+02  0.32894E+07
 0.59299995E+02  0.32888E+07
 0.59349995E+02  0.32887E+07
 0.59399998E+02  0.32888E+07
 0.59449997E+02  0.32893E+07
 0.59499996E+02  0.32902E+07
 0.59549995E+02  0.32915E+07
 0.59599995E+02  0.32931E+07
 0.59649998E+02  0.32950E+07
 0.59699997E+02  0.32972E+07
 0.59749996E+02  0.32996E+07
 0.59799995E+02  0.33023E+07
 0.59849995E+02  0.33051E+07
 0.59899998E+02  0.33082E+07
 0.59949997E+02  0.33112E+07
 0.59999996E+02  0.33145E+07
 0.60049995E+02  0.33179E+07
 0.60099995E+02  0.33212E+07
 0.60149998E+02  0.33247E+07
 0.60199997E+02  0.33283E+07
 0.60249996E+02  0.33318E+07
 0.60299995E+02  0.33354E+07
 0.60349995E+02  0.33389E+07
 0.60399998E+02  0.33425E+07
 0.60449997E+02  0.33459E+07
 0.60499996E+02  0.33493E+07
 0.60549995E+02  0.33525E+07
 0.60599995E+02  0.33556E+07
 0.60649998E+02  0.33585E+07
 0.60699997E+02  0.33612E+07
 0.60749996E+02  0.33636E+07
 0.60799995E+02  0.33660E+07
 0.60849995E+02  0.33683E+07
 0.60899998E+02  0.33704E+07
 0.60949997E+02  0.33726E+07
 0.60999996E+02  0.33747E+07
 0.61049995E+02  0.33769E+07
 0.61099998E+02  0.33792E+07
 0.61149994E+02  0.33814E+07
 0.61199997E+02  0.33838E+07
 0.61249992E+02  0.33861E+07
 0.61299995E+02  0.33886E+07
 0.61349998E+02  0.33911E+07
 0.61399994E+02  0.33935E+07
 0.61449997E+02  0.33961E+07
 0.61499992E+02  0.33987E+07
 0.61549995E+02  0.34013E+07
 0.61599998E+02  0.34040E+07
 0.61649994E+02  0.34068E+07
 0.61699997E+02  0.34097E+07
 0.61749992E+02  0.34126E+07
 0.61799995E+02  0.34157E+07
 0.61849998E+02  0.34189E+07
 0.61899994E+02  0.34222E+07
 0.61949997E+02  0.34259E+07
 0.61999992E+02  0.34294E+07
 0.62049995E+02  0.34332E+07
 0.62099998E+02  0.34371E+07
 0.62149994E+02  0.34408E+07
 0.62199997E+02  0.34446E+07
 0.62249992E+02  0.34484E+07
 0.62299995E+02  0.34519E+07
 0.62349998E+02  0.34553E+07
 0.62399994E+02  0.34585E+07
 0.62449997E+02  0.34614E+07
 0.62499992E+02  0.34640E+07
 0.62549995E+02  0.34662E+07
 0.62599998E+02  0.34680E+07
 0.62649994E+02  0.34694E+07
 0.62699997E+02  0.34706E+07
 0.62749992E+02  0.34715E+07
 0.62799995E+02  0.34720E+07
 0.62849998E+02  0.34725E+07
 0.62899994E+02  0.34728E+07
 0.62949997E+02  0.34730E+07
 0.62999992E+02  0.34731E+07
 0.63049995E+02  0.34733E+07
 0.63099998E+02  0.34735E+07
 0.63149994E+02  0.34737E+07
 0.63199997E+02  0.34739E+07
 0.63249992E+02  0.34742E+07
 0.63299995E+02  0.34744E+07
 0.63349998E+02  0.34745E+07
 0.63399994E+02  0.34746E+07
 0.63449997E+02  0.34746E+07
 0.63499992E+02  0.34745E+07
 0.63549995E+02  0.34743E+07
 0.63599998E+02  0.34740E+07
 0.63649994E+02  0.34735E+07
 0.63699997E+02  0.34731E+07
 0.63749992E+02  0.34725E+07
 0.63799995E+02  0.34719E+07
 0.63849998E+02  0.34711E+07
 0.63899994E+02  0.34702E+07
 0.63949997E+02  0.34692E+07
 0.63999992E+02  0.34680E+07
 0.64049995E+02  0.34666E+07
 0.64099998E+02  0.34649E+07
 0.64149994E+02  0.34631E+07
 0.64199997E+02  0.34611E+07
 0.64249992E+02  0.34588E+07
 0.64299995E+02  0.34564E+07
 0.64349998E+02  0.34538E+07
 0.64399994E+02  0.34509E+07
 0.64449997E+02  0.34479E+07
 0.64499992E+02  0.34447E+07
 0.64549995E+02  0.34414E+07
 0.64599998E+02  0.34380E+07
 0.64649994E+02  0.34344E+07
 0.64699997E+02  0.34307E+07
 0.64749992E+02  0.34271E+07
 0.64799995E+02  0.34233E+07
 0.64849998E+02  0.34194E+07
 0.64899994E+02  0.34155E+07
 0.64949997E+02  0.34116E+07
 0.64999992E+02  0.34077E+07
 0.65049995E+02  0.34039E+07
 0.65099998E+02  0.34002E+07
 0.65149994E+02  0.33967E+07
 0.65199997E+02  0.33934E+07
 0.65249992E+02  0.33903E+07
 0.65299995E+02  0.33875E+07
 0.65349998E+02  0.33848E+07
 0.65399994E+02  0.33826E+07
 0.65449997E+02  0.33805E+07
 0.65499992E+02  0.33789E+07
 0.65549995E+02  0.33777E+07
 0.65599998E+02  0.33767E+07
 0.65649994E+02  0.33763E+07
 0.65699997E+02  0.33762E+07
 0.65749992E+02  0.33767E+07
 0.65799995E+02  0.33775E+07
 0.65849998E+02  0.33788E+07
 0.65899994E+02  0.33806E+07
 0.65949997E+02  0.33828E+07
 0.65999992E+02  0.33855E+07
 0.66049995E+02  0.33885E+07
 0.66099998E+02  0.33919E+07
 0.66149994E+02  0.33956E+07
 0.66199997E+02  0.33996E+07
 0.66249992E+02  0.34037E+07
 0.66299995E+02  0.34081E+07
 0.66349998E+02  0.34126E+07
 0.66399994E+02  0.34172E+07
 0.66449997E+02  0.34219E+07
 0.66499992E+02  0.34266E+07
 0.66549995E+02  0.34314E+07
 0.66599998E+02  0.34362E+07
 0.66649994E+02  0.34411E+07
 0.66699997E+02  0.34458E+07
 0.66749992E+02  0.34505E+07
 0.66799995E+02  0.34552E+07
 0.66849998E+02  0.34598E+07
 0.66899994E+02  0.34643E+07
 0.66949997E+02  0.34688E+07
 0.66999992E+02  0.34732E+07
 0.67049995E+02  0.34774E+07
 0.67099998E+02  0.34817E+07
 0.67149994E+02  0.34859E+07
 0.67199997E+02  0.34900E+07
 0.67249992E+02  0.34940E+07
 0.67299995E+02  0.34978E+07
 0.67349998E+02  0.35015E+07
 0.67399994E+02  0.35050E+07
 0.67449997E+02  0.35081E+07
 0.67499992E+02  0.35109E+07
 0.67549995E+02  0.35134E+07
 0.67599998E+02  0.35154E+07
 0.67649994E+02  0.35170E+07
 0.67699997E+02  0.35182E+07
 0.67749992E+02  0.35188E+07
 0.67799995E+02  0.35192E+07
 0.67849998E+02  0.35192E+07
 0.67899994E+02  0.35188E+07
 0.67949997E+02  0.35181E+07
 0.67999992E+02  0.35171E+07
 0.68049995E+02  0.35158E+07
 0.68099998E+02  0.35143E+07
 0.68149994E+02  0.35126E+07
 0.68199997E+02  0.35106E+07
 0.68249992E+02  0.35084E+07
 0.68299995E+02  0.35060E+07
 0.68349998E+02  0.35034E+07
 0.68399994E+02  0.35004E+07
 0.68449997E+02  0.34973E+07
 0.68499992E+02  0.34939E+07
 0.68549995E+02  0.34902E+07
 0.68599998E+02  0.34863E+07
 0.68649994E+02  0.34823E+07
 0.68699997E+02  0.34781E+07
 0.68749992E+02  0.34738E+07
 0.68799995E+02  0.34694E+07
 0.68849998E+02  0.34650E+07
 0.68899994E+02  0.34606E+07
 0.68949997E+02  0.34561E+07
 0.68999992E+02  0.34517E+07
 0.69049995E+02  0.34473E+07
 0.69099998E+02  0.34430E+07
 0.69149994E+02  0.34387E+07
 0.69199997E+02  0.34346E+07
 0.69249992E+02  0.34306E+07
 0.69299995E+02  0.34265E+07
 0.69349998E+02  0.34226E+07
 0.69399994E+02  0.34186E+07
 0.69449997E+02  0.34147E+07
 0.69499992E+02  0.34107E+07
 0.69549995E+02  0.34067E+07
 0.69599998E+02  0.34025E+07
 0.69649994E+02  0.33984E+07
 0.69699997E+02  0.33942E+07
 0.69749992E+02  0.33898E+07
 0.69799995E+02  0.33855E+07
 0.69849998E+02  0.33811E+07
 0.69899994E+02  0.33768E+07
 0.69949997E+02  0.33725E+07
 0.69999992E+02  0.33682E+07
 0.70049995E+02  0.33640E+07
 0.70099998E+02  0.33598E+07
 0.70149994E+02  0.33559E+07
 0.70199997E+02  0.33521E+07
 0.70249992E+02  0.33484E+07
 0.70299995E+02  0.33450E+07
 0.70349998E+02  0.33418E+07
 0.70399994E+02  0.33388E+07
 0.70449997E+02  0.33360E+07
 0.70499992E+02  0.33334E+07
 0.70549995E+02  0.33310E+07
 0.70599998E+02  0.33287E+07
 0.70649994E+02  0.33266E+07
 0.70699997E+02  0.33246E+07
 0.70749992E+02  0.33225E+07
 0.70799995E+02  0.33206E+07
 0.70849998E+02  0.33187E+07
 0.70899994E+02  0.33169E+07
 0.70949997E+02  0.33153E+07
 0.70999992E+02  0.33137E+07
 0.71049995E+02  0.33124E+07
 0.71099998E+02  0.33112E+07
 0.71149994E+02  0.33102E+07
 0.71199997E+02  0.33094E+07
 0.71249992E+02  0.33088E+07
 0.71299995E+02  0.33086E+07
 0.71349998E+02  0.33085E+07
 0.71399994E+02  0.33089E+07
 0.71449997E+02  0.33096E+07
 0.71499992E+02  0.33107E+07
 0.71549995E+02  0.33123E+07
 0.71599998E+02  0.33142E+07
 0.71649994E+02  0.33167E+07
 0.71699997E+02  0.33193E+07
 0.71749992E+02  0.33225E+07
 0.71799995E+02  0.33261E+07
 0.71849998E+02  0.33301E+07
 0.71899994E+02  0.33344E+07
 0.71949997E+02  0.33391E+07
 0.71999992E+02  0.33441E+07
 0.72049995E+02  0.33492E+07
 0.72099998E+02  0.33548E+07
 0.72149994E+02  0.33604E+07
 0.72199997E+02  0.33662E+07
 0.72249992E+02  0.33720E+07
 0.72299995E+02  0.33780E+07
 0.72349998E+02  0.33841E+07
 0.72399994E+02  0.33902E+07
 0.72449997E+02  0.33963E+07
 0.72499992E+02  0.34024E+07
 0.72549995E+02  0.34086E+07
 0.72599998E+02  0.34147E+07
 0.72649994E+02  0.34208E+07
 0.72699997E+02  0.34268E+07
 0.72749992E+02  0.34327E+07
 0.72799995E+02  0.34385E+07
 0.72849998E+02  0.34441E+07
 0.72899994E+02  0.34495E+07
 0.72949997E+02  0.34547E+07
 0.72999992E+02  0.34598E+07
 0.73049995E+02  0.34646E+07
 0.73099998E+02  0.34691E+07
 0.73149994E+02  0.34735E+07
 0.73199997E+02  0.34775E+07
 0.73249992E+02  0.34812E+07
 0.73299995E+02  0.34846E+07
 0.73349998E+02  0.34877E+07
 0.73399994E+02  0.34904E+07
 0.73449997E+02  0.34927E+07
 0.73499992E+02  0.34947E+07
 0.73549995E+02  0.34962E+07
 0.73599998E+02  0.34974E+07
 0.73649994E+02  0.34982E+07
 0.73699997E+02  0.34986E+07
 0.73749992E+02  0.34987E+07
 0.73799995E+02  0.34984E+07
 0.73849998E+02  0.34980E+07
 0.73899994E+02  0.34971E+07
 0.73949997E+02  0.34962E+07
 0.73999992E+02  0.34949E+07
 0.74049995E+02  0.34934E+07
 0.74099998E+02  0.34918E+07
 0.74149994E+02  0.34899E+07
 0.74199997E+02  0.34880E+07
 0.74249992E+02  0.34858E+07
 0.74299995E+02  0.34836E+07
 0.74349998E+02  0.34813E+07
 0.74399994E+02  0.34788E+07
 0.74449997E+02  0.34763E+07
 0.74499992E+02  0.34737E+07
 0.74549995E+02  0.34710E+07
 0.74599998E+02  0.34684E+07
 0.74649994E+02  0.34656E+07
 0.74699997E+02  0.34629E+07
 0.74749992E+02  0.34604E+07
 0.74799995E+02  0.34577E+07
 0.74849998E+02  0.34553E+07
 0.74899994E+02  0.34529E+07
 0.74949997E+02  0.34507E+07
 0.74999992E+02  0.34485E+07
 0.75049995E+02  0.34466E+07
 0.75099998E+02  0.34448E+07
 0.75149994E+02  0.34431E+07
 0.75199997E+02  0.34415E+07
 0.75249992E+02  0.34400E+07
 0.75299995E+02  0.34387E+07
 0.75349998E+02  0.34375E+07
 0.75399994E+02  0.34365E+07
 0.75449997E+02  0.34355E+07
 0.75499992E+02  0.34347E+07
 0.75549995E+02  0.34342E+07
 0.75599998E+02  0.34338E+07
 0.75649994E+02  0.34335E+07
 0.75699997E+02  0.34336E+07
 0.75749992E+02  0.34337E+07
 0.75799995E+02  0.34341E+07
 0.75849998E+02  0.34349E+07
 0.75899994E+02  0.34358E+07
 0.75949997E+02  0.34370E+07
 0.75999992E+02  0.34384E+07
 0.76049995E+02  0.34402E+07
 0.76099998E+02  0.34421E+07
 0.76149994E+02  0.34444E+07
 0.76199997E+02  0.34469E+07
 0.76249992E+02  0.34495E+07
 0.76299995E+02  0.34525E+07
 0.76349998E+02  0.34557E+07
 0.76399994E+02  0.34591E+07
 0.76449997E+02  0.34627E+07
 0.76499992E+02  0.34667E+07
 0.76549995E+02  0.34707E+07
 0.76599998E+02  0.34751E+07
 0.76649994E+02  0.34796E+07
 0.76699997E+02  0.34841E+07
 0.76749992E+02  0.34890E+07
 0.76799995E+02  0.34937E+07
 0.76849998E+02  0.34986E+07
 0.76899994E+02  0.35033E+07
 0.76949997E+02  0.35079E+07
 0.76999992E+02  0.35123E+07
 0.77049995E+02  0.35166E+07
 0.77099998E+02  0.35208E+07
 0.77149994E+02  0.35246E+07
 0.77199997E+02  0.35284E+07
 0.77249992E+02  0.35318E+07
 0.77299995E+02  0.35352E+07
 0.77349998E+02  0.35384E+07
 0.77399994E+02  0.35415E+07
 0.77449997E+02  0.35444E+07
 0.77499992E+02  0.35472E+07
 0.77549995E+02  0.35500E+07
 0.77599998E+02  0.35524E+07
 0.77649994E+02  0.35550E+07
 0.77699997E+02  0.35573E+07
 0.77749992E+02  0.35596E+07
 0.77799995E+02  0.35618E+07
 0.77849998E+02  0.35639E+07
 0.77899994E+02  0.35660E+07
 0.77949997E+02  0.35679E+07
 0.77999992E+02  0.35698E+07
 0.78049995E+02  0.35713E+07
 0.78099998E+02  0.35726E+07
 0.78149994E+02  0.35738E+07
 0.78199997E+02  0.35745E+07
 0.78249992E+02  0.35750E+07
 0.78299995E+02  0.35751E+07
 0.78349998E+02  0.35751E+07
 0.78399994E+02  0.35746E+07
 0.78449997E+02  0.35740E+07
 0.78499992E+02  0.35731E+07
 0.78549995E+02  0.35719E+07
 0.78599998E+02  0.35706E+07
 0.78649994E+02  0.35691E+07
 0.78699997E+02  0.35674E+07
 0.78749992E+02  0.35654E+07
 0.78799995E+02  0.35633E+07
 0.78849998E+02  0.35610E+07
 0.78899994E+02  0.35585E+07
 0.78949997E+02  0.35559E+07
 0.78999992E+02  0.35532E+07
 0.79049995E+02  0.35503E+07
 0.79099998E+02  0.35471E+07
 0.79149994E+02  0.35440E+07
 0.79199997E+02  0.35407E+07
 0.79249992E+02  0.35371E+07
 0.79299995E+02  0.35337E+07
 0.79349998E+02  0.35300E+07
 0.79399994E+02  0.35263E+07
 0.79449997E+02  0.35226E+07
 0.79499992E+02  0.35187E+07
 0.79549995E+02  0.35148E+07
 0.79599998E+02  0.35110E+07
 0.79649994E+02  0.35072E+07
 0.79699997E+02  0.35032E+07
 0.79749992E+02  0.34993E+07
 0.79799995E+02  0.34954E+07
 0.79849998E+02  0.34914E+07
 0.79899994E+02  0.34875E+07
 0.79949997E+02  0.34835E+07
 0.79999992E+02  0.34794E+07
 0.80049995E+02  0.34752E+07
 0.80099998E+02  0.34709E+07
 0.80149994E+02  0.34664E+07
 0.80199997E+02  0.34620E+07
 0.80249992E+02  0.34572E+07
 0.80299995E+02  0.34524E+07
 0.80349998E+02  0.34475E+07
 0.80399994E+02  0.34424E+07
 0.80449997E+02  0.34374E+07
 0.80499992E+02  0.34321E+07
 0.80549995E+02  0.34269E+07
 0.80599998E+02  0.34216E+07
 0.80649994E+02  0.34162E+07
 0.80699997E+02  0.34107E+07
 0.80749992E+02  0.34050E+07
 0.80799995E+02  0.33993E+07
 0.80849998E+02  0.33935E+07
 0.80899994E+02  0.33875E+07
 0.80949997E+02  0.33816E+07
 0.80999992E+02  0.33755E+07
 0.81049995E+02  0.33693E+07
 0.81099998E+02  0.33631E+07
 0.81149994E+02  0.33567E+07
 0.81199997E+02  0.33503E+07
 0.81249992E+02  0.33439E+07
 0.81299995E+02  0.33376E+07
 0.81349998E+02  0.33314E+07
 0.81399994E+02  0.33252E+07
 0.81449997E+02  0.33194E+07
 0.81499992E+02  0.33137E+07
 0.81549995E+02  0.33084E+07
 0.81599998E+02  0.33033E+07
 0.81649994E+02  0.32985E+07
 0.81699997E+02  0.32941E+07
 0.81749992E+02  0.32901E+07
 0.81799995E+02  0.32864E+07
 0.81849998E+02  0.32831E+07
 0.81899994E+02  0.32801E+07
 0.81949997E+02  0.32775E+07
 0.81999992E+02  0.32754E+07
 0.82049995E+02  0.32737E+07
 0.82099998E+02  0.32723E+07
 0.82149994E+02  0.32715E+07
 0.82199997E+02  0.32710E+07
 0.82249992E+02  0.32709E+07
 0.82299995E+02  0.32715E+07
 0.82349998E+02  0.32723E+07
 0.82399994E+02  0.32735E+07
 0.82449997E+02  0.32751E+07
 0.82499992E+02  0.32769E+07
 0.82549995E+02  0.32791E+07
 0.82599998E+02  0.32814E+07
 0.82649994E+02  0.32840E+07
 0.82699997E+02  0.32870E+07
 0.82749992E+02  0.32900E+07
 0.82799995E+02  0.32933E+07
 0.82849998E+02  0.32967E+07
 0.82899994E+02  0.33003E+07
 0.82949997E+02  0.33041E+07
 0.82999992E+02  0.33076E+07
 0.83049995E+02  0.33113E+07
 0.83099998E+02  0.33148E+07
 0.83149994E+02  0.33181E+07
 0.83199997E+02  0.33214E+07
 0.83249992E+02  0.33243E+07
 0.83299995E+02  0.33271E+07
 0.83349998E+02  0.33297E+07
 0.83399994E+02  0.33321E+07
 0.83449997E+02  0.33344E+07
 0.83499992E+02  0.33365E+07
 0.83549995E+02  0.33385E+07
 0.83599998E+02  0.33404E+07
 0.83649994E+02  0.33422E+07
 0.83699997E+02  0.33439E+07
 0.83749992E+02  0.33455E+07
 0.83799995E+02  0.33469E+07
 0.83849998E+02  0.33485E+07
 0.83899994E+02  0.33497E+07
 0.83949997E+02  0.33510E+07
 0.83999992E+02  0.33522E+07
 0.84049995E+02  0.33533E+07
 0.84099998E+02  0.33544E+07
 0.84149994E+02  0.33555E+07
 0.84199997E+02  0.33566E+07
 0.84249992E+02  0.33578E+07
 0.84299995E+02  0.33590E+07
 0.84349998E+02  0.33604E+07
 0.84399994E+02  0.33619E+07
 0.84449997E+02  0.33636E+07
 0.84499992E+02  0.33655E+07
 0.84549995E+02  0.33674E+07
 0.84599998E+02  0.33695E+07
 0.84649994E+02  0.33717E+07
 0.84699997E+02  0.33740E+07
 0.84749992E+02  0.33763E+07
 0.84799995E+02  0.33787E+07
 0.84849998E+02  0.33812E+07
 0.84899994E+02  0.33838E+07
 0.84949997E+02  0.33866E+07
 0.84999992E+02  0.33895E+07
 0.85049995E+02  0.33927E+07
 0.85099998E+02  0.33961E+07
 0.85149994E+02  0.33998E+07
 0.85199997E+02  0.34038E+07
 0.85249992E+02  0.34080E+07
 0.85299995E+02  0.34125E+07
 0.85349998E+02  0.34174E+07
 0.85399994E+02  0.34224E+07
 0.85449997E+02  0.34277E+07
 0.85499992E+02  0.34333E+07
 0.85549995E+02  0.34391E+07
 0.85599998E+02  0.34448E+07
 0.85649994E+02  0.34509E+07
 0.85699997E+02  0.34569E+07
 0.85749992E+02  0.34630E+07
 0.85799995E+02  0.34691E+07
 0.85849998E+02  0.34752E+07
 0.85899994E+02  0.34814E+07
 0.85949997E+02  0.34876E+07
 0.85999992E+02  0.34936E+07
 0.86049995E+02  0.34997E+07
 0.86099998E+02  0.35058E+07
 0.86149994E+02  0.35117E+07
 0.86199997E+02  0.35177E+07
 0.86249992E+02  0.35235E+07
 0.86299995E+02  0.35293E+07
 0.86349998E+02  0.35349E+07
 0.86399994E+02  0.35404E+07
 0.86449997E+02  0.35458E+07
 0.86499992E+02  0.35509E+07
 0.86549995E+02  0.35561E+07
 0.86599991E+02  0.35608E+07
 0.86649994E+02  0.35653E+07
 0.86699997E+02  0.35697E+07
 0.86749992E+02  0.35738E+07
 0.86799995E+02  0.35777E+07
 0.86849991E+02  0.35814E+07
 0.86899994E+02  0.35850E+07
 0.86949997E+02  0.35884E+07
 0.86999992E+02  0.35918E+07
 0.87049995E+02  0.35951E+07
 0.87099991E+02  0.35984E+07
 0.87149994E+02  0.36015E+07
 0.87199997E+02  0.36045E+07
 0.87249992E+02  0.36074E+07
 0.87299995E+02  0.36102E+07
 0.87349991E+02  0.36127E+07
 0.87399994E+02  0.36148E+07
 0.87449997E+02  0.36167E+07
 0.87499992E+02  0.36181E+07
 0.87549995E+02  0.36193E+07
 0.87599991E+02  0.36199E+07
 0.87649994E+02  0.36203E+07
 0.87699997E+02  0.36203E+07
 0.87749992E+02  0.36198E+07
 0.87799995E+02  0.36191E+07
 0.87849991E+02  0.36180E+07
 0.87899994E+02  0.36165E+07
 0.87949997E+02  0.36148E+07
 0.87999992E+02  0.36126E+07
 0.88049995E+02  0.36101E+07
 0.88099991E+02  0.36073E+07
 0.88149994E+02  0.36043E+07
 0.88199997E+02  0.36010E+07
 0.88249992E+02  0.35973E+07
 0.88299995E+02  0.35932E+07
 0.88349991E+02  0.35888E+07
 0.88399994E+02  0.35842E+07
 0.88449997E+02  0.35791E+07
 0.88499992E+02  0.35737E+07
 0.88549995E+02  0.35680E+07
 0.88599991E+02  0.35622E+07
 0.88649994E+02  0.35561E+07
 0.88699997E+02  0.35497E+07
 0.88749992E+02  0.35433E+07
 0.88799995E+02  0.35367E+07
 0.88849991E+02  0.35298E+07
 0.88899994E+02  0.35229E+07
 0.88949997E+02  0.35157E+07
 0.88999992E+02  0.35083E+07
 0.89049995E+02  0.35008E+07
 0.89099991E+02  0.34931E+07
 0.89149994E+02  0.34852E+07
 0.89199997E+02  0.34772E+07
 0.89249992E+02  0.34689E+07
 0.89299995E+02  0.34605E+07
 0.89349991E+02  0.34520E+07
 0.89399994E+02  0.34434E+07
 0.89449997E+02  0.34346E+07
 0.89499992E+02  0.34260E+07
 0.89549995E+02  0.34173E+07
 0.89599991E+02  0.34086E+07
 0.89649994E+02  0.34001E+07
 0.89699997E+02  0.33918E+07
 0.89749992E+02  0.33836E+07
 0.89799995E+02  0.33756E+07
 0.89849991E+02  0.33679E+07
 0.89899994E+02  0.33605E+07
 0.89949997E+02  0.33533E+07
 0.89999992E+02  0.33465E+07
 0.90049995E+02  0.33400E+07
 0.90099991E+02  0.33338E+07
 0.90149994E+02  0.33280E+07
 0.90199997E+02  0.33227E+07
 0.90249992E+02  0.33177E+07
 0.90299995E+02  0.33130E+07
 0.90349991E+02  0.33087E+07
 0.90399994E+02  0.33048E+07
 0.90449997E+02  0.33012E+07
 0.90499992E+02  0.32978E+07
 0.90549995E+02  0.32948E+07
 0.90599991E+02  0.32920E+07
 0.90649994E+02  0.32894E+07
 0.90699997E+02  0.32872E+07
 0.90749992E+02  0.32852E+07
 0.90799995E+02  0.32835E+07
 0.90849991E+02  0.32821E+07
 0.90899994E+02  0.32810E+07
 0.90949997E+02  0.32801E+07
 0.90999992E+02  0.32795E+07
 0.91049995E+02  0.32792E+07
 0.91099991E+02  0.32791E+07
 0.91149994E+02  0.32793E+07
 0.91199997E+02  0.32796E+07
 0.91249992E+02  0.32803E+07
 0.91299995E+02  0.32811E+07
 0.91349991E+02  0.32821E+07
 0.91399994E+02  0.32833E+07
 0.91449997E+02  0.32846E+07
 0.91499992E+02  0.32861E+07
 0.91549995E+02  0.32876E+07
 0.91599991E+02  0.32892E+07
 0.91649994E+02  0.32909E+07
 0.91699997E+02  0.32928E+07
 0.91749992E+02  0.32947E+07
 0.91799995E+02  0.32969E+07
 0.91849991E+02  0.32992E+07
 0.91899994E+02  0.33017E+07
 0.91949997E+02  0.33044E+07
 0.91999992E+02  0.33073E+07
 0.92049995E+02  0.33104E+07
 0.92099991E+02  0.33136E+07
 0.92149994E+02  0.33170E+07
 0.92199997E+02  0.33205E+07
 0.92249992E+02  0.33242E+07
 0.92299995E+02  0.33279E+07
 0.92349991E+02  0.33318E+07
 0.92399994E+02  0.33358E+07
 0.92449997E+02  0.33398E+07
 0.92499992E+02  0.33439E+07
 0.92549995E+02  0.33479E+07
 0.92599991E+02  0.33520E+07
 0.92649994E+02  0.33561E+07
 0.92699997E+02  0.33601E+07
 0.92749992E+02  0.33640E+07
 0.92799995E+02  0.33678E+07
 0.92849991E+02  0.33715E+07
 0.92899994E+02  0.33751E+07
 0.92949997E+02  0.33787E+07
 0.92999992E+02  0.33820E+07
 0.93049995E+02  0.33853E+07
 0.93099991E+02  0.33883E+07
 0.93149994E+02  0.33912E+07
 0.93199997E+02  0.33939E+07
 0.93249992E+02  0.33964E+07
 0.93299995E+02  0.33986E+07
 0.93349991E+02  0.34006E+07
 0.93399994E+02  0.34024E+07
 0.93449997E+02  0.34038E+07
 0.93499992E+02  0.34050E+07
 0.93549995E+02  0.34061E+07
 0.93599991E+02  0.34069E+07
 0.93649994E+02  0.34075E+07
 0.93699997E+02  0.34079E+07
 0.93749992E+02  0.34081E+07
 0.93799995E+02  0.34082E+07
 0.93849991E+02  0.34082E+07
 0.93899994E+02  0.34079E+07
 0.93949997E+02  0.34075E+07
 0.93999992E+02  0.34068E+07
 0.94049995E+02  0.34060E+07
 0.94099991E+02  0.34050E+07
 0.94149994E+02  0.34038E+07
 0.94199997E+02  0.34024E+07
 0.94249992E+02  0.34009E+07
 0.94299995E+02  0.33993E+07
 0.94349991E+02  0.33975E+07
 0.94399994E+02  0.33957E+07
 0.94449997E+02  0.33938E+07
 0.94499992E+02  0.33920E+07
 0.94549995E+02  0.33902E+07
 0.94599991E+02  0.33884E+07
 0.94649994E+02  0.33867E+07
 0.94699997E+02  0.33852E+07
 0.94749992E+02  0.33837E+07
 0.94799995E+02  0.33825E+07
 0.94849991E+02  0.33814E+07
 0.94899994E+02  0.33806E+07
 0.94949997E+02  0.33800E+07
 0.94999992E+02  0.33796E+07
 0.95049995E+02  0.33796E+07
 0.95099991E+02  0.33798E+07
 0.95149994E+02  0.33802E+07
 0.95199997E+02  0.33810E+07
 0.95249992E+02  0.33819E+07
 0.95299995E+02  0.33831E+07
 0.95349991E+02  0.33844E+07
 0.95399994E+02  0.33860E+07
 0.95449997E+02  0.33877E+07
 0.95499992E+02  0.33897E+07
 0.95549995E+02  0.33918E+07
 0.95599991E+02  0.33940E+07
 0.95649994E+02  0.33963E+07
 0.95699997E+02  0.33987E+07
 0.95749992E+02  0.34013E+07
 0.95799995E+02  0.34038E+07
 0.95849991E+02  0.34064E+07
 0.95899994E+02  0.34090E+07
 0.95949997E+02  0.34115E+07
 0.95999992E+02  0.34140E+07
 0.96049995E+02  0.34163E+07
 0.96099991E+02  0.34185E+07
 0.96149994E+02  0.34206E+07
 0.96199997E+02  0.34225E+07
 0.96249992E+02  0.34242E+07
 0.96299995E+02  0.34258E+07
 0.96349991E+02  0.34273E+07
 0.96399994E+02  0.34285E+07
 0.96449997E+02  0.34297E+07
 0.96499992E+02  0.34309E+07
 0.96549995E+02  0.34321E+07
 0.96599991E+02  0.34332E+07
 0.96649994E+02  0.34344E+07
 0.96699997E+02  0.34355E+07
 0.96749992E+02  0.34368E+07
 0.96799995E+02  0.34381E+07
 0.96849991E+02  0.34395E+07
 0.96899994E+02  0.34408E+07
 0.96949997E+02  0.34423E+07
 0.96999992E+02  0.34439E+07
 0.97049995E+02  0.34454E+07
 0.97099991E+02  0.34471E+07
 0.97149994E+02  0.34489E+07
 0.97199997E+02  0.34507E+07
 0.97249992E+02  0.34527E+07
 0.97299995E+02  0.34548E+07
 0.97349991E+02  0.34570E+07
 0.97399994E+02  0.34594E+07
 0.97449997E+02  0.34618E+07
 0.97499992E+02  0.34645E+07
 0.97549995E+02  0.34671E+07
 0.97599991E+02  0.34699E+07
 0.97649994E+02  0.34727E+07
 0.97699997E+02  0.34755E+07
 0.97749992E+02  0.34783E+07
 0.97799995E+02  0.34810E+07
 0.97849991E+02  0.34835E+07
 0.97899994E+02  0.34860E+07
 0.97949997E+02  0.34883E+07
 0.97999992E+02  0.34904E+07
 0.98049995E+02  0.34924E+07
 0.98099991E+02  0.34942E+07
 0.98149994E+02  0.34958E+07
 0.98199997E+02  0.34971E+07
 0.98249992E+02  0.34984E+07
 0.98299995E+02  0.34993E+07
 0.98349991E+02  0.35002E+07
 0.98399994E+02  0.35007E+07
 0.98449997E+02  0.35011E+07
 0.98499992E+02  0.35014E+07
 0.98549995E+02  0.35015E+07
 0.98599991E+02  0.35015E+07
 0.98649994E+02  0.35014E+07
 0.98699997E+02  0.35012E+07
 0.98749992E+02  0.35009E+07
 0.98799995E+02  0.35005E+07
 0.98849991E+02  0.35002E+07
 0.98899994E+02  0.34996E+07
 0.98949997E+02  0.34989E+07
 0.98999992E+02  0.34980E+07
 0.99049995E+02  0.34970E+07
 0.99099991E+02  0.34959E+07
 0.99149994E+02  0.34944E+07
 0.99199997E+02  0.34929E+07
 0.99249992E+02  0.34912E+07
 0.99299995E+02  0.34891E+07
 0.99349991E+02  0.34870E+07
 0.99399994E+02  0.34846E+07
 0.99449997E+02  0.34820E+07
 0.99499992E+02  0.34791E+07
 0.99549995E+02  0.34761E+07
 0.99599991E+02  0.34730E+07
 0.99649994E+02  0.34697E+07
 0.99699997E+02  0.34663E+07
 0.99749992E+02  0.34628E+07
 0.99799995E+02  0.34593E+07
 0.99849991E+02  0.34556E+07
 0.99899994E+02  0.34521E+07
 0.99949997E+02  0.34486E+07
 0.99999992E+02  0.34451E+07
 0.10005000E+03  0.34418E+07
 0.10009999E+03  0.34386E+07
 0.10014999E+03  0.34355E+07
 0.10020000E+03  0.34325E+07
 0.10024999E+03  0.34296E+07
 0.10030000E+03  0.34268E+07
 0.10034999E+03  0.34243E+07
 0.10039999E+03  0.34218E+07
 0.10045000E+03  0.34194E+07
 0.10049999E+03  0.34173E+07
 0.10055000E+03  0.34152E+07
 0.10059999E+03  0.34134E+07
 0.10064999E+03  0.34115E+07
 0.10070000E+03  0.34099E+07
 0.10074999E+03  0.34084E+07
 0.10080000E+03  0.34071E+07
 0.10084999E+03  0.34060E+07
 0.10089999E+03  0.34050E+07
 0.10095000E+03  0.34045E+07
 0.10099999E+03  0.34040E+07
 0.10105000E+03  0.34038E+07
 0.10109999E+03  0.34040E+07
 0.10114999E+03  0.34043E+07
 0.10120000E+03  0.34049E+07
 0.10124999E+03  0.34057E+07
 0.10130000E+03  0.34068E+07
 0.10134999E+03  0.34079E+07
 0.10139999E+03  0.34093E+07
 0.10145000E+03  0.34109E+07
 0.10149999E+03  0.34125E+07
 0.10155000E+03  0.34144E+07
 0.10159999E+03  0.34163E+07
 0.10164999E+03  0.34184E+07
 0.10170000E+03  0.34207E+07
 0.10174999E+03  0.34230E+07
 0.10180000E+03  0.34254E+07
 0.10184999E+03  0.34279E+07
 0.10189999E+03  0.34304E+07
 0.10195000E+03  0.34329E+07
 0.10199999E+03  0.34354E+07
 0.10205000E+03  0.34378E+07
 0.10209999E+03  0.34402E+07
 0.10214999E+03  0.34425E+07
 0.10220000E+03  0.34449E+07
 0.10224999E+03  0.34472E+07
 0.10230000E+03  0.34494E+07
 0.10234999E+03  0.34517E+07
 0.10239999E+03  0.34538E+07
 0.10245000E+03  0.34561E+07
 0.10249999E+03  0.34582E+07
 0.10255000E+03  0.34604E+07
 0.10259999E+03  0.34626E+07
 0.10264999E+03  0.34648E+07
 0.10270000E+03  0.34670E+07
 0.10274999E+03  0.34692E+07
 0.10280000E+03  0.34713E+07
 0.10284999E+03  0.34735E+07
 0.10289999E+03  0.34755E+07
 0.10295000E+03  0.34775E+07
 0.10299999E+03  0.34795E+07
 0.10305000E+03  0.34813E+07
 0.10309999E+03  0.34832E+07
 0.10314999E+03  0.34849E+07
 0.10320000E+03  0.34864E+07
 0.10324999E+03  0.34878E+07
 0.10330000E+03  0.34890E+07
 0.10334999E+03  0.34900E+07
 0.10339999E+03  0.34908E+07
 0.10345000E+03  0.34914E+07
 0.10349999E+03  0.34919E+07
 0.10355000E+03  0.34922E+07
 0.10359999E+03  0.34923E+07
 0.10364999E+03  0.34923E+07
 0.10370000E+03  0.34921E+07
 0.10374999E+03  0.34918E+07
 0.10380000E+03  0.34912E+07
 0.10384999E+03  0.34906E+07
 0.10389999E+03  0.34897E+07
 0.10395000E+03  0.34885E+07
 0.10399999E+03  0.34873E+07
 0.10405000E+03  0.34858E+07
 0.10409999E+03  0.34842E+07
 0.10414999E+03  0.34824E+07
 0.10420000E+03  0.34805E+07
 0.10424999E+03  0.34784E+07
 0.10430000E+03  0.34762E+07
 0.10434999E+03  0.34740E+07
 0.10439999E+03  0.34716E+07
 0.10445000E+03  0.34692E+07
 0.10449999E+03  0.34666E+07
 0.10455000E+03  0.34642E+07
 0.10459999E+03  0.34617E+07
 0.10464999E+03  0.34594E+07
 0.10470000E+03  0.34571E+07
 0.10474999E+03  0.34550E+07
 0.10480000E+03  0.34530E+07
 0.10484999E+03  0.34511E+07
 0.10489999E+03  0.34495E+07
 0.10495000E+03  0.34479E+07
 0.10499999E+03  0.34464E+07
 0.10505000E+03  0.34451E+07
 0.10509999E+03  0.34439E+07
 0.10514999E+03  0.34428E+07
 0.10520000E+03  0.34419E+07
 0.10524999E+03  0.34410E+07
 0.10530000E+03  0.34403E+07
 0.10534999E+03  0.34397E+07
 0.10539999E+03  0.34392E+07
 0.10545000E+03  0.34387E+07
 0.10549999E+03  0.34384E+07
 0.10555000E+03  0.34383E+07
 0.10559999E+03  0.34382E+07
 0.10564999E+03  0.34382E+07
 0.10570000E+03  0.34382E+07
 0.10574999E+03  0.34383E+07
 0.10580000E+03  0.34384E+07
 0.10584999E+03  0.34384E+07
 0.10589999E+03  0.34384E+07
 0.10595000E+03  0.34384E+07
 0.10599999E+03  0.34382E+07
 0.10605000E+03  0.34380E+07
 0.10609999E+03  0.34377E+07
 0.10614999E+03  0.34373E+07
 0.10620000E+03  0.34369E+07
 0.10624999E+03  0.34364E+07
 0.10630000E+03  0.34359E+07
 0.10634999E+03  0.34354E+07
 0.10639999E+03  0.34350E+07
 0.10645000E+03  0.34347E+07
 0.10649999E+03  0.34346E+07
 0.10655000E+03  0.34345E+07
 0.10659999E+03  0.34345E+07
 0.10664999E+03  0.34348E+07
 0.10670000E+03  0.34351E+07
 0.10674999E+03  0.34357E+07
 0.10680000E+03  0.34363E+07
 0.10684999E+03  0.34372E+07
 0.10689999E+03  0.34383E+07
 0.10695000E+03  0.34394E+07
 0.10699999E+03  0.34408E+07
 0.10705000E+03  0.34424E+07
 0.10709999E+03  0.34441E+07
 0.10714999E+03  0.34460E+07
 0.10720000E+03  0.34481E+07
 0.10724999E+03  0.34502E+07
 0.10730000E+03  0.34525E+07
 0.10734999E+03  0.34549E+07
 0.10739999E+03  0.34573E+07
 0.10745000E+03  0.34598E+07
 0.10749999E+03  0.34623E+07
 0.10755000E+03  0.34648E+07
 0.10759999E+03  0.34671E+07
 0.10764999E+03  0.34694E+07
 0.10770000E+03  0.34715E+07
 0.10774999E+03  0.34734E+07
 0.10780000E+03  0.34751E+07
 0.10784999E+03  0.34767E+07
 0.10789999E+03  0.34781E+07
 0.10795000E+03  0.34795E+07
 0.10799999E+03  0.34808E+07
 0.10805000E+03  0.34820E+07
 0.10809999E+03  0.34834E+07
 0.10814999E+03  0.34847E+07
 0.10820000E+03  0.34862E+07
 0.10824999E+03  0.34876E+07
 0.10830000E+03  0.34892E+07
 0.10834999E+03  0.34906E+07
 0.10839999E+03  0.34921E+07
 0.10845000E+03  0.34935E+07
 0.10849999E+03  0.34946E+07
 0.10855000E+03  0.34956E+07
 0.10859999E+03  0.34964E+07
 0.10864999E+03  0.34970E+07
 0.10870000E+03  0.34972E+07
 0.10874999E+03  0.34973E+07
 0.10880000E+03  0.34971E+07
 0.10884999E+03  0.34966E+07
 0.10889999E+03  0.34960E+07
 0.10895000E+03  0.34950E+07
 0.10899999E+03  0.34938E+07
 0.10905000E+03  0.34925E+07
 0.10909999E+03  0.34910E+07
 0.10914999E+03  0.34895E+07
 0.10920000E+03  0.34876E+07
 0.10924999E+03  0.34857E+07
 0.10930000E+03  0.34835E+07
 0.10934999E+03  0.34812E+07
 0.10939999E+03  0.34787E+07
 0.10945000E+03  0.34759E+07
 0.10949999E+03  0.34730E+07
 0.10955000E+03  0.34698E+07
 0.10959999E+03  0.34665E+07
 0.10964999E+03  0.34630E+07
 0.10970000E+03  0.34594E+07
 0.10974999E+03  0.34557E+07
 0.10980000E+03  0.34520E+07
 0.10984999E+03  0.34484E+07
 0.10989999E+03  0.34446E+07
 0.10995000E+03  0.34410E+07
 0.10999999E+03  0.34375E+07
 0.11005000E+03  0.34340E+07
 0.11009999E+03  0.34306E+07
 0.11014999E+03  0.34273E+07
 0.11020000E+03  0.34241E+07
 0.11024999E+03  0.34209E+07
 0.11030000E+03  0.34179E+07
 0.11034999E+03  0.34148E+07
 0.11039999E+03  0.34118E+07
 0.11045000E+03  0.34089E+07
 0.11049999E+03  0.34060E+07
 0.11055000E+03  0.34031E+07
 0.11059999E+03  0.34003E+07
 0.11064999E+03  0.33974E+07
 0.11070000E+03  0.33947E+07
 0.11074999E+03  0.33917E+07
 0.11080000E+03  0.33888E+07
 0.11084999E+03  0.33859E+07
 0.11089999E+03  0.33828E+07
 0.11095000E+03  0.33797E+07
 0.11099999E+03  0.33765E+07
 0.11105000E+03  0.33731E+07
 0.11109999E+03  0.33697E+07
 0.11114999E+03  0.33660E+07
 0.11120000E+03  0.33622E+07
 0.11124999E+03  0.33580E+07
 0.11130000E+03  0.33537E+07
 0.11134999E+03  0.33492E+07
 0.11139999E+03  0.33443E+07
 0.11145000E+03  0.33393E+07
 0.11149999E+03  0.33341E+07
 0.11155000E+03  0.33287E+07
 0.11159999E+03  0.33233E+07
 0.11164999E+03  0.33178E+07
 0.11170000E+03  0.33124E+07
 0.11174999E+03  0.33070E+07
 0.11180000E+03  0.33016E+07
 0.11184999E+03  0.32966E+07
 0.11189999E+03  0.32917E+07
 0.11195000E+03  0.32871E+07
 0.11199999E+03  0.32830E+07
 0.11205000E+03  0.32792E+07
 0.11209999E+03  0.32759E+07
 0.11214999E+03  0.32731E+07
 0.11220000E+03  0.32708E+07
 0.11224999E+03  0.32690E+07
 0.11230000E+03  0.32677E+07
 0.11234999E+03  0.32669E+07
 0.11239999E+03  0.32666E+07
 0.11244999E+03  0.32669E+07
 0.11249999E+03  0.32676E+07
 0.11255000E+03  0.32689E+07
 0.11259999E+03  0.32707E+07
 0.11264999E+03  0.32730E+07
 0.11269999E+03  0.32757E+07
 0.11274999E+03  0.32789E+07
 0.11280000E+03  0.32825E+07
 0.11284999E+03  0.32864E+07
 0.11289999E+03  0.32907E+07
 0.11294999E+03  0.32953E+07
 0.11299999E+03  0.33001E+07
 0.11305000E+03  0.33053E+07
 0.11309999E+03  0.33105E+07
 0.11314999E+03  0.33159E+07
 0.11319999E+03  0.33216E+07
 0.11324999E+03  0.33272E+07
 0.11330000E+03  0.33329E+07
 0.11334999E+03  0.33387E+07
 0.11339999E+03  0.33445E+07
 0.11344999E+03  0.33503E+07
 0.11349999E+03  0.33562E+07
 0.11355000E+03  0.33621E+07
 0.11359999E+03  0.33679E+07
 0.11364999E+03  0.33738E+07
 0.11369999E+03  0.33796E+07
 0.11374999E+03  0.33853E+07
 0.11380000E+03  0.33910E+07
 0.11384999E+03  0.33967E+07
 0.11389999E+03  0.34023E+07
 0.11394999E+03  0.34079E+07
 0.11399999E+03  0.34135E+07
 0.11405000E+03  0.34191E+07
 0.11409999E+03  0.34247E+07
 0.11414999E+03  0.34304E+07
 0.11419999E+03  0.34360E+07
 0.11424999E+03  0.34417E+07
 0.11430000E+03  0.34475E+07
 0.11434999E+03  0.34532E+07
 0.11439999E+03  0.34588E+07
 0.11444999E+03  0.34645E+07
 0.11449999E+03  0.34700E+07
 0.11455000E+03  0.34754E+07
 0.11459999E+03  0.34808E+07
 0.11464999E+03  0.34858E+07
 0.11469999E+03  0.34906E+07
 0.11474999E+03  0.34954E+07
 0.11480000E+03  0.34998E+07
 0.11484999E+03  0.35039E+07
 0.11489999E+03  0.35078E+07
 0.11494999E+03  0.35115E+07
 0.11499999E+03  0.35150E+07
 0.11505000E+03  0.35182E+07
 0.11509999E+03  0.35212E+07
 0.11514999E+03  0.35239E+07
 0.11519999E+03  0.35264E+07
 0.11524999E+03  0.35286E+07
 0.11530000E+03  0.35305E+07
 0.11534999E+03  0.35321E+07
 0.11539999E+03  0.35333E+07
 0.11544999E+03  0.35343E+07
 0.11549999E+03  0.35349E+07
 0.11555000E+03  0.35351E+07
 0.11559999E+03  0.35350E+07
 0.11564999E+03  0.35346E+07
 0.11569999E+03  0.35338E+07
 0.11574999E+03  0.35327E+07
 0.11580000E+03  0.35311E+07
 0.11584999E+03  0.35293E+07
 0.11589999E+03  0.35271E+07
 0.11594999E+03  0.35247E+07
 0.11599999E+03  0.35220E+07
 0.11605000E+03  0.35190E+07
 0.11609999E+03  0.35159E+07
 0.11614999E+03  0.35125E+07
 0.11619999E+03  0.35091E+07
 0.11624999E+03  0.35053E+07
 0.11630000E+03  0.35013E+07
 0.11634999E+03  0.34972E+07
 0.11639999E+03  0.34929E+07
 0.11644999E+03  0.34883E+07
 0.11649999E+03  0.34835E+07
 0.11655000E+03  0.34785E+07
 0.11659999E+03  0.34732E+07
 0.11664999E+03  0.34676E+07
 0.11669999E+03  0.34617E+07
 0.11674999E+03  0.34554E+07
 0.11680000E+03  0.34489E+07
 0.11684999E+03  0.34420E+07
 0.11689999E+03  0.34349E+07
 0.11694999E+03  0.34275E+07
 0.11699999E+03  0.34200E+07
 0.11705000E+03  0.34124E+07
 0.11709999E+03  0.34046E+07
 0.11714999E+03  0.33969E+07
 0.11719999E+03  0.33892E+07
 0.11724999E+03  0.33817E+07
 0.11730000E+03  0.33742E+07
 0.11734999E+03  0.33669E+07
 0.11739999E+03  0.33599E+07
 0.11744999E+03  0.33531E+07
 0.11749999E+03  0.33465E+07
 0.11755000E+03  0.33403E+07
 0.11759999E+03  0.33342E+07
 0.11764999E+03  0.33284E+07
 0.11769999E+03  0.33229E+07
 0.11774999E+03  0.33176E+07
 0.11780000E+03  0.33126E+07
 0.11784999E+03  0.33078E+07
 0.11789999E+03  0.33032E+07
 0.11794999E+03  0.32990E+07
 0.11799999E+03  0.32949E+07
 0.11805000E+03  0.32911E+07
 0.11809999E+03  0.32875E+07
 0.11814999E+03  0.32843E+07
 0.11819999E+03  0.32814E+07
 0.11824999E+03  0.32789E+07
 0.11830000E+03  0.32769E+07
 0.11834999E+03  0.32753E+07
 0.11839999E+03  0.32743E+07
 0.11844999E+03  0.32736E+07
 0.11849999E+03  0.32737E+07
 0.11855000E+03  0.32742E+07
 0.11859999E+03  0.32753E+07
 0.11864999E+03  0.32770E+07
 0.11869999E+03  0.32792E+07
 0.11874999E+03  0.32820E+07
 0.11880000E+03  0.32852E+07
 0.11884999E+03  0.32890E+07
 0.11889999E+03  0.32933E+07
 0.11894999E+03  0.32980E+07
 0.11899999E+03  0.33031E+07
 0.11905000E+03  0.33088E+07
 0.11909999E+03  0.33149E+07
 0.11914999E+03  0.33212E+07
 0.11919999E+03  0.33281E+07
 0.11924999E+03  0.33351E+07
 0.11930000E+03  0.33425E+07
 0.11934999E+03  0.33502E+07
 0.11939999E+03  0.33581E+07
 0.11944999E+03  0.33663E+07
 0.11949999E+03  0.33746E+07
 0.11955000E+03  0.33831E+07
 0.11959999E+03  0.33916E+07
 0.11964999E+03  0.34004E+07
 0.11969999E+03  0.34093E+07
 0.11974999E+03  0.34181E+07
 0.11980000E+03  0.34272E+07
 0.11984999E+03  0.34360E+07
 0.11989999E+03  0.34449E+07
 0.11994999E+03  0.34538E+07
 0.11999999E+03  0.34626E+07
 0.12005000E+03  0.34713E+07
 0.12009999E+03  0.34798E+07
 0.12014999E+03  0.34883E+07
 0.12019999E+03  0.34965E+07
 0.12024999E+03  0.35046E+07
 0.12030000E+03  0.35125E+07
 0.12034999E+03  0.35201E+07
 0.12039999E+03  0.35276E+07
 0.12044999E+03  0.35348E+07
 0.12049999E+03  0.35418E+07
 0.12055000E+03  0.35485E+07
 0.12059999E+03  0.35548E+07
 0.12064999E+03  0.35608E+07
 0.12069999E+03  0.35665E+07
 0.12074999E+03  0.35717E+07
 0.12080000E+03  0.35764E+07
 0.12084999E+03  0.35806E+07
 0.12089999E+03  0.35843E+07
 0.12094999E+03  0.35874E+07
 0.12099999E+03  0.35899E+07
 0.12105000E+03  0.35918E+07
 0.12109999E+03  0.35931E+07
 0.12114999E+03  0.35939E+07
 0.12119999E+03  0.35941E+07
 0.12124999E+03  0.35938E+07
 0.12130000E+03  0.35932E+07
 0.12134999E+03  0.35921E+07
 0.12139999E+03  0.35907E+07
 0.12144999E+03  0.35891E+07
 0.12149999E+03  0.35871E+07
 0.12155000E+03  0.35849E+07
 0.12159999E+03  0.35824E+07
 0.12164999E+03  0.35798E+07
 0.12169999E+03  0.35768E+07
 0.12174999E+03  0.35737E+07
 0.12180000E+03  0.35704E+07
 0.12184999E+03  0.35669E+07
 0.12189999E+03  0.35631E+07
 0.12194999E+03  0.35591E+07
 0.12199999E+03  0.35550E+07
 0.12205000E+03  0.35506E+07
 0.12209999E+03  0.35462E+07
 0.12214999E+03  0.35417E+07
 0.12219999E+03  0.35371E+07
 0.12224999E+03  0.35325E+07
 0.12230000E+03  0.35281E+07
 0.12234999E+03  0.35237E+07
 0.12239999E+03  0.35195E+07
 0.12244999E+03  0.35155E+07
 0.12249999E+03  0.35116E+07
 0.12255000E+03  0.35080E+07
 0.12259999E+03  0.35047E+07
 0.12264999E+03  0.35014E+07
 0.12269999E+03  0.34985E+07
 0.12274999E+03  0.34958E+07
 0.12280000E+03  0.34932E+07
 0.12284999E+03  0.34907E+07
 0.12289999E+03  0.34883E+07
 0.12294999E+03  0.34860E+07
 0.12299999E+03  0.34837E+07
 0.12305000E+03  0.34813E+07
 0.12309999E+03  0.34789E+07
 0.12314999E+03  0.34764E+07
 0.12319999E+03  0.34737E+07
 0.12324999E+03  0.34709E+07
 0.12330000E+03  0.34681E+07
 0.12334999E+03  0.34650E+07
 0.12339999E+03  0.34619E+07
 0.12344999E+03  0.34586E+07
 0.12349999E+03  0.34553E+07
 0.12355000E+03  0.34519E+07
 0.12359999E+03  0.34485E+07
 0.12364999E+03  0.34451E+07
 0.12369999E+03  0.34416E+07
 0.12374999E+03  0.34382E+07
 0.12380000E+03  0.34348E+07
 0.12384999E+03  0.34316E+07
 0.12389999E+03  0.34285E+07
 0.12394999E+03  0.34253E+07
 0.12399999E+03  0.34225E+07
 0.12405000E+03  0.34197E+07
 0.12409999E+03  0.34171E+07
 0.12414999E+03  0.34147E+07
 0.12419999E+03  0.34124E+07
 0.12424999E+03  0.34104E+07
 0.12430000E+03  0.34085E+07
 0.12434999E+03  0.34068E+07
 0.12439999E+03  0.34051E+07
 0.12444999E+03  0.34035E+07
 0.12449999E+03  0.34019E+07
 0.12455000E+03  0.34004E+07
 0.12459999E+03  0.33988E+07
 0.12464999E+03  0.33972E+07
 0.12469999E+03  0.33955E+07
 0.12474999E+03  0.33938E+07
 0.12480000E+03  0.33922E+07
 0.12484999E+03  0.33905E+07
 0.12489999E+03  0.33888E+07
 0.12494999E+03  0.33871E+07
 0.12499999E+03  0.33855E+07
 0.12504999E+03  0.33840E+07
 0.12509999E+03  0.33825E+07
 0.12514999E+03  0.33810E+07
 0.12520000E+03  0.33798E+07
 0.12524998E+03  0.33786E+07
 0.12529999E+03  0.33775E+07
 0.12534999E+03  0.33766E+07
 0.12539999E+03  0.33758E+07
 0.12545000E+03  0.33751E+07
 0.12549998E+03  0.33745E+07
 0.12554999E+03  0.33741E+07
 0.12559999E+03  0.33737E+07
 0.12564999E+03  0.33734E+07
 0.12570000E+03  0.33732E+07
 0.12574998E+03  0.33731E+07
 0.12579999E+03  0.33731E+07
 0.12584999E+03  0.33731E+07
 0.12589999E+03  0.33732E+07
 0.12595000E+03  0.33731E+07
 0.12599998E+03  0.33732E+07
 0.12604999E+03  0.33730E+07
 0.12609999E+03  0.33727E+07
 0.12614999E+03  0.33724E+07
 0.12620000E+03  0.33717E+07
 0.12624998E+03  0.33711E+07
 0.12629999E+03  0.33701E+07
 0.12634999E+03  0.33692E+07
 0.12639999E+03  0.33680E+07
 0.12645000E+03  0.33668E+07
 0.12649998E+03  0.33656E+07
 0.12654999E+03  0.33642E+07
 0.12659999E+03  0.33630E+07
 0.12664999E+03  0.33617E+07
 0.12670000E+03  0.33605E+07
 0.12674998E+03  0.33593E+07
 0.12679999E+03  0.33583E+07
 0.12684999E+03  0.33575E+07
 0.12689999E+03  0.33567E+07
 0.12695000E+03  0.33561E+07
 0.12699998E+03  0.33557E+07
 0.12704999E+03  0.33555E+07
 0.12709999E+03  0.33554E+07
 0.12714999E+03  0.33557E+07
 0.12720000E+03  0.33562E+07
 0.12724998E+03  0.33571E+07
 0.12729999E+03  0.33583E+07
 0.12734999E+03  0.33598E+07
 0.12739999E+03  0.33619E+07
 0.12745000E+03  0.33642E+07
 0.12749998E+03  0.33670E+07
 0.12754999E+03  0.33703E+07
 0.12759999E+03  0.33740E+07
 0.12764999E+03  0.33779E+07
 0.12770000E+03  0.33823E+07
 0.12774998E+03  0.33871E+07
 0.12779999E+03  0.33920E+07
 0.12784999E+03  0.33972E+07
 0.12789999E+03  0.34026E+07
 0.12795000E+03  0.34081E+07
 0.12799998E+03  0.34138E+07
 0.12804999E+03  0.34194E+07
 0.12809999E+03  0.34251E+07
 0.12814999E+03  0.34307E+07
 0.12820000E+03  0.34362E+07
 0.12824998E+03  0.34415E+07
 0.12829999E+03  0.34467E+07
 0.12834999E+03  0.34516E+07
 0.12839999E+03  0.34561E+07
 0.12845000E+03  0.34605E+07
 0.12849998E+03  0.34644E+07
 0.12854999E+03  0.34680E+07
 0.12859999E+03  0.34712E+07
 0.12864999E+03  0.34739E+07
 0.12870000E+03  0.34763E+07
 0.12874998E+03  0.34781E+07
 0.12879999E+03  0.34796E+07
 0.12884999E+03  0.34804E+07
 0.12889999E+03  0.34809E+07
 0.12895000E+03  0.34809E+07
 0.12899998E+03  0.34804E+07
 0.12904999E+03  0.34796E+07
 0.12909999E+03  0.34782E+07
 0.12914999E+03  0.34764E+07
 0.12920000E+03  0.34744E+07
 0.12924998E+03  0.34718E+07
 0.12929999E+03  0.34690E+07
 0.12934999E+03  0.34659E+07
 0.12939999E+03  0.34626E+07
 0.12945000E+03  0.34590E+07
 0.12949998E+03  0.34552E+07
 0.12954999E+03  0.34513E+07
 0.12959999E+03  0.34473E+07
 0.12964999E+03  0.34433E+07
 0.12970000E+03  0.34392E+07
 0.12974998E+03  0.34351E+07
 0.12979999E+03  0.34310E+07
 0.12984999E+03  0.34270E+07
 0.12989999E+03  0.34231E+07
 0.12995000E+03  0.34192E+07
 0.12999998E+03  0.34155E+07
 0.13004999E+03  0.34118E+07
 0.13009999E+03  0.34082E+07
 0.13014999E+03  0.34048E+07
 0.13020000E+03  0.34015E+07
 0.13024998E+03  0.33983E+07
 0.13029999E+03  0.33950E+07
 0.13034999E+03  0.33919E+07
 0.13039999E+03  0.33889E+07
 0.13045000E+03  0.33859E+07
 0.13049998E+03  0.33828E+07
 0.13054999E+03  0.33798E+07
 0.13059999E+03  0.33768E+07
 0.13064999E+03  0.33738E+07
 0.13070000E+03  0.33709E+07
 0.13074998E+03  0.33680E+07
 0.13079999E+03  0.33653E+07
 0.13084999E+03  0.33626E+07
 0.13089999E+03  0.33600E+07
 0.13095000E+03  0.33575E+07
 0.13099998E+03  0.33553E+07
 0.13104999E+03  0.33531E+07
 0.13109999E+03  0.33510E+07
 0.13114999E+03  0.33492E+07
 0.13120000E+03  0.33474E+07
 0.13124998E+03  0.33460E+07
 0.13129999E+03  0.33446E+07
 0.13134999E+03  0.33434E+07
 0.13139999E+03  0.33426E+07
 0.13145000E+03  0.33417E+07
 0.13149998E+03  0.33413E+07
 0.13154999E+03  0.33409E+07
 0.13159999E+03  0.33408E+07
 0.13164999E+03  0.33410E+07
 0.13170000E+03  0.33414E+07
 0.13174998E+03  0.33421E+07
 0.13179999E+03  0.33431E+07
 0.13184999E+03  0.33442E+07
 0.13189999E+03  0.33457E+07
 0.13195000E+03  0.33473E+07
 0.13199998E+03  0.33491E+07
 0.13204999E+03  0.33512E+07
 0.13209999E+03  0.33534E+07
 0.13214999E+03  0.33557E+07
 0.13220000E+03  0.33581E+07
 0.13224998E+03  0.33608E+07
 0.13229999E+03  0.33636E+07
 0.13234999E+03  0.33665E+07
 0.13239999E+03  0.33696E+07
 0.13245000E+03  0.33727E+07
 0.13249998E+03  0.33762E+07
 0.13254999E+03  0.33797E+07
 0.13259999E+03  0.33831E+07
 0.13264999E+03  0.33869E+07
 0.13270000E+03  0.33906E+07
 0.13274998E+03  0.33944E+07
 0.13279999E+03  0.33982E+07
 0.13284999E+03  0.34020E+07
 0.13289999E+03  0.34060E+07
 0.13295000E+03  0.34097E+07
 0.13299998E+03  0.34136E+07
 0.13304999E+03  0.34175E+07
 0.13309999E+03  0.34212E+07
 0.13314999E+03  0.34250E+07
 0.13320000E+03  0.34288E+07
 0.13324998E+03  0.34325E+07
 0.13329999E+03  0.34362E+07
 0.13334999E+03  0.34399E+07
 0.13339999E+03  0.34435E+07
 0.13345000E+03  0.34471E+07
 0.13349998E+03  0.34506E+07
 0.13354999E+03  0.34542E+07
 0.13359999E+03  0.34576E+07
 0.13364999E+03  0.34610E+07
 0.13370000E+03  0.34645E+07
 0.13374998E+03  0.34677E+07
 0.13379999E+03  0.34709E+07
 0.13384999E+03  0.34740E+07
 0.13389999E+03  0.34771E+07
 0.13395000E+03  0.34801E+07
 0.13399998E+03  0.34830E+07
 0.13404999E+03  0.34860E+07
 0.13409999E+03  0.34889E+07
 0.13414999E+03  0.34917E+07
 0.13420000E+03  0.34945E+07
 0.13424998E+03  0.34974E+07
 0.13429999E+03  0.35001E+07
 0.13434999E+03  0.35028E+07
 0.13439999E+03  0.35054E+07
 0.13445000E+03  0.35079E+07
 0.13449998E+03  0.35104E+07
 0.13454999E+03  0.35128E+07
 0.13459999E+03  0.35150E+07
 0.13464999E+03  0.35172E+07
 0.13470000E+03  0.35193E+07
 0.13474998E+03  0.35211E+07
 0.13479999E+03  0.35231E+07
 0.13484999E+03  0.35248E+07
 0.13489999E+03  0.35265E+07
 0.13495000E+03  0.35281E+07
 0.13499998E+03  0.35296E+07
 0.13504999E+03  0.35311E+07
 0.13509999E+03  0.35325E+07
 0.13514999E+03  0.35339E+07
 0.13520000E+03  0.35353E+07
 0.13524998E+03  0.35366E+07
 0.13529999E+03  0.35379E+07
 0.13534999E+03  0.35393E+07
 0.13539999E+03  0.35406E+07
 0.13545000E+03  0.35420E+07
 0.13549998E+03  0.35433E+07
 0.13554999E+03  0.35446E+07
 0.13559999E+03  0.35461E+07
 0.13564999E+03  0.35473E+07
 0.13570000E+03  0.35485E+07
 0.13574998E+03  0.35498E+07
 0.13579999E+03  0.35509E+07
 0.13584999E+03  0.35519E+07
 0.13589999E+03  0.35529E+07
 0.13595000E+03  0.35536E+07
 0.13599998E+03  0.35543E+07
 0.13604999E+03  0.35550E+07
 0.13609999E+03  0.35554E+07
 0.13614999E+03  0.35558E+07
 0.13620000E+03  0.35562E+07
 0.13624998E+03  0.35565E+07
 0.13629999E+03  0.35567E+07
 0.13634999E+03  0.35569E+07
 0.13639999E+03  0.35571E+07
 0.13645000E+03  0.35571E+07
 0.13649998E+03  0.35571E+07
 0.13654999E+03  0.35571E+07
 0.13659999E+03  0.35570E+07
 0.13664999E+03  0.35568E+07
 0.13670000E+03  0.35566E+07
 0.13674998E+03  0.35563E+07
 0.13679999E+03  0.35560E+07
 0.13684999E+03  0.35556E+07
 0.13689999E+03  0.35551E+07
 0.13695000E+03  0.35546E+07
 0.13699998E+03  0.35541E+07
 0.13704999E+03  0.35535E+07
 0.13709999E+03  0.35530E+07
 0.13714999E+03  0.35525E+07
 0.13720000E+03  0.35520E+07
 0.13724998E+03  0.35514E+07
 0.13729999E+03  0.35509E+07
 0.13734999E+03  0.35504E+07
 0.13739999E+03  0.35498E+07
 0.13745000E+03  0.35492E+07
 0.13749998E+03  0.35485E+07
 0.13754999E+03  0.35477E+07
 0.13759999E+03  0.35467E+07
 0.13764999E+03  0.35457E+07
 0.13770000E+03  0.35444E+07
 0.13774998E+03  0.35430E+07
 0.13779999E+03  0.35413E+07
 0.13784999E+03  0.35395E+07
 0.13789999E+03  0.35375E+07
 0.13795000E+03  0.35354E+07
 0.13799998E+03  0.35330E+07
 0.13804999E+03  0.35305E+07
 0.13809999E+03  0.35280E+07
 0.13814999E+03  0.35252E+07
 0.13820000E+03  0.35223E+07
 0.13824998E+03  0.35193E+07
 0.13829999E+03  0.35162E+07
 0.13834999E+03  0.35129E+07
 0.13839999E+03  0.35095E+07
 0.13845000E+03  0.35060E+07
 0.13849998E+03  0.35024E+07
 0.13854999E+03  0.34988E+07
 0.13859999E+03  0.34950E+07
 0.13864999E+03  0.34912E+07
 0.13870000E+03  0.34874E+07
 0.13874998E+03  0.34834E+07
 0.13879999E+03  0.34794E+07
 0.13884999E+03  0.34755E+07
 0.13889999E+03  0.34715E+07
 0.13895000E+03  0.34676E+07
 0.13899998E+03  0.34637E+07
 0.13904999E+03  0.34599E+07
 0.13909999E+03  0.34563E+07
 0.13914999E+03  0.34528E+07
 0.13920000E+03  0.34493E+07
 0.13924998E+03  0.34461E+07
 0.13929999E+03  0.34430E+07
 0.13934999E+03  0.34401E+07
 0.13939999E+03  0.34374E+07
 0.13945000E+03  0.34348E+07
 0.13949998E+03  0.34324E+07
 0.13954999E+03  0.34303E+07
 0.13959999E+03  0.34283E+07
 0.13964999E+03  0.34264E+07
 0.13970000E+03  0.34249E+07
 0.13974998E+03  0.34234E+07
 0.13979999E+03  0.34220E+07
 0.13984999E+03  0.34209E+07
 0.13989999E+03  0.34197E+07
 0.13995000E+03  0.34187E+07
 0.13999998E+03  0.34176E+07
 0.14004999E+03  0.34166E+07
 0.14009999E+03  0.34157E+07
 0.14014999E+03  0.34146E+07
 0.14020000E+03  0.34137E+07
 0.14024998E+03  0.34126E+07
 0.14029999E+03  0.34115E+07
 0.14034999E+03  0.34103E+07
 0.14039999E+03  0.34091E+07
 0.14045000E+03  0.34078E+07
 0.14049998E+03  0.34064E+07
 0.14054999E+03  0.34050E+07
 0.14059999E+03  0.34036E+07
 0.14064999E+03  0.34021E+07
 0.14070000E+03  0.34004E+07
 0.14074998E+03  0.33989E+07
 0.14079999E+03  0.33972E+07
 0.14084999E+03  0.33955E+07
 0.14089999E+03  0.33936E+07
 0.14095000E+03  0.33918E+07
 0.14099998E+03  0.33901E+07
 0.14104999E+03  0.33881E+07
 0.14109999E+03  0.33863E+07
 0.14114999E+03  0.33845E+07
 0.14120000E+03  0.33826E+07
 0.14124998E+03  0.33808E+07
 0.14129999E+03  0.33790E+07
 0.14134999E+03  0.33773E+07
 0.14139999E+03  0.33755E+07
 0.14145000E+03  0.33738E+07
 0.14149998E+03  0.33722E+07
 0.14154999E+03  0.33706E+07
 0.14159999E+03  0.33691E+07
 0.14164999E+03  0.33677E+07
 0.14170000E+03  0.33664E+07
 0.14174998E+03  0.33651E+07
 0.14179999E+03  0.33639E+07
 0.14184999E+03  0.33627E+07
 0.14189999E+03  0.33616E+07
 0.14195000E+03  0.33606E+07
 0.14199998E+03  0.33595E+07
 0.14204999E+03  0.33585E+07
 0.14209999E+03  0.33575E+07
 0.14214999E+03  0.33565E+07
 0.14220000E+03  0.33555E+07
 0.14224998E+03  0.33546E+07
 0.14229999E+03  0.33538E+07
 0.14234999E+03  0.33529E+07
 0.14239999E+03  0.33522E+07
 0.14245000E+03  0.33515E+07
 0.14249998E+03  0.33508E+07
 0.14254999E+03  0.33503E+07
 0.14259999E+03  0.33499E+07
 0.14264999E+03  0.33495E+07
 0.14270000E+03  0.33492E+07
 0.14274998E+03  0.33490E+07
 0.14279999E+03  0.33490E+07
 0.14284999E+03  0.33489E+07
 0.14289999E+03  0.33490E+07
 0.14295000E+03  0.33491E+07
 0.14299998E+03  0.33493E+07
 0.14304999E+03  0.33495E+07
 0.14309999E+03  0.33497E+07
 0.14314999E+03  0.33501E+07
 0.14320000E+03  0.33503E+07
 0.14324998E+03  0.33507E+07
 0.14329999E+03  0.33509E+07
 0.14334999E+03  0.33512E+07
 0.14339999E+03  0.33515E+07
 0.14345000E+03  0.33516E+07
 0.14349998E+03  0.33518E+07
 0.14354999E+03  0.33518E+07
 0.14359999E+03  0.33518E+07
 0.14364999E+03  0.33518E+07
 0.14370000E+03  0.33517E+07
 0.14374998E+03  0.33516E+07
 0.14379999E+03  0.33514E+07
 0.14384999E+03  0.33512E+07
 0.14389999E+03  0.33510E+07
 0.14395000E+03  0.33506E+07
 0.14399998E+03  0.33505E+07
 0.14404999E+03  0.33501E+07
 0.14409999E+03  0.33499E+07
 0.14414999E+03  0.33497E+07
 0.14420000E+03  0.33493E+07
 0.14424998E+03  0.33492E+07
 0.14429999E+03  0.33489E+07
 0.14434999E+03  0.33488E+07
 0.14439999E+03  0.33487E+07
 0.14445000E+03  0.33486E+07
 0.14449998E+03  0.33486E+07
 0.14454999E+03  0.33487E+07
 0.14459999E+03  0.33488E+07
 0.14464999E+03  0.33490E+07
 0.14470000E+03  0.33494E+07
 0.14474998E+03  0.33498E+07
 0.14479999E+03  0.33503E+07
 0.14484999E+03  0.33509E+07
 0.14489999E+03  0.33516E+07
 0.14495000E+03  0.33523E+07
 0.14499998E+03  0.33531E+07
 0.14504999E+03  0.33540E+07
 0.14509999E+03  0.33549E+07
 0.14514999E+03  0.33559E+07
 0.14520000E+03  0.33570E+07
 0.14524998E+03  0.33581E+07
 0.14529999E+03  0.33594E+07
 0.14534999E+03  0.33607E+07
 0.14539999E+03  0.33621E+07
 0.14545000E+03  0.33637E+07
 0.14549998E+03  0.33655E+07
 0.14554999E+03  0.33673E+07
 0.14559999E+03  0.33694E+07
 0.14564999E+03  0.33716E+07
 0.14570000E+03  0.33740E+07
 0.14574998E+03  0.33767E+07
 0.14579999E+03  0.33794E+07
 0.14584999E+03  0.33825E+07
 0.14589999E+03  0.33856E+07
 0.14595000E+03  0.33890E+07
 0.14599998E+03  0.33925E+07
 0.14604999E+03  0.33962E+07
 0.14609999E+03  0.34000E+07
 0.14614999E+03  0.34040E+07
 0.14620000E+03  0.34080E+07
 0.14624998E+03  0.34121E+07
 0.14629999E+03  0.34164E+07
 0.14634999E+03  0.34207E+07
 0.14639999E+03  0.34251E+07
 0.14645000E+03  0.34295E+07
 0.14649998E+03  0.34340E+07
 0.14654999E+03  0.34385E+07
 0.14659999E+03  0.34430E+07
 0.14664999E+03  0.34474E+07
 0.14670000E+03  0.34518E+07
 0.14674998E+03  0.34562E+07
 0.14679999E+03  0.34604E+07
 0.14684999E+03  0.34645E+07
 0.14689999E+03  0.34686E+07
 0.14695000E+03  0.34724E+07
 0.14699998E+03  0.34761E+07
 0.14704999E+03  0.34795E+07
 0.14709999E+03  0.34827E+07
 0.14714999E+03  0.34859E+07
 0.14720000E+03  0.34888E+07
 0.14724998E+03  0.34915E+07
 0.14729999E+03  0.34941E+07
 0.14734999E+03  0.34964E+07
 0.14739999E+03  0.34987E+07
 0.14745000E+03  0.35007E+07
 0.14749998E+03  0.35026E+07
 0.14754999E+03  0.35043E+07
 0.14759999E+03  0.35059E+07
 0.14764999E+03  0.35072E+07
 0.14770000E+03  0.35083E+07
 0.14774998E+03  0.35093E+07
 0.14779999E+03  0.35099E+07
 0.14784999E+03  0.35104E+07
 0.14789999E+03  0.35105E+07
 0.14795000E+03  0.35104E+07
 0.14799998E+03  0.35101E+07
 0.14804999E+03  0.35093E+07
 0.14809999E+03  0.35085E+07
 0.14814999E+03  0.35072E+07
 0.14820000E+03  0.35058E+07
 0.14824998E+03  0.35040E+07
 0.14829999E+03  0.35020E+07
 0.14834999E+03  0.34998E+07
 0.14839999E+03  0.34974E+07
 0.14845000E+03  0.34948E+07
 0.14849998E+03  0.34920E+07
 0.14854999E+03  0.34890E+07
 0.14859999E+03  0.34858E+07
 0.14864999E+03  0.34824E+07
 0.14870000E+03  0.34790E+07
 0.14874998E+03  0.34754E+07
 0.14879999E+03  0.34718E+07
 0.14884999E+03  0.34680E+07
 0.14889999E+03  0.34642E+07
 0.14895000E+03  0.34604E+07
 0.14899998E+03  0.34566E+07
 0.14904999E+03  0.34528E+07
 0.14909999E+03  0.34491E+07
 0.14914999E+03  0.34454E+07
 0.14920000E+03  0.34417E+07
 0.14924998E+03  0.34381E+07
 0.14929999E+03  0.34346E+07
 0.14934999E+03  0.34311E+07
 0.14939999E+03  0.34278E+07
 0.14945000E+03  0.34245E+07
 0.14949998E+03  0.34213E+07
 0.14954999E+03  0.34182E+07
 0.14959999E+03  0.34151E+07
 0.14964999E+03  0.34122E+07
 0.14970000E+03  0.34093E+07
 0.14974998E+03  0.34065E+07
 0.14979999E+03  0.34037E+07
 0.14984999E+03  0.34010E+07
 0.14989999E+03  0.33985E+07
 0.14995000E+03  0.33959E+07
