-0.30000000E+01 -0.44044E+05
-0.29500000E+01 -0.44871E+05
-0.29000001E+01 -0.45654E+05
-0.28499999E+01 -0.46355E+05
-0.28000000E+01 -0.47058E+05
-0.27500000E+01 -0.47579E+05
-0.27000000E+01 -0.48148E+05
-0.26500001E+01 -0.48724E+05
-0.25999999E+01 -0.49024E+05
-0.25500000E+01 -0.49238E+05
-0.25000000E+01 -0.49294E+05
-0.24500000E+01 -0.49245E+05
-0.24000001E+01 -0.49249E+05
-0.23499999E+01 -0.49171E+05
-0.23000002E+01 -0.49118E+05
-0.22500000E+01 -0.48990E+05
-0.22000000E+01 -0.48691E+05
-0.21500001E+01 -0.48393E+05
-0.20999999E+01 -0.48086E+05
-0.20500002E+01 -0.47742E+05
-0.20000000E+01 -0.47316E+05
-0.19500000E+01 -0.47010E+05
-0.19000001E+01 -0.46773E+05
-0.18500000E+01 -0.46308E+05
-0.18000001E+01 -0.45984E+05
-0.17500001E+01 -0.45743E+05
-0.17000000E+01 -0.45312E+05
-0.16500001E+01 -0.44990E+05
-0.16000001E+01 -0.44610E+05
-0.15500001E+01 -0.44204E+05
-0.15000001E+01 -0.44012E+05
-0.14500000E+01 -0.43713E+05
-0.14000001E+01 -0.43364E+05
-0.13500001E+01 -0.43118E+05
-0.13000001E+01 -0.42890E+05
-0.12500001E+01 -0.42789E+05
-0.12000000E+01 -0.42789E+05
-0.11500001E+01 -0.42884E+05
-0.11000001E+01 -0.43006E+05
-0.10500001E+01 -0.43072E+05
-0.10000001E+01 -0.43300E+05
-0.95000005E+00 -0.43596E+05
-0.90000010E+00 -0.43934E+05
-0.85000014E+00 -0.44413E+05
-0.80000019E+00 -0.44847E+05
-0.75000024E+00 -0.45316E+05
-0.70000005E+00 -0.45804E+05
-0.65000010E+00 -0.46288E+05
-0.60000014E+00 -0.46817E+05
-0.55000019E+00 -0.47304E+05
-0.50000024E+00 -0.47824E+05
-0.45000005E+00 -0.48290E+05
-0.40000010E+00 -0.48754E+05
-0.35000014E+00 -0.49192E+05
-0.30000019E+00 -0.49480E+05
-0.25000024E+00 -0.49920E+05
-0.20000029E+00 -0.50350E+05
-0.15000010E+00 -0.50636E+05
-0.10000014E+00 -0.51041E+05
-0.50000191E-01 -0.51447E+05
-0.23841858E-06 -0.51821E+05
 0.49999714E-01 -0.52143E+05
 0.99999905E-01 -0.52270E+05
 0.14999986E+00 -0.52419E+05
 0.19999981E+00 -0.52686E+05
 0.24999976E+00 -0.52852E+05
 0.29999971E+00 -0.53010E+05
 0.34999990E+00 -0.53132E+05
 0.39999986E+00 -0.53130E+05
 0.44999981E+00 -0.53200E+05
 0.49999976E+00 -0.53213E+05
 0.54999971E+00 -0.53195E+05
 0.59999990E+00 -0.53182E+05
 0.64999986E+00 -0.52938E+05
 0.69999981E+00 -0.52673E+05
 0.74999976E+00 -0.52435E+05
 0.79999971E+00 -0.52050E+05
 0.84999967E+00 -0.51652E+05
 0.89999986E+00 -0.51269E+05
 0.94999981E+00 -0.50738E+05
 0.99999976E+00 -0.50083E+05
 0.10499997E+01 -0.49399E+05
 0.10999999E+01 -0.48629E+05
 0.11499996E+01 -0.47804E+05
 0.11999998E+01 -0.46933E+05
 0.12499995E+01 -0.46025E+05
 0.12999997E+01 -0.45078E+05
 0.13499999E+01 -0.43962E+05
 0.13999996E+01 -0.42854E+05
 0.14499998E+01 -0.41848E+05
 0.14999995E+01 -0.40853E+05
 0.15499997E+01 -0.39829E+05
 0.15999999E+01 -0.38651E+05
 0.16499996E+01 -0.37448E+05
 0.16999998E+01 -0.36344E+05
 0.17499995E+01 -0.35287E+05
 0.17999997E+01 -0.34189E+05
 0.18499999E+01 -0.33073E+05
 0.18999996E+01 -0.32105E+05
 0.19499998E+01 -0.31079E+05
 0.19999995E+01 -0.29913E+05
 0.20499997E+01 -0.28799E+05
 0.20999999E+01 -0.27684E+05
 0.21499996E+01 -0.26563E+05
 0.21999998E+01 -0.25453E+05
 0.22499995E+01 -0.24340E+05
 0.22999997E+01 -0.23245E+05
 0.23499999E+01 -0.22075E+05
 0.23999996E+01 -0.20791E+05
 0.24499998E+01 -0.19503E+05
 0.24999995E+01 -0.18262E+05
 0.25499997E+01 -0.17018E+05
 0.25999994E+01 -0.15782E+05
 0.26499996E+01 -0.14588E+05
 0.26999998E+01 -0.13412E+05
 0.27499995E+01 -0.12175E+05
 0.27999997E+01 -0.10848E+05
 0.28499994E+01 -0.95140E+04
 0.28999996E+01 -0.82430E+04
 0.29499998E+01 -0.69400E+04
 0.29999995E+01 -0.55520E+04
 0.30499997E+01 -0.41390E+04
 0.30999994E+01 -0.27110E+04
 0.31499996E+01 -0.12140E+04
 0.31999998E+01  0.37300E+03
 0.32499995E+01  0.18850E+04
 0.32999997E+01  0.34240E+04
 0.33499994E+01  0.50340E+04
 0.33999996E+01  0.64320E+04
 0.34499998E+01  0.78950E+04
 0.34999995E+01  0.94740E+04
 0.35499997E+01  0.10911E+05
 0.35999994E+01  0.12384E+05
 0.36499996E+01  0.13807E+05
 0.36999998E+01  0.15203E+05
 0.37499995E+01  0.16647E+05
 0.37999997E+01  0.18030E+05
 0.38499994E+01  0.19534E+05
 0.38999996E+01  0.21090E+05
 0.39499998E+01  0.22543E+05
 0.39999995E+01  0.24006E+05
 0.40499997E+01  0.25508E+05
 0.40999994E+01  0.27070E+05
 0.41499996E+01  0.28609E+05
 0.41999998E+01  0.30075E+05
 0.42499995E+01  0.31618E+05
 0.42999997E+01  0.33156E+05
 0.43499994E+01  0.34625E+05
 0.43999996E+01  0.36069E+05
 0.44499993E+01  0.37437E+05
 0.44999995E+01  0.38792E+05
 0.45499997E+01  0.40085E+05
 0.45999994E+01  0.41362E+05
 0.46499996E+01  0.42565E+05
 0.46999993E+01  0.43643E+05
 0.47499995E+01  0.44775E+05
 0.47999997E+01  0.45799E+05
 0.48499994E+01  0.46771E+05
 0.48999996E+01  0.47748E+05
 0.49499993E+01  0.48625E+05
 0.49999995E+01  0.49508E+05
 0.50499992E+01  0.50263E+05
 0.50999994E+01  0.50842E+05
 0.51499996E+01  0.51414E+05
 0.51999998E+01  0.51988E+05
 0.52499990E+01  0.52426E+05
 0.52999992E+01  0.52773E+05
 0.53499994E+01  0.52993E+05
 0.53999996E+01  0.53043E+05
 0.54499998E+01  0.53150E+05
 0.54999990E+01  0.53128E+05
 0.55499992E+01  0.52878E+05
 0.55999994E+01  0.52551E+05
 0.56499996E+01  0.52095E+05
 0.56999998E+01  0.51585E+05
 0.57499990E+01  0.51013E+05
 0.57999992E+01  0.50396E+05
 0.58499994E+01  0.49709E+05
 0.58999996E+01  0.48885E+05
 0.59499998E+01  0.47972E+05
 0.59999990E+01  0.46982E+05
 0.60499992E+01  0.45975E+05
 0.60999994E+01  0.44894E+05
 0.61499996E+01  0.43834E+05
 0.61999998E+01  0.42835E+05
 0.62499990E+01  0.41783E+05
 0.62999992E+01  0.40657E+05
 0.63499994E+01  0.39466E+05
 0.63999996E+01  0.38358E+05
 0.64499998E+01  0.37257E+05
 0.64999990E+01  0.36202E+05
 0.65499992E+01  0.35197E+05
 0.65999994E+01  0.34135E+05
 0.66499996E+01  0.33214E+05
 0.66999998E+01  0.32337E+05
 0.67499990E+01  0.31502E+05
 0.67999992E+01  0.30750E+05
 0.68499994E+01  0.29945E+05
 0.68999996E+01  0.29298E+05
 0.69499998E+01  0.28815E+05
 0.69999990E+01  0.28349E+05
 0.70499992E+01  0.27951E+05
 0.70999994E+01  0.27586E+05
 0.71499996E+01  0.27338E+05
 0.71999998E+01  0.27254E+05
 0.72499990E+01  0.27139E+05
 0.72999992E+01  0.27064E+05
 0.73499994E+01  0.27088E+05
 0.73999996E+01  0.27155E+05
 0.74499998E+01  0.27366E+05
 0.74999990E+01  0.27556E+05
 0.75499992E+01  0.27666E+05
 0.75999994E+01  0.27833E+05
 0.76499996E+01  0.28007E+05
 0.76999998E+01  0.28227E+05
 0.77499990E+01  0.28377E+05
 0.77999992E+01  0.28495E+05
 0.78499994E+01  0.28752E+05
 0.78999996E+01  0.28930E+05
 0.79499998E+01  0.29168E+05
 0.79999990E+01  0.29483E+05
 0.80499992E+01  0.29632E+05
 0.80999994E+01  0.29783E+05
 0.81499996E+01  0.29793E+05
 0.81999989E+01  0.29684E+05
 0.82499990E+01  0.29653E+05
 0.82999992E+01  0.29509E+05
 0.83499994E+01  0.29358E+05
 0.83999996E+01  0.29172E+05
 0.84499989E+01  0.28835E+05
 0.84999990E+01  0.28504E+05
 0.85499992E+01  0.28115E+05
 0.85999994E+01  0.27622E+05
 0.86499996E+01  0.27047E+05
 0.86999989E+01  0.26481E+05
 0.87499990E+01  0.26030E+05
 0.87999992E+01  0.25491E+05
 0.88499994E+01  0.24779E+05
 0.88999996E+01  0.23973E+05
 0.89499989E+01  0.23078E+05
 0.89999990E+01  0.22264E+05
 0.90499992E+01  0.21462E+05
 0.90999994E+01  0.20608E+05
 0.91499996E+01  0.19746E+05
 0.91999989E+01  0.18749E+05
 0.92499990E+01  0.17825E+05
 0.92999992E+01  0.16810E+05
 0.93499994E+01  0.15691E+05
 0.93999996E+01  0.14824E+05
 0.94499989E+01  0.13907E+05
 0.94999990E+01  0.12942E+05
 0.95499992E+01  0.12007E+05
 0.95999994E+01  0.10919E+05
 0.96499996E+01  0.98910E+04
 0.96999989E+01  0.90650E+04
 0.97499990E+01  0.83150E+04
 0.97999992E+01  0.76640E+04
 0.98499994E+01  0.70680E+04
 0.98999996E+01  0.64550E+04
 0.99499989E+01  0.60170E+04
 0.99999990E+01  0.56200E+04
 0.10049999E+02  0.51610E+04
 0.10099999E+02  0.48730E+04
 0.10150000E+02  0.45960E+04
 0.10199999E+02  0.43220E+04
 0.10249999E+02  0.41260E+04
 0.10299999E+02  0.39070E+04
 0.10349999E+02  0.37640E+04
 0.10400000E+02  0.35830E+04
 0.10449999E+02  0.34170E+04
 0.10499999E+02  0.32880E+04
 0.10549999E+02  0.30510E+04
 0.10599999E+02  0.28540E+04
 0.10650000E+02  0.26960E+04
 0.10699999E+02  0.26020E+04
 0.10749999E+02  0.25710E+04
 0.10799999E+02  0.24570E+04
 0.10849999E+02  0.23460E+04
 0.10900000E+02  0.22500E+04
 0.10949999E+02  0.21200E+04
 0.10999999E+02  0.19590E+04
 0.11049999E+02  0.17350E+04
 0.11099999E+02  0.15130E+04
 0.11150000E+02  0.11800E+04
 0.11199999E+02  0.79300E+03
 0.11249999E+02  0.44100E+03
 0.11299999E+02 -0.30000E+02
 0.11349999E+02 -0.41900E+03
 0.11400000E+02 -0.86800E+03
 0.11449999E+02 -0.14540E+04
 0.11499999E+02 -0.19580E+04
 0.11549999E+02 -0.27120E+04
 0.11599999E+02 -0.34940E+04
 0.11649999E+02 -0.41610E+04
 0.11699999E+02 -0.50020E+04
 0.11749999E+02 -0.57710E+04
 0.11799999E+02 -0.65610E+04
 0.11849999E+02 -0.73850E+04
 0.11899999E+02 -0.81620E+04
 0.11949999E+02 -0.91190E+04
 0.11999999E+02 -0.10020E+05
 0.12049999E+02 -0.10819E+05
 0.12099999E+02 -0.11639E+05
 0.12149999E+02 -0.12413E+05
 0.12199999E+02 -0.13187E+05
 0.12249999E+02 -0.13872E+05
 0.12299999E+02 -0.14476E+05
 0.12349999E+02 -0.15035E+05
 0.12399999E+02 -0.15457E+05
 0.12449999E+02 -0.15834E+05
 0.12499999E+02 -0.16194E+05
 0.12549999E+02 -0.16504E+05
 0.12599999E+02 -0.16853E+05
 0.12649999E+02 -0.17029E+05
 0.12699999E+02 -0.17003E+05
 0.12749999E+02 -0.16955E+05
 0.12799999E+02 -0.16713E+05
 0.12849999E+02 -0.16503E+05
 0.12899999E+02 -0.16394E+05
 0.12949999E+02 -0.16168E+05
 0.12999999E+02 -0.15996E+05
 0.13049999E+02 -0.15788E+05
 0.13099998E+02 -0.15509E+05
 0.13150000E+02 -0.15259E+05
 0.13199999E+02 -0.14942E+05
 0.13249998E+02 -0.14699E+05
 0.13299999E+02 -0.14530E+05
 0.13349998E+02 -0.14258E+05
 0.13400000E+02 -0.14089E+05
 0.13449999E+02 -0.14005E+05
 0.13499998E+02 -0.13815E+05
 0.13549999E+02 -0.13604E+05
 0.13599998E+02 -0.13355E+05
 0.13650000E+02 -0.13196E+05
 0.13699999E+02 -0.13097E+05
 0.13749998E+02 -0.12867E+05
 0.13799999E+02 -0.12600E+05
 0.13849998E+02 -0.12326E+05
 0.13900000E+02 -0.12088E+05
 0.13949999E+02 -0.11884E+05
 0.13999998E+02 -0.11673E+05
 0.14049999E+02 -0.11433E+05
 0.14099998E+02 -0.11108E+05
 0.14150000E+02 -0.10828E+05
 0.14199999E+02 -0.10577E+05
 0.14249998E+02 -0.10242E+05
 0.14299999E+02 -0.10002E+05
 0.14349998E+02 -0.98130E+04
 0.14400000E+02 -0.95990E+04
 0.14449999E+02 -0.95110E+04
 0.14499998E+02 -0.93240E+04
 0.14549999E+02 -0.91240E+04
 0.14599998E+02 -0.90850E+04
 0.14650000E+02 -0.89540E+04
 0.14699999E+02 -0.88570E+04
 0.14749998E+02 -0.87490E+04
 0.14799999E+02 -0.86260E+04
 0.14849998E+02 -0.86630E+04
 0.14900000E+02 -0.86630E+04
 0.14949999E+02 -0.87410E+04
 0.14999998E+02 -0.88900E+04
 0.15049999E+02 -0.89190E+04
 0.15099998E+02 -0.89700E+04
 0.15150000E+02 -0.89800E+04
 0.15199999E+02 -0.89560E+04
 0.15249998E+02 -0.89300E+04
 0.15299999E+02 -0.88170E+04
 0.15349998E+02 -0.86800E+04
 0.15400000E+02 -0.84580E+04
 0.15449999E+02 -0.82550E+04
 0.15499998E+02 -0.80680E+04
 0.15549999E+02 -0.77760E+04
 0.15599998E+02 -0.74120E+04
 0.15650000E+02 -0.68970E+04
 0.15699999E+02 -0.64030E+04
 0.15749998E+02 -0.58880E+04
 0.15799999E+02 -0.52020E+04
 0.15849998E+02 -0.45300E+04
 0.15900000E+02 -0.38970E+04
 0.15949999E+02 -0.33750E+04
 0.15999998E+02 -0.28790E+04
 0.16049999E+02 -0.22520E+04
 0.16099998E+02 -0.16190E+04
 0.16150000E+02 -0.92000E+03
 0.16199999E+02 -0.21400E+03
 0.16249998E+02  0.44400E+03
 0.16299999E+02  0.11710E+04
 0.16349998E+02  0.17900E+04
 0.16400000E+02  0.23750E+04
 0.16449999E+02  0.29880E+04
 0.16499998E+02  0.35190E+04
 0.16549999E+02  0.41590E+04
 0.16599998E+02  0.49460E+04
 0.16650000E+02  0.57000E+04
 0.16699999E+02  0.64090E+04
 0.16749998E+02  0.72170E+04
 0.16799999E+02  0.80090E+04
 0.16849998E+02  0.86790E+04
 0.16900000E+02  0.93490E+04
 0.16949999E+02  0.10002E+05
 0.16999998E+02  0.10623E+05
 0.17049999E+02  0.11220E+05
 0.17099998E+02  0.11842E+05
 0.17150000E+02  0.12501E+05
 0.17199999E+02  0.13114E+05
 0.17249998E+02  0.13684E+05
 0.17299999E+02  0.14166E+05
 0.17349998E+02  0.14560E+05
 0.17400000E+02  0.14875E+05
 0.17449999E+02  0.15108E+05
 0.17499998E+02  0.15430E+05
 0.17549999E+02  0.15801E+05
 0.17599998E+02  0.16151E+05
 0.17650000E+02  0.16571E+05
 0.17699999E+02  0.16894E+05
 0.17749998E+02  0.17168E+05
 0.17799999E+02  0.17497E+05
 0.17849998E+02  0.17732E+05
 0.17900000E+02  0.17963E+05
 0.17949999E+02  0.18281E+05
 0.17999998E+02  0.18596E+05
 0.18049999E+02  0.18954E+05
 0.18099998E+02  0.19399E+05
 0.18150000E+02  0.19751E+05
 0.18199999E+02  0.20175E+05
 0.18249998E+02  0.20760E+05
 0.18299999E+02  0.21189E+05
 0.18349998E+02  0.21506E+05
 0.18400000E+02  0.21822E+05
 0.18449999E+02  0.22207E+05
 0.18499998E+02  0.22656E+05
 0.18549999E+02  0.23142E+05
 0.18599998E+02  0.23734E+05
 0.18650000E+02  0.24333E+05
 0.18699999E+02  0.24961E+05
 0.18749998E+02  0.25587E+05
 0.18799999E+02  0.26164E+05
 0.18849998E+02  0.26731E+05
 0.18900000E+02  0.27263E+05
 0.18949999E+02  0.27825E+05
 0.18999998E+02  0.28513E+05
 0.19049999E+02  0.29347E+05
 0.19099998E+02  0.30177E+05
 0.19150000E+02  0.30890E+05
 0.19199999E+02  0.31573E+05
 0.19249998E+02  0.32228E+05
 0.19299999E+02  0.32764E+05
 0.19349998E+02  0.33232E+05
 0.19399998E+02  0.33670E+05
 0.19449999E+02  0.34101E+05
 0.19499998E+02  0.34607E+05
 0.19549999E+02  0.35107E+05
 0.19599998E+02  0.35583E+05
 0.19649998E+02  0.35968E+05
 0.19699999E+02  0.36282E+05
 0.19749998E+02  0.36651E+05
 0.19799999E+02  0.36872E+05
 0.19849998E+02  0.36976E+05
 0.19899998E+02  0.36991E+05
 0.19949999E+02  0.36914E+05
 0.19999998E+02  0.36868E+05
 0.20049999E+02  0.36707E+05
 0.20099998E+02  0.36625E+05
 0.20149998E+02  0.36531E+05
 0.20199999E+02  0.36306E+05
 0.20249998E+02  0.36213E+05
 0.20299999E+02  0.35926E+05
 0.20349998E+02  0.35599E+05
 0.20399998E+02  0.35344E+05
 0.20449999E+02  0.34947E+05
 0.20499998E+02  0.34775E+05
 0.20549999E+02  0.34664E+05
 0.20599998E+02  0.34542E+05
 0.20649998E+02  0.34636E+05
 0.20699999E+02  0.34719E+05
 0.20749998E+02  0.34850E+05
 0.20799999E+02  0.35030E+05
 0.20849998E+02  0.35082E+05
 0.20899998E+02  0.35214E+05
 0.20949999E+02  0.35398E+05
 0.20999998E+02  0.35553E+05
 0.21049999E+02  0.35772E+05
 0.21099998E+02  0.35930E+05
 0.21149998E+02  0.36170E+05
 0.21199999E+02  0.36547E+05
 0.21249998E+02  0.36920E+05
 0.21299999E+02  0.37341E+05
 0.21349998E+02  0.37716E+05
 0.21399998E+02  0.38051E+05
 0.21449999E+02  0.38366E+05
 0.21499998E+02  0.38487E+05
 0.21549999E+02  0.38557E+05
 0.21599998E+02  0.38715E+05
 0.21649998E+02  0.38866E+05
 0.21699999E+02  0.39158E+05
 0.21749998E+02  0.39480E+05
 0.21799999E+02  0.39635E+05
 0.21849998E+02  0.39731E+05
 0.21899998E+02  0.39643E+05
 0.21949999E+02  0.39451E+05
 0.21999998E+02  0.39235E+05
 0.22049999E+02  0.38984E+05
 0.22099998E+02  0.38873E+05
 0.22149998E+02  0.38608E+05
 0.22199999E+02  0.38297E+05
 0.22249998E+02  0.38250E+05
 0.22299999E+02  0.38121E+05
 0.22349998E+02  0.37820E+05
 0.22399998E+02  0.37444E+05
 0.22449999E+02  0.37043E+05
 0.22499998E+02  0.36659E+05
 0.22549999E+02  0.36267E+05
 0.22599998E+02  0.35831E+05
 0.22649998E+02  0.35347E+05
 0.22699999E+02  0.34829E+05
 0.22749998E+02  0.34223E+05
 0.22799999E+02  0.33629E+05
 0.22849998E+02  0.33066E+05
 0.22899998E+02  0.32496E+05
 0.22949999E+02  0.31854E+05
 0.22999998E+02  0.31089E+05
 0.23049999E+02  0.30291E+05
 0.23099998E+02  0.29449E+05
 0.23149998E+02  0.28660E+05
 0.23199999E+02  0.27931E+05
 0.23249998E+02  0.27229E+05
 0.23299999E+02  0.26477E+05
 0.23349998E+02  0.25583E+05
 0.23399998E+02  0.24787E+05
 0.23449999E+02  0.24005E+05
 0.23499998E+02  0.23200E+05
 0.23549999E+02  0.22560E+05
 0.23599998E+02  0.21949E+05
 0.23649998E+02  0.21275E+05
 0.23699999E+02  0.20586E+05
 0.23749998E+02  0.19855E+05
 0.23799999E+02  0.19115E+05
 0.23849998E+02  0.18408E+05
 0.23899998E+02  0.17625E+05
 0.23949999E+02  0.16920E+05
 0.23999998E+02  0.16295E+05
 0.24049999E+02  0.15536E+05
 0.24099998E+02  0.14740E+05
 0.24149998E+02  0.13894E+05
 0.24199999E+02  0.13064E+05
 0.24249998E+02  0.12249E+05
 0.24299999E+02  0.11293E+05
 0.24349998E+02  0.10329E+05
 0.24399998E+02  0.94370E+04
 0.24449999E+02  0.85430E+04
 0.24499998E+02  0.76780E+04
 0.24549999E+02  0.68650E+04
 0.24599998E+02  0.60720E+04
 0.24649998E+02  0.53180E+04
 0.24699999E+02  0.45150E+04
 0.24749998E+02  0.36680E+04
 0.24799999E+02  0.28220E+04
 0.24849998E+02  0.18800E+04
 0.24899998E+02  0.96900E+03
 0.24949999E+02  0.90000E+02
 0.24999998E+02 -0.83200E+03
 0.25049999E+02 -0.17040E+04
 0.25099998E+02 -0.24930E+04
 0.25149998E+02 -0.33050E+04
 0.25199999E+02 -0.42110E+04
 0.25249998E+02 -0.50880E+04
 0.25299999E+02 -0.59870E+04
 0.25349998E+02 -0.69150E+04
 0.25399998E+02 -0.77560E+04
 0.25449999E+02 -0.86770E+04
 0.25499998E+02 -0.96010E+04
 0.25549999E+02 -0.10457E+05
 0.25599998E+02 -0.11348E+05
 0.25649998E+02 -0.12107E+05
 0.25699999E+02 -0.12979E+05
 0.25749998E+02 -0.13943E+05
 0.25799999E+02 -0.14748E+05
 0.25849998E+02 -0.15680E+05
 0.25899998E+02 -0.16592E+05
 0.25949999E+02 -0.17475E+05
 0.25999998E+02 -0.18513E+05
 0.26049997E+02 -0.19410E+05
 0.26099998E+02 -0.20216E+05
 0.26149998E+02 -0.21137E+05
 0.26199999E+02 -0.22099E+05
 0.26249998E+02 -0.23014E+05
 0.26299997E+02 -0.23913E+05
 0.26349998E+02 -0.24867E+05
 0.26399998E+02 -0.25788E+05
 0.26449999E+02 -0.26667E+05
 0.26499998E+02 -0.27656E+05
 0.26549997E+02 -0.28682E+05
 0.26599998E+02 -0.29624E+05
 0.26649998E+02 -0.30509E+05
 0.26699999E+02 -0.31402E+05
 0.26749998E+02 -0.32349E+05
 0.26799997E+02 -0.33286E+05
 0.26849998E+02 -0.34285E+05
 0.26899998E+02 -0.35383E+05
 0.26949999E+02 -0.36473E+05
 0.26999998E+02 -0.37531E+05
 0.27049997E+02 -0.38557E+05
 0.27099998E+02 -0.39608E+05
 0.27149998E+02 -0.40675E+05
 0.27199999E+02 -0.41773E+05
 0.27249998E+02 -0.42924E+05
 0.27299997E+02 -0.44021E+05
 0.27349998E+02 -0.45092E+05
 0.27399998E+02 -0.46191E+05
 0.27449999E+02 -0.47318E+05
 0.27499998E+02 -0.48463E+05
 0.27549997E+02 -0.49570E+05
 0.27599998E+02 -0.50646E+05
 0.27649998E+02 -0.51694E+05
 0.27699999E+02 -0.52623E+05
 0.27749998E+02 -0.53428E+05
 0.27799997E+02 -0.54210E+05
 0.27849998E+02 -0.55029E+05
 0.27899998E+02 -0.55796E+05
 0.27949999E+02 -0.56454E+05
 0.27999998E+02 -0.57122E+05
 0.28049997E+02 -0.57790E+05
 0.28099998E+02 -0.58359E+05
 0.28149998E+02 -0.58819E+05
 0.28199999E+02 -0.59220E+05
 0.28249998E+02 -0.59647E+05
 0.28299997E+02 -0.60057E+05
 0.28349998E+02 -0.60431E+05
 0.28399998E+02 -0.60771E+05
 0.28449999E+02 -0.60947E+05
 0.28499998E+02 -0.61028E+05
 0.28549997E+02 -0.61118E+05
 0.28599998E+02 -0.61189E+05
 0.28649998E+02 -0.61226E+05
 0.28699999E+02 -0.61151E+05
 0.28749998E+02 -0.60923E+05
 0.28799997E+02 -0.60523E+05
 0.28849998E+02 -0.60061E+05
 0.28899998E+02 -0.59642E+05
 0.28949999E+02 -0.59196E+05
 0.28999998E+02 -0.58728E+05
 0.29049999E+02 -0.58123E+05
 0.29099998E+02 -0.57290E+05
 0.29149998E+02 -0.56363E+05
 0.29199997E+02 -0.55456E+05
 0.29249996E+02 -0.54519E+05
 0.29299999E+02 -0.53428E+05
 0.29349998E+02 -0.52273E+05
 0.29399998E+02 -0.51072E+05
 0.29449997E+02 -0.49815E+05
 0.29499996E+02 -0.48535E+05
 0.29549999E+02 -0.47247E+05
 0.29599998E+02 -0.45977E+05
 0.29649998E+02 -0.44558E+05
 0.29699997E+02 -0.43128E+05
 0.29749996E+02 -0.41732E+05
 0.29799999E+02 -0.40181E+05
 0.29849998E+02 -0.38640E+05
 0.29899998E+02 -0.37082E+05
 0.29949997E+02 -0.35500E+05
 0.29999996E+02 -0.33943E+05
 0.30049999E+02 -0.32327E+05
 0.30099998E+02 -0.30694E+05
 0.30149998E+02 -0.29099E+05
 0.30199997E+02 -0.27625E+05
 0.30249996E+02 -0.26142E+05
 0.30299999E+02 -0.24617E+05
 0.30349998E+02 -0.23143E+05
 0.30399998E+02 -0.21594E+05
 0.30449997E+02 -0.20043E+05
 0.30499996E+02 -0.18566E+05
 0.30549999E+02 -0.17142E+05
 0.30599998E+02 -0.15718E+05
 0.30649998E+02 -0.14240E+05
 0.30699997E+02 -0.12788E+05
 0.30749996E+02 -0.11288E+05
 0.30799999E+02 -0.97470E+04
 0.30849998E+02 -0.83200E+04
 0.30899998E+02 -0.69490E+04
 0.30949997E+02 -0.54750E+04
 0.30999996E+02 -0.38750E+04
 0.31049999E+02 -0.22970E+04
 0.31099998E+02 -0.79900E+03
 0.31149998E+02  0.74800E+03
 0.31199997E+02  0.23160E+04
 0.31249996E+02  0.38010E+04
 0.31299999E+02  0.52850E+04
 0.31349998E+02  0.67240E+04
 0.31399998E+02  0.81130E+04
 0.31449997E+02  0.95560E+04
 0.31499996E+02  0.10979E+05
 0.31549999E+02  0.12425E+05
 0.31599998E+02  0.13920E+05
 0.31649998E+02  0.15437E+05
 0.31699997E+02  0.16960E+05
 0.31749996E+02  0.18371E+05
 0.31799999E+02  0.19803E+05
 0.31849998E+02  0.21321E+05
 0.31899998E+02  0.22760E+05
 0.31949997E+02  0.24213E+05
 0.31999996E+02  0.25632E+05
 0.32049999E+02  0.26993E+05
 0.32099998E+02  0.28480E+05
 0.32149998E+02  0.29914E+05
 0.32199997E+02  0.31245E+05
 0.32249996E+02  0.32623E+05
 0.32299999E+02  0.34028E+05
 0.32349998E+02  0.35465E+05
 0.32399998E+02  0.36807E+05
 0.32449997E+02  0.38095E+05
 0.32499996E+02  0.39432E+05
 0.32549999E+02  0.40692E+05
 0.32599998E+02  0.41918E+05
 0.32649998E+02  0.43147E+05
 0.32699997E+02  0.44418E+05
 0.32749996E+02  0.45669E+05
 0.32799999E+02  0.46845E+05
 0.32849998E+02  0.47991E+05
 0.32899998E+02  0.49045E+05
 0.32949997E+02  0.50047E+05
 0.32999996E+02  0.50923E+05
 0.33049999E+02  0.51764E+05
 0.33099998E+02  0.52659E+05
 0.33149998E+02  0.53408E+05
 0.33199997E+02  0.54060E+05
 0.33249996E+02  0.54675E+05
 0.33299999E+02  0.55126E+05
 0.33349998E+02  0.55464E+05
 0.33399998E+02  0.55858E+05
 0.33449997E+02  0.56174E+05
 0.33499996E+02  0.56448E+05
 0.33549999E+02  0.56856E+05
 0.33599998E+02  0.57147E+05
 0.33649998E+02  0.57314E+05
 0.33699997E+02  0.57428E+05
 0.33749996E+02  0.57392E+05
 0.33799999E+02  0.57381E+05
 0.33849998E+02  0.57463E+05
 0.33899998E+02  0.57569E+05
 0.33949997E+02  0.57632E+05
 0.33999996E+02  0.57637E+05
 0.34049999E+02  0.57652E+05
 0.34099998E+02  0.57601E+05
 0.34149998E+02  0.57526E+05
 0.34199997E+02  0.57472E+05
 0.34249996E+02  0.57322E+05
 0.34299999E+02  0.57230E+05
 0.34349998E+02  0.57267E+05
 0.34399998E+02  0.57221E+05
 0.34449997E+02  0.57098E+05
 0.34499996E+02  0.56862E+05
 0.34549999E+02  0.56494E+05
 0.34599998E+02  0.56171E+05
 0.34649998E+02  0.55837E+05
 0.34699997E+02  0.55503E+05
 0.34749996E+02  0.55210E+05
 0.34799999E+02  0.54838E+05
 0.34849998E+02  0.54346E+05
 0.34899998E+02  0.53764E+05
 0.34949997E+02  0.53179E+05
 0.34999996E+02  0.52467E+05
 0.35049999E+02  0.51617E+05
 0.35099998E+02  0.50747E+05
 0.35149998E+02  0.49832E+05
 0.35199997E+02  0.48983E+05
 0.35249996E+02  0.48139E+05
 0.35299999E+02  0.47208E+05
 0.35349998E+02  0.46207E+05
 0.35399998E+02  0.45131E+05
 0.35449997E+02  0.44030E+05
 0.35499996E+02  0.42855E+05
 0.35549999E+02  0.41723E+05
 0.35599998E+02  0.40567E+05
 0.35649998E+02  0.39228E+05
 0.35699997E+02  0.37905E+05
 0.35749996E+02  0.36600E+05
 0.35799999E+02  0.35336E+05
 0.35849998E+02  0.34082E+05
 0.35899998E+02  0.32674E+05
 0.35949997E+02  0.31254E+05
 0.35999996E+02  0.29702E+05
 0.36049999E+02  0.28059E+05
 0.36099998E+02  0.26592E+05
 0.36149998E+02  0.25068E+05
 0.36199997E+02  0.23522E+05
 0.36249996E+02  0.22058E+05
 0.36299999E+02  0.20449E+05
 0.36349998E+02  0.18832E+05
 0.36399998E+02  0.17270E+05
 0.36449997E+02  0.15726E+05
 0.36499996E+02  0.14219E+05
 0.36549999E+02  0.12619E+05
 0.36599998E+02  0.11130E+05
 0.36649998E+02  0.97590E+04
 0.36699997E+02  0.84430E+04
 0.36749996E+02  0.73220E+04
 0.36799999E+02  0.61490E+04
 0.36849998E+02  0.50370E+04
 0.36899998E+02  0.40610E+04
 0.36949997E+02  0.30340E+04
 0.36999996E+02  0.22540E+04
 0.37049999E+02  0.15580E+04
 0.37099998E+02  0.84000E+03
 0.37149998E+02  0.21700E+03
 0.37199997E+02 -0.47900E+03
 0.37249996E+02 -0.89000E+03
 0.37299999E+02 -0.11660E+04
 0.37349998E+02 -0.15470E+04
 0.37399998E+02 -0.17450E+04
 0.37449997E+02 -0.19800E+04
 0.37499996E+02 -0.22590E+04
 0.37549999E+02 -0.24810E+04
 0.37599998E+02 -0.26990E+04
 0.37649998E+02 -0.28160E+04
 0.37699997E+02 -0.29730E+04
 0.37749996E+02 -0.31710E+04
 0.37799999E+02 -0.31950E+04
 0.37849998E+02 -0.32530E+04
 0.37899998E+02 -0.33250E+04
 0.37949997E+02 -0.33250E+04
 0.37999996E+02 -0.35150E+04
 0.38049999E+02 -0.35540E+04
 0.38099998E+02 -0.35550E+04
 0.38149998E+02 -0.36280E+04
 0.38199997E+02 -0.34890E+04
 0.38249996E+02 -0.35550E+04
 0.38299999E+02 -0.35290E+04
 0.38349998E+02 -0.33510E+04
 0.38399998E+02 -0.33380E+04
 0.38449997E+02 -0.31050E+04
 0.38499996E+02 -0.30230E+04
 0.38549999E+02 -0.30290E+04
 0.38599998E+02 -0.27890E+04
 0.38649998E+02 -0.28200E+04
 0.38699997E+02 -0.28560E+04
 0.38749996E+02 -0.27500E+04
 0.38799999E+02 -0.27920E+04
 0.38849998E+02 -0.27920E+04
 0.38899998E+02 -0.28040E+04
 0.38949997E+02 -0.27270E+04
 0.38999996E+02 -0.26480E+04
 0.39049999E+02 -0.28210E+04
 0.39099998E+02 -0.29180E+04
 0.39149998E+02 -0.30550E+04
 0.39199997E+02 -0.32400E+04
 0.39249996E+02 -0.32830E+04
 0.39299999E+02 -0.34530E+04
 0.39349998E+02 -0.34780E+04
 0.39399998E+02 -0.34140E+04
 0.39449997E+02 -0.35630E+04
 0.39499996E+02 -0.35670E+04
 0.39549999E+02 -0.36670E+04
 0.39599998E+02 -0.38670E+04
 0.39649998E+02 -0.38650E+04
 0.39699997E+02 -0.40040E+04
 0.39749996E+02 -0.40620E+04
 0.39799999E+02 -0.39900E+04
 0.39849998E+02 -0.40390E+04
 0.39899998E+02 -0.39320E+04
 0.39949997E+02 -0.39030E+04
 0.39999996E+02 -0.39900E+04
 0.40049999E+02 -0.39490E+04
 0.40099998E+02 -0.39510E+04
 0.40149998E+02 -0.39220E+04
 0.40199997E+02 -0.38380E+04
 0.40249996E+02 -0.37380E+04
 0.40299999E+02 -0.36580E+04
 0.40349998E+02 -0.36930E+04
 0.40399998E+02 -0.37470E+04
 0.40449997E+02 -0.38350E+04
 0.40499996E+02 -0.39880E+04
 0.40549999E+02 -0.41470E+04
 0.40599998E+02 -0.42520E+04
 0.40649998E+02 -0.43760E+04
 0.40699997E+02 -0.47140E+04
 0.40749996E+02 -0.52230E+04
 0.40799999E+02 -0.57170E+04
 0.40849998E+02 -0.62580E+04
 0.40899998E+02 -0.69560E+04
 0.40949997E+02 -0.76750E+04
 0.40999996E+02 -0.83990E+04
 0.41049999E+02 -0.91290E+04
 0.41099998E+02 -0.99060E+04
 0.41149998E+02 -0.10878E+05
 0.41199997E+02 -0.11969E+05
 0.41249996E+02 -0.13110E+05
 0.41299999E+02 -0.14343E+05
 0.41349998E+02 -0.15681E+05
 0.41399998E+02 -0.16947E+05
 0.41449997E+02 -0.18165E+05
 0.41499996E+02 -0.19510E+05
 0.41549999E+02 -0.20783E+05
 0.41599998E+02 -0.22086E+05
 0.41649998E+02 -0.23558E+05
 0.41699997E+02 -0.24907E+05
 0.41749996E+02 -0.26213E+05
 0.41799995E+02 -0.27595E+05
 0.41849998E+02 -0.28915E+05
 0.41899998E+02 -0.30328E+05
 0.41949997E+02 -0.31694E+05
 0.41999996E+02 -0.32922E+05
 0.42049995E+02 -0.34341E+05
 0.42099998E+02 -0.35660E+05
 0.42149998E+02 -0.36900E+05
 0.42199997E+02 -0.38235E+05
 0.42249996E+02 -0.39431E+05
 0.42299995E+02 -0.40798E+05
 0.42349998E+02 -0.42165E+05
 0.42399998E+02 -0.43365E+05
 0.42449997E+02 -0.44684E+05
 0.42499996E+02 -0.45914E+05
 0.42549995E+02 -0.47182E+05
 0.42599998E+02 -0.48492E+05
 0.42649998E+02 -0.49627E+05
 0.42699997E+02 -0.50763E+05
 0.42749996E+02 -0.51785E+05
 0.42799995E+02 -0.52765E+05
 0.42849998E+02 -0.53913E+05
 0.42899998E+02 -0.54935E+05
 0.42949997E+02 -0.55826E+05
 0.42999996E+02 -0.56736E+05
 0.43049995E+02 -0.57527E+05
 0.43099998E+02 -0.58270E+05
 0.43149998E+02 -0.58973E+05
 0.43199997E+02 -0.59521E+05
 0.43249996E+02 -0.59947E+05
 0.43299995E+02 -0.60306E+05
 0.43349998E+02 -0.60571E+05
 0.43399998E+02 -0.60767E+05
 0.43449997E+02 -0.61033E+05
 0.43499996E+02 -0.61227E+05
 0.43549995E+02 -0.61330E+05
 0.43599998E+02 -0.61381E+05
 0.43649998E+02 -0.61178E+05
 0.43699997E+02 -0.60950E+05
 0.43749996E+02 -0.60776E+05
 0.43799995E+02 -0.60515E+05
 0.43849998E+02 -0.60340E+05
 0.43899998E+02 -0.60154E+05
 0.43949997E+02 -0.59862E+05
 0.43999996E+02 -0.59582E+05
 0.44049995E+02 -0.59146E+05
 0.44099998E+02 -0.58584E+05
 0.44149998E+02 -0.58115E+05
 0.44199997E+02 -0.57532E+05
 0.44249996E+02 -0.56845E+05
 0.44299995E+02 -0.56205E+05
 0.44349998E+02 -0.55533E+05
 0.44399998E+02 -0.54866E+05
 0.44449997E+02 -0.54090E+05
 0.44499996E+02 -0.53251E+05
 0.44549995E+02 -0.52390E+05
 0.44599998E+02 -0.51345E+05
 0.44649998E+02 -0.50312E+05
 0.44699997E+02 -0.49386E+05
 0.44749996E+02 -0.48432E+05
 0.44799995E+02 -0.47380E+05
 0.44849998E+02 -0.46178E+05
 0.44899998E+02 -0.44855E+05
 0.44949997E+02 -0.43597E+05
 0.44999996E+02 -0.42303E+05
 0.45049995E+02 -0.40827E+05
 0.45099998E+02 -0.39356E+05
 0.45149998E+02 -0.37782E+05
 0.45199997E+02 -0.36139E+05
 0.45249996E+02 -0.34510E+05
 0.45299995E+02 -0.32770E+05
 0.45349998E+02 -0.31081E+05
 0.45399998E+02 -0.29375E+05
 0.45449997E+02 -0.27550E+05
 0.45499996E+02 -0.25781E+05
 0.45549995E+02 -0.24065E+05
 0.45599998E+02 -0.22243E+05
 0.45649998E+02 -0.20384E+05
 0.45699997E+02 -0.18596E+05
 0.45749996E+02 -0.16741E+05
 0.45799995E+02 -0.14847E+05
 0.45849998E+02 -0.13016E+05
 0.45899998E+02 -0.11206E+05
 0.45949997E+02 -0.93750E+04
 0.45999996E+02 -0.75670E+04
 0.46049995E+02 -0.57730E+04
 0.46099998E+02 -0.38940E+04
 0.46149998E+02 -0.19990E+04
 0.46199997E+02 -0.10000E+03
 0.46249996E+02  0.17140E+04
 0.46299995E+02  0.34580E+04
 0.46349998E+02  0.53220E+04
 0.46399998E+02  0.70430E+04
 0.46449997E+02  0.87040E+04
 0.46499996E+02  0.10498E+05
 0.46549995E+02  0.12204E+05
 0.46599998E+02  0.13999E+05
 0.46649998E+02  0.15837E+05
 0.46699997E+02  0.17614E+05
 0.46749996E+02  0.19405E+05
 0.46799995E+02  0.21143E+05
 0.46849998E+02  0.22891E+05
 0.46899998E+02  0.24582E+05
 0.46949997E+02  0.26289E+05
 0.46999996E+02  0.28007E+05
 0.47049995E+02  0.29615E+05
 0.47099998E+02  0.31279E+05
 0.47149998E+02  0.32951E+05
 0.47199997E+02  0.34460E+05
 0.47249996E+02  0.35920E+05
 0.47299995E+02  0.37435E+05
 0.47349998E+02  0.38885E+05
 0.47399998E+02  0.40226E+05
 0.47449997E+02  0.41479E+05
 0.47499996E+02  0.42735E+05
 0.47549995E+02  0.43969E+05
 0.47599998E+02  0.45073E+05
 0.47649998E+02  0.46161E+05
 0.47699997E+02  0.47188E+05
 0.47749996E+02  0.48192E+05
 0.47799995E+02  0.49214E+05
 0.47849998E+02  0.50189E+05
 0.47899998E+02  0.51146E+05
 0.47949997E+02  0.52010E+05
 0.47999996E+02  0.52849E+05
 0.48049995E+02  0.53532E+05
 0.48099998E+02  0.54140E+05
 0.48149998E+02  0.54791E+05
 0.48199997E+02  0.55256E+05
 0.48249996E+02  0.55801E+05
 0.48299995E+02  0.56336E+05
 0.48349998E+02  0.56749E+05
 0.48399998E+02  0.57201E+05
 0.48449997E+02  0.57529E+05
 0.48499996E+02  0.57745E+05
 0.48549995E+02  0.57806E+05
 0.48599998E+02  0.57829E+05
 0.48649998E+02  0.57907E+05
 0.48699997E+02  0.57867E+05
 0.48749996E+02  0.57808E+05
 0.48799995E+02  0.57766E+05
 0.48849998E+02  0.57577E+05
 0.48899998E+02  0.57328E+05
 0.48949997E+02  0.57086E+05
 0.48999996E+02  0.56753E+05
 0.49049995E+02  0.56478E+05
 0.49099998E+02  0.56136E+05
 0.49149998E+02  0.55681E+05
 0.49199997E+02  0.55295E+05
 0.49249996E+02  0.54825E+05
 0.49299995E+02  0.54368E+05
 0.49349998E+02  0.53901E+05
 0.49399998E+02  0.53441E+05
 0.49449997E+02  0.53078E+05
 0.49499996E+02  0.52531E+05
 0.49549995E+02  0.51940E+05
 0.49599998E+02  0.51416E+05
 0.49649998E+02  0.50791E+05
 0.49699997E+02  0.50174E+05
 0.49749996E+02  0.49536E+05
 0.49799995E+02  0.48820E+05
 0.49849998E+02  0.48085E+05
 0.49899998E+02  0.47318E+05
 0.49949997E+02  0.46600E+05
 0.49999996E+02  0.45847E+05
 0.50049995E+02  0.45005E+05
 0.50099998E+02  0.44260E+05
 0.50149998E+02  0.43500E+05
 0.50199997E+02  0.42692E+05
 0.50249996E+02  0.41919E+05
 0.50299995E+02  0.41113E+05
 0.50349998E+02  0.40366E+05
 0.50399998E+02  0.39553E+05
 0.50449997E+02  0.38661E+05
 0.50499996E+02  0.37916E+05
 0.50549995E+02  0.37165E+05
 0.50599998E+02  0.36411E+05
 0.50649998E+02  0.35746E+05
 0.50699997E+02  0.35085E+05
 0.50749996E+02  0.34421E+05
 0.50799995E+02  0.33747E+05
 0.50849998E+02  0.33066E+05
 0.50899998E+02  0.32367E+05
 0.50949997E+02  0.31703E+05
 0.50999996E+02  0.31107E+05
 0.51049995E+02  0.30502E+05
 0.51099998E+02  0.29883E+05
 0.51149998E+02  0.29175E+05
 0.51199997E+02  0.28424E+05
 0.51249996E+02  0.27675E+05
 0.51299995E+02  0.26949E+05
 0.51349998E+02  0.26276E+05
 0.51399998E+02  0.25447E+05
 0.51449997E+02  0.24649E+05
 0.51499996E+02  0.23953E+05
 0.51549995E+02  0.23159E+05
 0.51599998E+02  0.22346E+05
 0.51649998E+02  0.21499E+05
 0.51699997E+02  0.20741E+05
 0.51749996E+02  0.20000E+05
 0.51799995E+02  0.19124E+05
 0.51849998E+02  0.18326E+05
 0.51899998E+02  0.17534E+05
 0.51949997E+02  0.16665E+05
 0.51999996E+02  0.15896E+05
 0.52049995E+02  0.15091E+05
 0.52099998E+02  0.14210E+05
 0.52149998E+02  0.13408E+05
 0.52199997E+02  0.12550E+05
 0.52249996E+02  0.11716E+05
 0.52299995E+02  0.10935E+05
 0.52349998E+02  0.10092E+05
 0.52399998E+02  0.92720E+04
 0.52449997E+02  0.84040E+04
 0.52499996E+02  0.74710E+04
 0.52549995E+02  0.66170E+04
 0.52599998E+02  0.58460E+04
 0.52649998E+02  0.50090E+04
 0.52699997E+02  0.42180E+04
 0.52749996E+02  0.34740E+04
 0.52799995E+02  0.26550E+04
 0.52849998E+02  0.18740E+04
 0.52899998E+02  0.10220E+04
 0.52949997E+02  0.16000E+03
 0.52999996E+02 -0.57400E+03
 0.53049995E+02 -0.13450E+04
 0.53099998E+02 -0.20680E+04
 0.53149998E+02 -0.26240E+04
 0.53199997E+02 -0.32510E+04
 0.53249996E+02 -0.39570E+04
 0.53299995E+02 -0.46070E+04
 0.53349998E+02 -0.52650E+04
 0.53399998E+02 -0.58470E+04
 0.53449997E+02 -0.63910E+04
 0.53499996E+02 -0.69480E+04
 0.53549995E+02 -0.74600E+04
 0.53599998E+02 -0.80040E+04
 0.53649998E+02 -0.85060E+04
 0.53699997E+02 -0.89890E+04
 0.53749996E+02 -0.95000E+04
 0.53799995E+02 -0.99860E+04
 0.53849998E+02 -0.10463E+05
 0.53899998E+02 -0.10843E+05
 0.53949997E+02 -0.11198E+05
 0.53999996E+02 -0.11527E+05
 0.54049995E+02 -0.11830E+05
 0.54099998E+02 -0.12182E+05
 0.54149998E+02 -0.12405E+05
 0.54199997E+02 -0.12642E+05
 0.54249996E+02 -0.12984E+05
 0.54299995E+02 -0.13250E+05
 0.54349998E+02 -0.13449E+05
 0.54399998E+02 -0.13636E+05
 0.54449997E+02 -0.13798E+05
 0.54499996E+02 -0.13963E+05
 0.54549995E+02 -0.14174E+05
 0.54599998E+02 -0.14315E+05
 0.54649998E+02 -0.14475E+05
 0.54699997E+02 -0.14678E+05
 0.54749996E+02 -0.14732E+05
 0.54799995E+02 -0.14734E+05
 0.54849995E+02 -0.14735E+05
 0.54899998E+02 -0.14648E+05
 0.54949997E+02 -0.14572E+05
 0.54999996E+02 -0.14567E+05
 0.55049995E+02 -0.14507E+05
 0.55099995E+02 -0.14474E+05
 0.55149998E+02 -0.14468E+05
 0.55199997E+02 -0.14317E+05
 0.55249996E+02 -0.14098E+05
 0.55299995E+02 -0.13994E+05
 0.55349995E+02 -0.13888E+05
 0.55399998E+02 -0.13595E+05
 0.55449997E+02 -0.13300E+05
 0.55499996E+02 -0.13013E+05
 0.55549995E+02 -0.12801E+05
 0.55599995E+02 -0.12702E+05
 0.55649998E+02 -0.12431E+05
 0.55699997E+02 -0.12140E+05
 0.55749996E+02 -0.11924E+05
 0.55799995E+02 -0.11671E+05
 0.55849995E+02 -0.11483E+05
 0.55899998E+02 -0.11307E+05
 0.55949997E+02 -0.11160E+05
 0.55999996E+02 -0.11029E+05
 0.56049995E+02 -0.10817E+05
 0.56099995E+02 -0.10738E+05
 0.56149998E+02 -0.10654E+05
 0.56199997E+02 -0.10499E+05
 0.56249996E+02 -0.10570E+05
 0.56299995E+02 -0.10640E+05
 0.56349995E+02 -0.10630E+05
 0.56399998E+02 -0.10651E+05
 0.56449997E+02 -0.10685E+05
 0.56499996E+02 -0.10822E+05
 0.56549995E+02 -0.10915E+05
 0.56599995E+02 -0.10902E+05
 0.56649998E+02 -0.10947E+05
 0.56699997E+02 -0.11052E+05
 0.56749996E+02 -0.11186E+05
 0.56799995E+02 -0.11270E+05
 0.56849995E+02 -0.11336E+05
 0.56899998E+02 -0.11438E+05
 0.56949997E+02 -0.11435E+05
 0.56999996E+02 -0.11432E+05
 0.57049995E+02 -0.11494E+05
 0.57099995E+02 -0.11532E+05
 0.57149998E+02 -0.11563E+05
 0.57199997E+02 -0.11429E+05
 0.57249996E+02 -0.11241E+05
 0.57299995E+02 -0.11140E+05
 0.57349995E+02 -0.11011E+05
 0.57399998E+02 -0.10994E+05
 0.57449997E+02 -0.10937E+05
 0.57499996E+02 -0.10708E+05
 0.57549995E+02 -0.10572E+05
 0.57599995E+02 -0.10403E+05
 0.57649998E+02 -0.10200E+05
 0.57699997E+02 -0.10032E+05
 0.57749996E+02 -0.97700E+04
 0.57799995E+02 -0.96440E+04
 0.57849995E+02 -0.95820E+04
 0.57899998E+02 -0.94230E+04
 0.57949997E+02 -0.93350E+04
 0.57999996E+02 -0.91780E+04
 0.58049995E+02 -0.89790E+04
 0.58099995E+02 -0.88940E+04
 0.58149998E+02 -0.87950E+04
 0.58199997E+02 -0.87660E+04
 0.58249996E+02 -0.87850E+04
 0.58299995E+02 -0.86770E+04
 0.58349995E+02 -0.85870E+04
 0.58399998E+02 -0.85680E+04
 0.58449997E+02 -0.85330E+04
 0.58499996E+02 -0.84470E+04
 0.58549995E+02 -0.83720E+04
 0.58599995E+02 -0.84260E+04
 0.58649998E+02 -0.84990E+04
 0.58699997E+02 -0.85370E+04
 0.58749996E+02 -0.85830E+04
 0.58799995E+02 -0.86060E+04
 0.58849995E+02 -0.86100E+04
 0.58899998E+02 -0.86280E+04
 0.58949997E+02 -0.87660E+04
 0.58999996E+02 -0.89080E+04
 0.59049995E+02 -0.90260E+04
 0.59099995E+02 -0.92620E+04
 0.59149998E+02 -0.94480E+04
 0.59199997E+02 -0.96060E+04
 0.59249996E+02 -0.98200E+04
 0.59299995E+02 -0.10051E+05
 0.59349995E+02 -0.10283E+05
 0.59399998E+02 -0.10421E+05
 0.59449997E+02 -0.10523E+05
 0.59499996E+02 -0.10754E+05
 0.59549995E+02 -0.11042E+05
 0.59599995E+02 -0.11243E+05
 0.59649998E+02 -0.11479E+05
 0.59699997E+02 -0.11691E+05
 0.59749996E+02 -0.11852E+05
 0.59799995E+02 -0.12009E+05
 0.59849995E+02 -0.12133E+05
 0.59899998E+02 -0.12334E+05
 0.59949997E+02 -0.12415E+05
 0.59999996E+02 -0.12468E+05
 0.60049995E+02 -0.12570E+05
 0.60099995E+02 -0.12696E+05
 0.60149998E+02 -0.13030E+05
 0.60199997E+02 -0.13300E+05
 0.60249996E+02 -0.13612E+05
 0.60299995E+02 -0.14015E+05
 0.60349995E+02 -0.14317E+05
 0.60399998E+02 -0.14694E+05
 0.60449997E+02 -0.15050E+05
 0.60499996E+02 -0.15398E+05
 0.60549995E+02 -0.15817E+05
 0.60599995E+02 -0.16306E+05
 0.60649998E+02 -0.16853E+05
 0.60699997E+02 -0.17398E+05
 0.60749996E+02 -0.18016E+05
 0.60799995E+02 -0.18624E+05
 0.60849995E+02 -0.19251E+05
 0.60899998E+02 -0.19955E+05
 0.60949997E+02 -0.20571E+05
 0.60999996E+02 -0.21196E+05
 0.61049995E+02 -0.22026E+05
 0.61099998E+02 -0.22864E+05
 0.61149994E+02 -0.23567E+05
 0.61199997E+02 -0.24339E+05
 0.61249992E+02 -0.25143E+05
 0.61299995E+02 -0.25905E+05
 0.61349998E+02 -0.26714E+05
 0.61399994E+02 -0.27546E+05
 0.61449997E+02 -0.28368E+05
 0.61499992E+02 -0.29186E+05
 0.61549995E+02 -0.30069E+05
 0.61599998E+02 -0.30895E+05
 0.61649994E+02 -0.31544E+05
 0.61699997E+02 -0.32281E+05
 0.61749992E+02 -0.33175E+05
 0.61799995E+02 -0.34011E+05
 0.61849998E+02 -0.34833E+05
 0.61899994E+02 -0.35681E+05
 0.61949997E+02 -0.36543E+05
 0.61999992E+02 -0.37299E+05
 0.62049995E+02 -0.37812E+05
 0.62099998E+02 -0.38336E+05
 0.62149994E+02 -0.38921E+05
 0.62199997E+02 -0.39508E+05
 0.62249992E+02 -0.40032E+05
 0.62299995E+02 -0.40356E+05
 0.62349998E+02 -0.40624E+05
 0.62399994E+02 -0.40776E+05
 0.62449997E+02 -0.40829E+05
 0.62499992E+02 -0.40929E+05
 0.62549995E+02 -0.40947E+05
 0.62599998E+02 -0.40800E+05
 0.62649994E+02 -0.40616E+05
 0.62699997E+02 -0.40483E+05
 0.62749992E+02 -0.40171E+05
 0.62799995E+02 -0.39666E+05
 0.62849998E+02 -0.39121E+05
 0.62899994E+02 -0.38519E+05
 0.62949997E+02 -0.37915E+05
 0.62999992E+02 -0.37317E+05
 0.63049995E+02 -0.36750E+05
 0.63099998E+02 -0.36103E+05
 0.63149994E+02 -0.35309E+05
 0.63199997E+02 -0.34482E+05
 0.63249992E+02 -0.33648E+05
 0.63299995E+02 -0.32817E+05
 0.63349998E+02 -0.31919E+05
 0.63399994E+02 -0.31035E+05
 0.63449997E+02 -0.30128E+05
 0.63499992E+02 -0.29235E+05
 0.63549995E+02 -0.28443E+05
 0.63599998E+02 -0.27551E+05
 0.63649994E+02 -0.26637E+05
 0.63699997E+02 -0.25666E+05
 0.63749992E+02 -0.24650E+05
 0.63799995E+02 -0.23687E+05
 0.63849998E+02 -0.22651E+05
 0.63899994E+02 -0.21597E+05
 0.63949997E+02 -0.20475E+05
 0.63999992E+02 -0.19328E+05
 0.64049995E+02 -0.18266E+05
 0.64099998E+02 -0.17189E+05
 0.64149994E+02 -0.16043E+05
 0.64199997E+02 -0.14800E+05
 0.64249992E+02 -0.13563E+05
 0.64299995E+02 -0.12303E+05
 0.64349998E+02 -0.10995E+05
 0.64399994E+02 -0.98450E+04
 0.64449997E+02 -0.87000E+04
 0.64499992E+02 -0.75270E+04
 0.64549995E+02 -0.64190E+04
 0.64599998E+02 -0.52150E+04
 0.64649994E+02 -0.40770E+04
 0.64699997E+02 -0.29570E+04
 0.64749992E+02 -0.17750E+04
 0.64799995E+02 -0.76900E+03
 0.64849998E+02  0.17100E+03
 0.64899994E+02  0.11560E+04
 0.64949997E+02  0.21480E+04
 0.64999992E+02  0.31700E+04
 0.65049995E+02  0.41300E+04
 0.65099998E+02  0.50270E+04
 0.65149994E+02  0.59540E+04
 0.65199997E+02  0.68400E+04
 0.65249992E+02  0.77260E+04
 0.65299995E+02  0.86690E+04
 0.65349998E+02  0.95830E+04
 0.65399994E+02  0.10475E+05
 0.65449997E+02  0.11335E+05
 0.65499992E+02  0.12151E+05
 0.65549995E+02  0.12976E+05
 0.65599998E+02  0.13802E+05
 0.65649994E+02  0.14635E+05
 0.65699997E+02  0.15435E+05
 0.65749992E+02  0.16099E+05
 0.65799995E+02  0.16730E+05
 0.65849998E+02  0.17386E+05
 0.65899994E+02  0.18027E+05
 0.65949997E+02  0.18651E+05
 0.65999992E+02  0.19213E+05
 0.66049995E+02  0.19739E+05
 0.66099998E+02  0.20242E+05
 0.66149994E+02  0.20674E+05
 0.66199997E+02  0.20969E+05
 0.66249992E+02  0.21290E+05
 0.66299995E+02  0.21682E+05
 0.66349998E+02  0.22002E+05
 0.66399994E+02  0.22368E+05
 0.66449997E+02  0.22674E+05
 0.66499992E+02  0.22843E+05
 0.66549995E+02  0.23117E+05
 0.66599998E+02  0.23371E+05
 0.66649994E+02  0.23549E+05
 0.66699997E+02  0.23822E+05
 0.66749992E+02  0.24025E+05
 0.66799995E+02  0.24268E+05
 0.66849998E+02  0.24586E+05
 0.66899994E+02  0.24734E+05
 0.66949997E+02  0.24929E+05
 0.66999992E+02  0.25150E+05
 0.67049995E+02  0.25342E+05
 0.67099998E+02  0.25569E+05
 0.67149994E+02  0.25623E+05
 0.67199997E+02  0.25753E+05
 0.67249992E+02  0.25990E+05
 0.67299995E+02  0.26063E+05
 0.67349998E+02  0.26257E+05
 0.67399994E+02  0.26554E+05
 0.67449997E+02  0.26800E+05
 0.67499992E+02  0.26979E+05
 0.67549995E+02  0.27000E+05
 0.67599998E+02  0.27134E+05
 0.67649994E+02  0.27317E+05
 0.67699997E+02  0.27516E+05
 0.67749992E+02  0.27836E+05
 0.67799995E+02  0.28031E+05
 0.67849998E+02  0.28217E+05
 0.67899994E+02  0.28391E+05
 0.67949997E+02  0.28578E+05
 0.67999992E+02  0.28866E+05
 0.68049995E+02  0.29060E+05
 0.68099998E+02  0.29261E+05
 0.68149994E+02  0.29531E+05
 0.68199997E+02  0.29840E+05
 0.68249992E+02  0.30197E+05
 0.68299995E+02  0.30498E+05
 0.68349998E+02  0.30782E+05
 0.68399994E+02  0.31127E+05
 0.68449997E+02  0.31387E+05
 0.68499992E+02  0.31631E+05
 0.68549995E+02  0.32059E+05
 0.68599998E+02  0.32514E+05
 0.68649994E+02  0.32948E+05
 0.68699997E+02  0.33387E+05
 0.68749992E+02  0.33847E+05
 0.68799995E+02  0.34327E+05
 0.68849998E+02  0.34820E+05
 0.68899994E+02  0.35377E+05
 0.68949997E+02  0.35839E+05
 0.68999992E+02  0.36324E+05
 0.69049995E+02  0.36861E+05
 0.69099998E+02  0.37266E+05
 0.69149994E+02  0.37659E+05
 0.69199997E+02  0.38037E+05
 0.69249992E+02  0.38425E+05
 0.69299995E+02  0.38854E+05
 0.69349998E+02  0.39217E+05
 0.69399994E+02  0.39611E+05
 0.69449997E+02  0.40002E+05
 0.69499992E+02  0.40266E+05
 0.69549995E+02  0.40594E+05
 0.69599998E+02  0.40914E+05
 0.69649994E+02  0.41152E+05
 0.69699997E+02  0.41402E+05
 0.69749992E+02  0.41532E+05
 0.69799995E+02  0.41749E+05
 0.69849998E+02  0.42046E+05
 0.69899994E+02  0.42250E+05
 0.69949997E+02  0.42571E+05
 0.69999992E+02  0.42830E+05
 0.70049995E+02  0.43014E+05
 0.70099998E+02  0.43256E+05
 0.70149994E+02  0.43372E+05
 0.70199997E+02  0.43549E+05
 0.70249992E+02  0.43814E+05
 0.70299995E+02  0.43972E+05
 0.70349998E+02  0.44181E+05
 0.70399994E+02  0.44302E+05
 0.70449997E+02  0.44320E+05
 0.70499992E+02  0.44422E+05
 0.70549995E+02  0.44354E+05
 0.70599998E+02  0.44283E+05
 0.70649994E+02  0.44279E+05
 0.70699997E+02  0.44073E+05
 0.70749992E+02  0.43919E+05
 0.70799995E+02  0.43745E+05
 0.70849998E+02  0.43415E+05
 0.70899994E+02  0.43087E+05
 0.70949997E+02  0.42667E+05
 0.70999992E+02  0.42190E+05
 0.71049995E+02  0.41653E+05
 0.71099998E+02  0.41055E+05
 0.71149994E+02  0.40541E+05
 0.71199997E+02  0.40041E+05
 0.71249992E+02  0.39419E+05
 0.71299995E+02  0.38706E+05
 0.71349998E+02  0.38100E+05
 0.71399994E+02  0.37518E+05
 0.71449997E+02  0.36744E+05
 0.71499992E+02  0.35843E+05
 0.71549995E+02  0.34964E+05
 0.71599998E+02  0.34113E+05
 0.71649994E+02  0.33225E+05
 0.71699997E+02  0.32342E+05
 0.71749992E+02  0.31430E+05
 0.71799995E+02  0.30476E+05
 0.71849998E+02  0.29460E+05
 0.71899994E+02  0.28344E+05
 0.71949997E+02  0.27251E+05
 0.71999992E+02  0.26196E+05
 0.72049995E+02  0.25160E+05
 0.72099998E+02  0.24119E+05
 0.72149994E+02  0.23016E+05
 0.72199997E+02  0.21957E+05
 0.72249992E+02  0.20878E+05
 0.72299995E+02  0.19651E+05
 0.72349998E+02  0.18499E+05
 0.72399994E+02  0.17417E+05
 0.72449997E+02  0.16264E+05
 0.72499992E+02  0.15161E+05
 0.72549995E+02  0.14051E+05
 0.72599998E+02  0.12866E+05
 0.72649994E+02  0.11618E+05
 0.72699997E+02  0.10445E+05
 0.72749992E+02  0.94440E+04
 0.72799995E+02  0.84370E+04
 0.72849998E+02  0.74280E+04
 0.72899994E+02  0.63730E+04
 0.72949997E+02  0.52230E+04
 0.72999992E+02  0.41480E+04
 0.73049995E+02  0.30870E+04
 0.73099998E+02  0.20800E+04
 0.73149994E+02  0.11600E+04
 0.73199997E+02  0.16800E+03
 0.73249992E+02 -0.73800E+03
 0.73299995E+02 -0.16120E+04
 0.73349998E+02 -0.25610E+04
 0.73399994E+02 -0.33950E+04
 0.73449997E+02 -0.41580E+04
 0.73499992E+02 -0.49150E+04
 0.73549995E+02 -0.57210E+04
 0.73599998E+02 -0.65350E+04
 0.73649994E+02 -0.72460E+04
 0.73699997E+02 -0.79900E+04
 0.73749992E+02 -0.87390E+04
 0.73799995E+02 -0.94420E+04
 0.73849998E+02 -0.10100E+05
 0.73899994E+02 -0.10610E+05
 0.73949997E+02 -0.11176E+05
 0.73999992E+02 -0.11769E+05
 0.74049995E+02 -0.12173E+05
 0.74099998E+02 -0.12651E+05
 0.74149994E+02 -0.13151E+05
 0.74199997E+02 -0.13573E+05
 0.74249992E+02 -0.14025E+05
 0.74299995E+02 -0.14357E+05
 0.74349998E+02 -0.14716E+05
 0.74399994E+02 -0.15061E+05
 0.74449997E+02 -0.15306E+05
 0.74499992E+02 -0.15687E+05
 0.74549995E+02 -0.15928E+05
 0.74599998E+02 -0.16043E+05
 0.74649994E+02 -0.16220E+05
 0.74699997E+02 -0.16264E+05
 0.74749992E+02 -0.16368E+05
 0.74799995E+02 -0.16483E+05
 0.74849998E+02 -0.16511E+05
 0.74899994E+02 -0.16528E+05
 0.74949997E+02 -0.16410E+05
 0.74999992E+02 -0.16338E+05
 0.75049995E+02 -0.16279E+05
 0.75099998E+02 -0.16061E+05
 0.75149994E+02 -0.15811E+05
 0.75199997E+02 -0.15548E+05
 0.75249992E+02 -0.15305E+05
 0.75299995E+02 -0.15085E+05
 0.75349998E+02 -0.14796E+05
 0.75399994E+02 -0.14450E+05
 0.75449997E+02 -0.14021E+05
 0.75499992E+02 -0.13534E+05
 0.75549995E+02 -0.13019E+05
 0.75599998E+02 -0.12451E+05
 0.75649994E+02 -0.11969E+05
 0.75699997E+02 -0.11404E+05
 0.75749992E+02 -0.10679E+05
 0.75799995E+02 -0.10065E+05
 0.75849998E+02 -0.93400E+04
 0.75899994E+02 -0.85150E+04
 0.75949997E+02 -0.77810E+04
 0.75999992E+02 -0.70510E+04
 0.76049995E+02 -0.64280E+04
 0.76099998E+02 -0.57650E+04
 0.76149994E+02 -0.50580E+04
 0.76199997E+02 -0.45140E+04
 0.76249992E+02 -0.39640E+04
 0.76299995E+02 -0.34080E+04
 0.76349998E+02 -0.29150E+04
 0.76399994E+02 -0.24660E+04
 0.76449997E+02 -0.20280E+04
 0.76499992E+02 -0.15120E+04
 0.76549995E+02 -0.10960E+04
 0.76599998E+02 -0.81200E+03
 0.76649994E+02 -0.54500E+03
 0.76699997E+02 -0.34100E+03
 0.76749992E+02 -0.17300E+03
 0.76799995E+02 -0.60000E+01
 0.76849998E+02  0.15100E+03
 0.76899994E+02  0.24500E+03
 0.76949997E+02  0.23300E+03
 0.76999992E+02  0.16200E+03
 0.77049995E+02 -0.36000E+02
 0.77099998E+02 -0.38100E+03
 0.77149994E+02 -0.68300E+03
 0.77199997E+02 -0.98000E+03
 0.77249992E+02 -0.12970E+04
 0.77299995E+02 -0.16700E+04
 0.77349998E+02 -0.22360E+04
 0.77399994E+02 -0.27840E+04
 0.77449997E+02 -0.33320E+04
 0.77499992E+02 -0.39350E+04
 0.77549995E+02 -0.45320E+04
 0.77599998E+02 -0.52230E+04
 0.77649994E+02 -0.57940E+04
 0.77699997E+02 -0.63800E+04
 0.77749992E+02 -0.70300E+04
 0.77799995E+02 -0.74950E+04
 0.77849998E+02 -0.80040E+04
 0.77899994E+02 -0.85070E+04
 0.77949997E+02 -0.89890E+04
 0.77999992E+02 -0.95150E+04
 0.78049995E+02 -0.99290E+04
 0.78099998E+02 -0.10373E+05
 0.78149994E+02 -0.10753E+05
 0.78199997E+02 -0.10989E+05
 0.78249992E+02 -0.11167E+05
 0.78299995E+02 -0.11260E+05
 0.78349998E+02 -0.11405E+05
 0.78399994E+02 -0.11504E+05
 0.78449997E+02 -0.11517E+05
 0.78499992E+02 -0.11619E+05
 0.78549995E+02 -0.11577E+05
 0.78599998E+02 -0.11442E+05
 0.78649994E+02 -0.11399E+05
 0.78699997E+02 -0.11185E+05
 0.78749992E+02 -0.10985E+05
 0.78799995E+02 -0.10829E+05
 0.78849998E+02 -0.10524E+05
 0.78899994E+02 -0.10354E+05
 0.78949997E+02 -0.10165E+05
 0.78999992E+02 -0.98640E+04
 0.79049995E+02 -0.96400E+04
 0.79099998E+02 -0.93510E+04
 0.79149994E+02 -0.91230E+04
 0.79199997E+02 -0.90180E+04
 0.79249992E+02 -0.88340E+04
 0.79299995E+02 -0.86600E+04
 0.79349998E+02 -0.84730E+04
 0.79399994E+02 -0.82070E+04
 0.79449997E+02 -0.79900E+04
 0.79499992E+02 -0.77890E+04
 0.79549995E+02 -0.76630E+04
 0.79599998E+02 -0.75680E+04
 0.79649994E+02 -0.73640E+04
 0.79699997E+02 -0.71970E+04
 0.79749992E+02 -0.70310E+04
 0.79799995E+02 -0.69140E+04
 0.79849998E+02 -0.68740E+04
 0.79899994E+02 -0.66420E+04
 0.79949997E+02 -0.64340E+04
 0.79999992E+02 -0.63230E+04
 0.80049995E+02 -0.61910E+04
 0.80099998E+02 -0.61570E+04
 0.80149994E+02 -0.60450E+04
 0.80199997E+02 -0.59930E+04
 0.80249992E+02 -0.59930E+04
 0.80299995E+02 -0.58370E+04
 0.80349998E+02 -0.57730E+04
 0.80399994E+02 -0.58290E+04
 0.80449997E+02 -0.59860E+04
 0.80499992E+02 -0.61450E+04
 0.80549995E+02 -0.63190E+04
 0.80599998E+02 -0.66390E+04
 0.80649994E+02 -0.68260E+04
 0.80699997E+02 -0.69910E+04
 0.80749992E+02 -0.72850E+04
 0.80799995E+02 -0.74900E+04
 0.80849998E+02 -0.77870E+04
 0.80899994E+02 -0.81190E+04
 0.80949997E+02 -0.83170E+04
 0.80999992E+02 -0.86360E+04
 0.81049995E+02 -0.89520E+04
 0.81099998E+02 -0.92040E+04
 0.81149994E+02 -0.94930E+04
 0.81199997E+02 -0.97470E+04
 0.81249992E+02 -0.10026E+05
 0.81299995E+02 -0.10181E+05
 0.81349998E+02 -0.10339E+05
 0.81399994E+02 -0.10573E+05
 0.81449997E+02 -0.10634E+05
 0.81499992E+02 -0.10843E+05
 0.81549995E+02 -0.11126E+05
 0.81599998E+02 -0.11252E+05
 0.81649994E+02 -0.11449E+05
 0.81699997E+02 -0.11526E+05
 0.81749992E+02 -0.11551E+05
 0.81799995E+02 -0.11688E+05
 0.81849998E+02 -0.11737E+05
 0.81899994E+02 -0.11886E+05
 0.81949997E+02 -0.12166E+05
 0.81999992E+02 -0.12374E+05
 0.82049995E+02 -0.12649E+05
 0.82099998E+02 -0.12914E+05
 0.82149994E+02 -0.13040E+05
 0.82199997E+02 -0.13111E+05
 0.82249992E+02 -0.13175E+05
 0.82299995E+02 -0.13414E+05
 0.82349998E+02 -0.13700E+05
 0.82399994E+02 -0.13886E+05
 0.82449997E+02 -0.14035E+05
 0.82499992E+02 -0.14038E+05
 0.82549995E+02 -0.13993E+05
 0.82599998E+02 -0.13863E+05
 0.82649994E+02 -0.13713E+05
 0.82699997E+02 -0.13715E+05
 0.82749992E+02 -0.13506E+05
 0.82799995E+02 -0.13087E+05
 0.82849998E+02 -0.12733E+05
 0.82899994E+02 -0.12338E+05
 0.82949997E+02 -0.11867E+05
 0.82999992E+02 -0.11385E+05
 0.83049995E+02 -0.10820E+05
 0.83099998E+02 -0.10108E+05
 0.83149994E+02 -0.93090E+04
 0.83199997E+02 -0.84430E+04
 0.83249992E+02 -0.75540E+04
 0.83299995E+02 -0.66690E+04
 0.83349998E+02 -0.56400E+04
 0.83399994E+02 -0.45280E+04
 0.83449997E+02 -0.34130E+04
 0.83499992E+02 -0.21460E+04
 0.83549995E+02 -0.77200E+03
 0.83599998E+02  0.60700E+03
 0.83649994E+02  0.19970E+04
 0.83699997E+02  0.33610E+04
 0.83749992E+02  0.47790E+04
 0.83799995E+02  0.61680E+04
 0.83849998E+02  0.75580E+04
 0.83899994E+02  0.91460E+04
 0.83949997E+02  0.10621E+05
 0.83999992E+02  0.12003E+05
 0.84049995E+02  0.13446E+05
 0.84099998E+02  0.14817E+05
 0.84149994E+02  0.16204E+05
 0.84199997E+02  0.17530E+05
 0.84249992E+02  0.18914E+05
 0.84299995E+02  0.20316E+05
 0.84349998E+02  0.21483E+05
 0.84399994E+02  0.22643E+05
 0.84449997E+02  0.23749E+05
 0.84499992E+02  0.24803E+05
 0.84549995E+02  0.25931E+05
 0.84599998E+02  0.26990E+05
 0.84649994E+02  0.27992E+05
 0.84699997E+02  0.28928E+05
 0.84749992E+02  0.29860E+05
 0.84799995E+02  0.30806E+05
 0.84849998E+02  0.31603E+05
 0.84899994E+02  0.32288E+05
 0.84949997E+02  0.32945E+05
 0.84999992E+02  0.33578E+05
 0.85049995E+02  0.34295E+05
 0.85099998E+02  0.35022E+05
 0.85149994E+02  0.35648E+05
 0.85199997E+02  0.36278E+05
 0.85249992E+02  0.36775E+05
 0.85299995E+02  0.37128E+05
 0.85349998E+02  0.37445E+05
 0.85399994E+02  0.37729E+05
 0.85449997E+02  0.38050E+05
 0.85499992E+02  0.38287E+05
 0.85549995E+02  0.38535E+05
 0.85599998E+02  0.38833E+05
 0.85649994E+02  0.38952E+05
 0.85699997E+02  0.39037E+05
 0.85749992E+02  0.39144E+05
 0.85799995E+02  0.39164E+05
 0.85849998E+02  0.39198E+05
 0.85899994E+02  0.39164E+05
 0.85949997E+02  0.39066E+05
 0.85999992E+02  0.39048E+05
 0.86049995E+02  0.38943E+05
 0.86099998E+02  0.38808E+05
 0.86149994E+02  0.38591E+05
 0.86199997E+02  0.38283E+05
 0.86249992E+02  0.38105E+05
 0.86299995E+02  0.37721E+05
 0.86349998E+02  0.37321E+05
 0.86399994E+02  0.37083E+05
 0.86449997E+02  0.36726E+05
 0.86499992E+02  0.36445E+05
 0.86549995E+02  0.36062E+05
 0.86599991E+02  0.35579E+05
 0.86649994E+02  0.35101E+05
 0.86699997E+02  0.34411E+05
 0.86749992E+02  0.33691E+05
 0.86799995E+02  0.32980E+05
 0.86849991E+02  0.32160E+05
 0.86899994E+02  0.31338E+05
 0.86949997E+02  0.30578E+05
 0.86999992E+02  0.29702E+05
 0.87049995E+02  0.28639E+05
 0.87099991E+02  0.27521E+05
 0.87149994E+02  0.26365E+05
 0.87199997E+02  0.25172E+05
 0.87249992E+02  0.23978E+05
 0.87299995E+02  0.22677E+05
 0.87349991E+02  0.21171E+05
 0.87399994E+02  0.19673E+05
 0.87449997E+02  0.18166E+05
 0.87499992E+02  0.16576E+05
 0.87549995E+02  0.15080E+05
 0.87599991E+02  0.13510E+05
 0.87649994E+02  0.11851E+05
 0.87699997E+02  0.10143E+05
 0.87749992E+02  0.82620E+04
 0.87799995E+02  0.64910E+04
 0.87849991E+02  0.48380E+04
 0.87899994E+02  0.31690E+04
 0.87949997E+02  0.15330E+04
 0.87999992E+02 -0.14200E+03
 0.88049995E+02 -0.17590E+04
 0.88099991E+02 -0.33580E+04
 0.88149994E+02 -0.50350E+04
 0.88199997E+02 -0.67030E+04
 0.88249992E+02 -0.82240E+04
 0.88299995E+02 -0.95780E+04
 0.88349991E+02 -0.10985E+05
 0.88399994E+02 -0.12372E+05
 0.88449997E+02 -0.13642E+05
 0.88499992E+02 -0.14961E+05
 0.88549995E+02 -0.16291E+05
 0.88599991E+02 -0.17541E+05
 0.88649994E+02 -0.18680E+05
 0.88699997E+02 -0.19765E+05
 0.88749992E+02 -0.20898E+05
 0.88799995E+02 -0.22043E+05
 0.88849991E+02 -0.23109E+05
 0.88899994E+02 -0.24135E+05
 0.88949997E+02 -0.25169E+05
 0.88999992E+02 -0.26158E+05
 0.89049995E+02 -0.27030E+05
 0.89099991E+02 -0.27866E+05
 0.89149994E+02 -0.28800E+05
 0.89199997E+02 -0.29667E+05
 0.89249992E+02 -0.30477E+05
 0.89299995E+02 -0.31280E+05
 0.89349991E+02 -0.32008E+05
 0.89399994E+02 -0.32832E+05
 0.89449997E+02 -0.33589E+05
 0.89499992E+02 -0.34209E+05
 0.89549995E+02 -0.34774E+05
 0.89599991E+02 -0.35232E+05
 0.89649994E+02 -0.35764E+05
 0.89699997E+02 -0.36295E+05
 0.89749992E+02 -0.36714E+05
 0.89799995E+02 -0.37153E+05
 0.89849991E+02 -0.37562E+05
 0.89899994E+02 -0.37918E+05
 0.89949997E+02 -0.38224E+05
 0.89999992E+02 -0.38496E+05
 0.90049995E+02 -0.38848E+05
 0.90099991E+02 -0.39134E+05
 0.90149994E+02 -0.39359E+05
 0.90199997E+02 -0.39672E+05
 0.90249992E+02 -0.39931E+05
 0.90299995E+02 -0.40123E+05
 0.90349991E+02 -0.40226E+05
 0.90399994E+02 -0.40355E+05
 0.90449997E+02 -0.40580E+05
 0.90499992E+02 -0.40634E+05
 0.90549995E+02 -0.40659E+05
 0.90599991E+02 -0.40734E+05
 0.90649994E+02 -0.40793E+05
 0.90699997E+02 -0.40947E+05
 0.90749992E+02 -0.40944E+05
 0.90799995E+02 -0.40870E+05
 0.90849991E+02 -0.40995E+05
 0.90899994E+02 -0.40935E+05
 0.90949997E+02 -0.40790E+05
 0.90999992E+02 -0.40740E+05
 0.91049995E+02 -0.40607E+05
 0.91099991E+02 -0.40493E+05
 0.91149994E+02 -0.40297E+05
 0.91199997E+02 -0.40148E+05
 0.91249992E+02 -0.40016E+05
 0.91299995E+02 -0.39751E+05
 0.91349991E+02 -0.39580E+05
 0.91399994E+02 -0.39368E+05
 0.91449997E+02 -0.39152E+05
 0.91499992E+02 -0.38971E+05
 0.91549995E+02 -0.38675E+05
 0.91599991E+02 -0.38413E+05
 0.91649994E+02 -0.38147E+05
 0.91699997E+02 -0.37814E+05
 0.91749992E+02 -0.37472E+05
 0.91799995E+02 -0.37030E+05
 0.91849991E+02 -0.36536E+05
 0.91899994E+02 -0.36057E+05
 0.91949997E+02 -0.35514E+05
 0.91999992E+02 -0.34919E+05
 0.92049995E+02 -0.34231E+05
 0.92099991E+02 -0.33505E+05
 0.92149994E+02 -0.32725E+05
 0.92199997E+02 -0.31824E+05
 0.92249992E+02 -0.30998E+05
 0.92299995E+02 -0.30149E+05
 0.92349991E+02 -0.29167E+05
 0.92399994E+02 -0.28131E+05
 0.92449997E+02 -0.26957E+05
 0.92499992E+02 -0.25762E+05
 0.92549995E+02 -0.24704E+05
 0.92599991E+02 -0.23576E+05
 0.92649994E+02 -0.22356E+05
 0.92699997E+02 -0.21103E+05
 0.92749992E+02 -0.19749E+05
 0.92799995E+02 -0.18496E+05
 0.92849991E+02 -0.17245E+05
 0.92899994E+02 -0.15908E+05
 0.92949997E+02 -0.14557E+05
 0.92999992E+02 -0.13062E+05
 0.93049995E+02 -0.11638E+05
 0.93099991E+02 -0.10218E+05
 0.93149994E+02 -0.87330E+04
 0.93199997E+02 -0.73150E+04
 0.93249992E+02 -0.56480E+04
 0.93299995E+02 -0.39000E+04
 0.93349991E+02 -0.22990E+04
 0.93399994E+02 -0.69600E+03
 0.93449997E+02  0.94700E+03
 0.93499992E+02  0.27200E+04
 0.93549995E+02  0.44310E+04
 0.93599991E+02  0.60720E+04
 0.93649994E+02  0.78870E+04
 0.93699997E+02  0.97430E+04
 0.93749992E+02  0.11518E+05
 0.93799995E+02  0.13286E+05
 0.93849991E+02  0.15016E+05
 0.93899994E+02  0.16694E+05
 0.93949997E+02  0.18335E+05
 0.93999992E+02  0.19962E+05
 0.94049995E+02  0.21767E+05
 0.94099991E+02  0.23627E+05
 0.94149994E+02  0.25455E+05
 0.94199997E+02  0.27199E+05
 0.94249992E+02  0.28746E+05
 0.94299995E+02  0.30456E+05
 0.94349991E+02  0.32115E+05
 0.94399994E+02  0.33644E+05
 0.94449997E+02  0.35312E+05
 0.94499992E+02  0.36862E+05
 0.94549995E+02  0.38438E+05
 0.94599991E+02  0.40019E+05
 0.94649994E+02  0.41508E+05
 0.94699997E+02  0.42991E+05
 0.94749992E+02  0.44384E+05
 0.94799995E+02  0.45820E+05
 0.94849991E+02  0.47190E+05
 0.94899994E+02  0.48448E+05
 0.94949997E+02  0.49683E+05
 0.94999992E+02  0.50859E+05
 0.95049995E+02  0.52094E+05
 0.95099991E+02  0.53400E+05
 0.95149994E+02  0.54614E+05
 0.95199997E+02  0.55681E+05
 0.95249992E+02  0.56658E+05
 0.95299995E+02  0.57595E+05
 0.95349991E+02  0.58686E+05
 0.95399994E+02  0.59806E+05
 0.95449997E+02  0.60897E+05
 0.95499992E+02  0.62057E+05
 0.95549995E+02  0.62960E+05
 0.95599991E+02  0.63908E+05
 0.95649994E+02  0.64906E+05
 0.95699997E+02  0.65690E+05
 0.95749992E+02  0.66655E+05
 0.95799995E+02  0.67571E+05
 0.95849991E+02  0.68438E+05
 0.95899994E+02  0.69435E+05
 0.95949997E+02  0.70256E+05
 0.95999992E+02  0.71101E+05
 0.96049995E+02  0.71949E+05
 0.96099991E+02  0.72716E+05
 0.96149994E+02  0.73618E+05
 0.96199997E+02  0.74523E+05
 0.96249992E+02  0.75474E+05
 0.96299995E+02  0.76413E+05
 0.96349991E+02  0.77172E+05
 0.96399994E+02  0.77993E+05
 0.96449997E+02  0.78712E+05
 0.96499992E+02  0.79195E+05
 0.96549995E+02  0.79697E+05
 0.96599991E+02  0.80140E+05
 0.96649994E+02  0.80571E+05
 0.96699997E+02  0.80987E+05
 0.96749992E+02  0.81202E+05
 0.96799995E+02  0.81444E+05
 0.96849991E+02  0.81619E+05
 0.96899994E+02  0.81522E+05
 0.96949997E+02  0.81497E+05
 0.96999992E+02  0.81529E+05
 0.97049995E+02  0.81355E+05
 0.97099991E+02  0.81125E+05
 0.97149994E+02  0.80968E+05
 0.97199997E+02  0.80750E+05
 0.97249992E+02  0.80409E+05
 0.97299995E+02  0.80039E+05
 0.97349991E+02  0.79685E+05
 0.97399994E+02  0.79343E+05
 0.97449997E+02  0.78906E+05
 0.97499992E+02  0.78384E+05
 0.97549995E+02  0.77843E+05
 0.97599991E+02  0.77205E+05
 0.97649994E+02  0.76629E+05
 0.97699997E+02  0.76022E+05
 0.97749992E+02  0.75267E+05
 0.97799995E+02  0.74558E+05
 0.97849991E+02  0.73638E+05
 0.97899994E+02  0.72580E+05
 0.97949997E+02  0.71575E+05
 0.97999992E+02  0.70407E+05
 0.98049995E+02  0.69173E+05
 0.98099991E+02  0.67849E+05
 0.98149994E+02  0.66507E+05
 0.98199997E+02  0.65254E+05
 0.98249992E+02  0.63836E+05
 0.98299995E+02  0.62357E+05
 0.98349991E+02  0.60854E+05
 0.98399994E+02  0.59175E+05
 0.98449997E+02  0.57497E+05
 0.98499992E+02  0.55842E+05
 0.98549995E+02  0.54125E+05
 0.98599991E+02  0.52370E+05
 0.98649994E+02  0.50502E+05
 0.98699997E+02  0.48575E+05
 0.98749992E+02  0.46572E+05
 0.98799995E+02  0.44421E+05
 0.98849991E+02  0.42344E+05
 0.98899994E+02  0.40355E+05
 0.98949997E+02  0.38327E+05
 0.98999992E+02  0.36244E+05
 0.99049995E+02  0.34088E+05
 0.99099991E+02  0.31902E+05
 0.99149994E+02  0.29672E+05
 0.99199997E+02  0.27359E+05
 0.99249992E+02  0.25029E+05
 0.99299995E+02  0.22698E+05
 0.99349991E+02  0.20210E+05
 0.99399994E+02  0.17644E+05
 0.99449997E+02  0.15123E+05
 0.99499992E+02  0.12585E+05
 0.99549995E+02  0.10041E+05
 0.99599991E+02  0.74180E+04
 0.99649994E+02  0.46850E+04
 0.99699997E+02  0.18620E+04
 0.99749992E+02 -0.97200E+03
 0.99799995E+02 -0.37810E+04
 0.99849991E+02 -0.66350E+04
 0.99899994E+02 -0.94880E+04
 0.99949997E+02 -0.12353E+05
 0.99999992E+02 -0.15138E+05
 0.10005000E+03 -0.17833E+05
 0.10009999E+03 -0.20583E+05
 0.10014999E+03 -0.23343E+05
 0.10020000E+03 -0.26072E+05
 0.10024999E+03 -0.28834E+05
 0.10030000E+03 -0.31684E+05
 0.10034999E+03 -0.34483E+05
 0.10039999E+03 -0.37220E+05
 0.10045000E+03 -0.39880E+05
 0.10049999E+03 -0.42496E+05
 0.10055000E+03 -0.45244E+05
 0.10059999E+03 -0.47853E+05
 0.10064999E+03 -0.50341E+05
 0.10070000E+03 -0.52929E+05
 0.10074999E+03 -0.55523E+05
 0.10080000E+03 -0.58062E+05
 0.10084999E+03 -0.60480E+05
 0.10089999E+03 -0.62846E+05
 0.10095000E+03 -0.65166E+05
 0.10099999E+03 -0.67500E+05
 0.10105000E+03 -0.69782E+05
 0.10109999E+03 -0.71867E+05
 0.10114999E+03 -0.73911E+05
 0.10120000E+03 -0.75939E+05
 0.10124999E+03 -0.77963E+05
 0.10130000E+03 -0.79934E+05
 0.10134999E+03 -0.81748E+05
 0.10139999E+03 -0.83384E+05
 0.10145000E+03 -0.84915E+05
 0.10149999E+03 -0.86501E+05
 0.10155000E+03 -0.88041E+05
 0.10159999E+03 -0.89465E+05
 0.10164999E+03 -0.90822E+05
 0.10170000E+03 -0.92099E+05
 0.10174999E+03 -0.93247E+05
 0.10180000E+03 -0.94380E+05
 0.10184999E+03 -0.95537E+05
 0.10189999E+03 -0.96522E+05
 0.10195000E+03 -0.97446E+05
 0.10199999E+03 -0.98399E+05
 0.10205000E+03 -0.99274E+05
 0.10209999E+03 -0.10007E+06
 0.10214999E+03 -0.10086E+06
 0.10220000E+03 -0.10161E+06
 0.10224999E+03 -0.10221E+06
 0.10230000E+03 -0.10275E+06
 0.10234999E+03 -0.10326E+06
 0.10239999E+03 -0.10373E+06
 0.10245000E+03 -0.10416E+06
 0.10249999E+03 -0.10455E+06
 0.10255000E+03 -0.10484E+06
 0.10259999E+03 -0.10506E+06
 0.10264999E+03 -0.10526E+06
 0.10270000E+03 -0.10532E+06
 0.10274999E+03 -0.10531E+06
 0.10280000E+03 -0.10531E+06
 0.10284999E+03 -0.10533E+06
 0.10289999E+03 -0.10522E+06
 0.10295000E+03 -0.10489E+06
 0.10299999E+03 -0.10453E+06
 0.10305000E+03 -0.10415E+06
 0.10309999E+03 -0.10369E+06
 0.10314999E+03 -0.10314E+06
 0.10320000E+03 -0.10257E+06
 0.10324999E+03 -0.10198E+06
 0.10330000E+03 -0.10120E+06
 0.10334999E+03 -0.10036E+06
 0.10339999E+03 -0.99358E+05
 0.10345000E+03 -0.98340E+05
 0.10349999E+03 -0.97401E+05
 0.10355000E+03 -0.96222E+05
 0.10359999E+03 -0.95098E+05
 0.10364999E+03 -0.94054E+05
 0.10370000E+03 -0.92883E+05
 0.10374999E+03 -0.91750E+05
 0.10380000E+03 -0.90416E+05
 0.10384999E+03 -0.88982E+05
 0.10389999E+03 -0.87628E+05
 0.10395000E+03 -0.86252E+05
 0.10399999E+03 -0.84973E+05
 0.10405000E+03 -0.83534E+05
 0.10409999E+03 -0.81954E+05
 0.10414999E+03 -0.80443E+05
 0.10420000E+03 -0.78798E+05
 0.10424999E+03 -0.77098E+05
 0.10430000E+03 -0.75375E+05
 0.10434999E+03 -0.73622E+05
 0.10439999E+03 -0.71875E+05
 0.10445000E+03 -0.70041E+05
 0.10449999E+03 -0.68104E+05
 0.10455000E+03 -0.66017E+05
 0.10459999E+03 -0.63896E+05
 0.10464999E+03 -0.61792E+05
 0.10470000E+03 -0.59616E+05
 0.10474999E+03 -0.57483E+05
 0.10480000E+03 -0.55344E+05
 0.10484999E+03 -0.53177E+05
 0.10489999E+03 -0.51021E+05
 0.10495000E+03 -0.48647E+05
 0.10499999E+03 -0.46249E+05
 0.10505000E+03 -0.44041E+05
 0.10509999E+03 -0.41779E+05
 0.10514999E+03 -0.39550E+05
 0.10520000E+03 -0.37359E+05
 0.10524999E+03 -0.35069E+05
 0.10530000E+03 -0.32827E+05
 0.10534999E+03 -0.30615E+05
 0.10539999E+03 -0.28418E+05
 0.10545000E+03 -0.26179E+05
 0.10549999E+03 -0.23878E+05
 0.10555000E+03 -0.21766E+05
 0.10559999E+03 -0.19634E+05
 0.10564999E+03 -0.17405E+05
 0.10570000E+03 -0.15304E+05
 0.10574999E+03 -0.13139E+05
 0.10580000E+03 -0.10955E+05
 0.10584999E+03 -0.88520E+04
 0.10589999E+03 -0.66430E+04
 0.10595000E+03 -0.45930E+04
 0.10599999E+03 -0.27290E+04
 0.10605000E+03 -0.70500E+03
 0.10609999E+03  0.12120E+04
 0.10614999E+03  0.31420E+04
 0.10620000E+03  0.51210E+04
 0.10624999E+03  0.67960E+04
 0.10630000E+03  0.86060E+04
 0.10634999E+03  0.10418E+05
 0.10639999E+03  0.11999E+05
 0.10645000E+03  0.13700E+05
 0.10649999E+03  0.15324E+05
 0.10655000E+03  0.16975E+05
 0.10659999E+03  0.18636E+05
 0.10664999E+03  0.20174E+05
 0.10670000E+03  0.21915E+05
 0.10674999E+03  0.23455E+05
 0.10680000E+03  0.24872E+05
 0.10684999E+03  0.26390E+05
 0.10689999E+03  0.27667E+05
 0.10695000E+03  0.29156E+05
 0.10699999E+03  0.30725E+05
 0.10705000E+03  0.32258E+05
 0.10709999E+03  0.34000E+05
 0.10714999E+03  0.35470E+05
 0.10720000E+03  0.36928E+05
 0.10724999E+03  0.38465E+05
 0.10730000E+03  0.39861E+05
 0.10734999E+03  0.41478E+05
 0.10739999E+03  0.43062E+05
 0.10745000E+03  0.44612E+05
 0.10749999E+03  0.46353E+05
 0.10755000E+03  0.47932E+05
 0.10759999E+03  0.49431E+05
 0.10764999E+03  0.50943E+05
 0.10770000E+03  0.52341E+05
 0.10774999E+03  0.53853E+05
 0.10780000E+03  0.55480E+05
 0.10784999E+03  0.57088E+05
 0.10789999E+03  0.58671E+05
 0.10795000E+03  0.60150E+05
 0.10799999E+03  0.61624E+05
 0.10805000E+03  0.63114E+05
 0.10809999E+03  0.64504E+05
 0.10814999E+03  0.65877E+05
 0.10820000E+03  0.67237E+05
 0.10824999E+03  0.68575E+05
 0.10830000E+03  0.69882E+05
 0.10834999E+03  0.71221E+05
 0.10839999E+03  0.72600E+05
 0.10845000E+03  0.73861E+05
 0.10849999E+03  0.75130E+05
 0.10855000E+03  0.76399E+05
 0.10859999E+03  0.77530E+05
 0.10864999E+03  0.78603E+05
 0.10870000E+03  0.79670E+05
 0.10874999E+03  0.80820E+05
 0.10880000E+03  0.82004E+05
 0.10884999E+03  0.83004E+05
 0.10889999E+03  0.83860E+05
 0.10895000E+03  0.84758E+05
 0.10899999E+03  0.85604E+05
 0.10905000E+03  0.86283E+05
 0.10909999E+03  0.86940E+05
 0.10914999E+03  0.87543E+05
 0.10920000E+03  0.88105E+05
 0.10924999E+03  0.88710E+05
 0.10930000E+03  0.89092E+05
 0.10934999E+03  0.89343E+05
 0.10939999E+03  0.89610E+05
 0.10945000E+03  0.89800E+05
 0.10949999E+03  0.89982E+05
 0.10955000E+03  0.90152E+05
 0.10959999E+03  0.90283E+05
 0.10964999E+03  0.90331E+05
 0.10970000E+03  0.90388E+05
 0.10974999E+03  0.90343E+05
 0.10980000E+03  0.90090E+05
 0.10984999E+03  0.89814E+05
 0.10989999E+03  0.89484E+05
 0.10995000E+03  0.89164E+05
 0.10999999E+03  0.88870E+05
 0.11005000E+03  0.88510E+05
 0.11009999E+03  0.88134E+05
 0.11014999E+03  0.87744E+05
 0.11020000E+03  0.87181E+05
 0.11024999E+03  0.86447E+05
 0.11030000E+03  0.85735E+05
 0.11034999E+03  0.84915E+05
 0.11039999E+03  0.84099E+05
 0.11045000E+03  0.83319E+05
 0.11049999E+03  0.82345E+05
 0.11055000E+03  0.81368E+05
 0.11059999E+03  0.80298E+05
 0.11064999E+03  0.79177E+05
 0.11070000E+03  0.78161E+05
 0.11074999E+03  0.77049E+05
 0.11080000E+03  0.75913E+05
 0.11084999E+03  0.74720E+05
 0.11089999E+03  0.73428E+05
 0.11095000E+03  0.72196E+05
 0.11099999E+03  0.70888E+05
 0.11105000E+03  0.69540E+05
 0.11109999E+03  0.68315E+05
 0.11114999E+03  0.66962E+05
 0.11120000E+03  0.65595E+05
 0.11124999E+03  0.64357E+05
 0.11130000E+03  0.62996E+05
 0.11134999E+03  0.61643E+05
 0.11139999E+03  0.60285E+05
 0.11145000E+03  0.58905E+05
 0.11149999E+03  0.57566E+05
 0.11155000E+03  0.56146E+05
 0.11159999E+03  0.54802E+05
 0.11164999E+03  0.53356E+05
 0.11170000E+03  0.51849E+05
 0.11174999E+03  0.50564E+05
 0.11180000E+03  0.49206E+05
 0.11184999E+03  0.47795E+05
 0.11189999E+03  0.46369E+05
 0.11195000E+03  0.44882E+05
 0.11199999E+03  0.43494E+05
 0.11205000E+03  0.42014E+05
 0.11209999E+03  0.40561E+05
 0.11214999E+03  0.39349E+05
 0.11220000E+03  0.37982E+05
 0.11224999E+03  0.36518E+05
 0.11230000E+03  0.35216E+05
 0.11234999E+03  0.33854E+05
 0.11239999E+03  0.32599E+05
 0.11244999E+03  0.31365E+05
 0.11249999E+03  0.30036E+05
 0.11255000E+03  0.28893E+05
 0.11259999E+03  0.27690E+05
 0.11264999E+03  0.26599E+05
 0.11269999E+03  0.25575E+05
 0.11274999E+03  0.24229E+05
 0.11280000E+03  0.22956E+05
 0.11284999E+03  0.21686E+05
 0.11289999E+03  0.20419E+05
 0.11294999E+03  0.19371E+05
 0.11299999E+03  0.18249E+05
 0.11305000E+03  0.17134E+05
 0.11309999E+03  0.16000E+05
 0.11314999E+03  0.14772E+05
 0.11319999E+03  0.13510E+05
 0.11324999E+03  0.12087E+05
 0.11330000E+03  0.10791E+05
 0.11334999E+03  0.95900E+04
 0.11339999E+03  0.82640E+04
 0.11344999E+03  0.71210E+04
 0.11349999E+03  0.60310E+04
 0.11355000E+03  0.48670E+04
 0.11359999E+03  0.36500E+04
 0.11364999E+03  0.22950E+04
 0.11369999E+03  0.11290E+04
 0.11374999E+03  0.16000E+02
 0.11380000E+03 -0.11180E+04
 0.11384999E+03 -0.20320E+04
 0.11389999E+03 -0.30200E+04
 0.11394999E+03 -0.40630E+04
 0.11399999E+03 -0.50200E+04
 0.11405000E+03 -0.58940E+04
 0.11409999E+03 -0.66480E+04
 0.11414999E+03 -0.74230E+04
 0.11419999E+03 -0.80560E+04
 0.11424999E+03 -0.85570E+04
 0.11430000E+03 -0.91550E+04
 0.11434999E+03 -0.96270E+04
 0.11439999E+03 -0.10043E+05
 0.11444999E+03 -0.10483E+05
 0.11449999E+03 -0.10774E+05
 0.11455000E+03 -0.11130E+05
 0.11459999E+03 -0.11413E+05
 0.11464999E+03 -0.11598E+05
 0.11469999E+03 -0.11954E+05
 0.11474999E+03 -0.12203E+05
 0.11480000E+03 -0.12469E+05
 0.11484999E+03 -0.12827E+05
 0.11489999E+03 -0.13078E+05
 0.11494999E+03 -0.13454E+05
 0.11499999E+03 -0.13844E+05
 0.11505000E+03 -0.14240E+05
 0.11509999E+03 -0.14684E+05
 0.11514999E+03 -0.15042E+05
 0.11519999E+03 -0.15417E+05
 0.11524999E+03 -0.15749E+05
 0.11530000E+03 -0.16192E+05
 0.11534999E+03 -0.16659E+05
 0.11539999E+03 -0.17008E+05
 0.11544999E+03 -0.17554E+05
 0.11549999E+03 -0.18031E+05
 0.11555000E+03 -0.18381E+05
 0.11559999E+03 -0.18802E+05
 0.11564999E+03 -0.19129E+05
 0.11569999E+03 -0.19555E+05
 0.11574999E+03 -0.20032E+05
 0.11580000E+03 -0.20456E+05
 0.11584999E+03 -0.21049E+05
 0.11589999E+03 -0.21605E+05
 0.11594999E+03 -0.22090E+05
 0.11599999E+03 -0.22625E+05
 0.11605000E+03 -0.23108E+05
 0.11609999E+03 -0.23723E+05
 0.11614999E+03 -0.24371E+05
 0.11619999E+03 -0.24868E+05
 0.11624999E+03 -0.25447E+05
 0.11630000E+03 -0.26009E+05
 0.11634999E+03 -0.26515E+05
 0.11639999E+03 -0.27098E+05
 0.11644999E+03 -0.27642E+05
 0.11649999E+03 -0.28217E+05
 0.11655000E+03 -0.28721E+05
 0.11659999E+03 -0.29193E+05
 0.11664999E+03 -0.29783E+05
 0.11669999E+03 -0.30105E+05
 0.11674999E+03 -0.30239E+05
 0.11680000E+03 -0.30471E+05
 0.11684999E+03 -0.30706E+05
 0.11689999E+03 -0.30946E+05
 0.11694999E+03 -0.31152E+05
 0.11699999E+03 -0.31257E+05
 0.11705000E+03 -0.31317E+05
 0.11709999E+03 -0.31299E+05
 0.11714999E+03 -0.31100E+05
 0.11719999E+03 -0.30755E+05
 0.11724999E+03 -0.30304E+05
 0.11730000E+03 -0.29906E+05
 0.11734999E+03 -0.29586E+05
 0.11739999E+03 -0.29230E+05
 0.11744999E+03 -0.28883E+05
 0.11749999E+03 -0.28413E+05
 0.11755000E+03 -0.27840E+05
 0.11759999E+03 -0.27276E+05
 0.11764999E+03 -0.26591E+05
 0.11769999E+03 -0.25828E+05
 0.11774999E+03 -0.25096E+05
 0.11780000E+03 -0.24373E+05
 0.11784999E+03 -0.23647E+05
 0.11789999E+03 -0.22956E+05
 0.11794999E+03 -0.22283E+05
 0.11799999E+03 -0.21598E+05
 0.11805000E+03 -0.20868E+05
 0.11809999E+03 -0.20086E+05
 0.11814999E+03 -0.19275E+05
 0.11819999E+03 -0.18483E+05
 0.11824999E+03 -0.17751E+05
 0.11830000E+03 -0.16990E+05
 0.11834999E+03 -0.16275E+05
 0.11839999E+03 -0.15575E+05
 0.11844999E+03 -0.14776E+05
 0.11849999E+03 -0.14016E+05
 0.11855000E+03 -0.13242E+05
 0.11859999E+03 -0.12408E+05
 0.11864999E+03 -0.11632E+05
 0.11869999E+03 -0.10888E+05
 0.11874999E+03 -0.10204E+05
 0.11880000E+03 -0.95580E+04
 0.11884999E+03 -0.89260E+04
 0.11889999E+03 -0.82960E+04
 0.11894999E+03 -0.75890E+04
 0.11899999E+03 -0.69640E+04
 0.11905000E+03 -0.63440E+04
 0.11909999E+03 -0.56520E+04
 0.11914999E+03 -0.51790E+04
 0.11919999E+03 -0.47920E+04
 0.11924999E+03 -0.44140E+04
 0.11930000E+03 -0.40190E+04
 0.11934999E+03 -0.33800E+04
 0.11939999E+03 -0.28810E+04
 0.11944999E+03 -0.25530E+04
 0.11949999E+03 -0.21150E+04
 0.11955000E+03 -0.18240E+04
 0.11959999E+03 -0.15230E+04
 0.11964999E+03 -0.10710E+04
 0.11969999E+03 -0.66000E+03
 0.11974999E+03 -0.20000E+03
 0.11980000E+03  0.30700E+03
 0.11984999E+03  0.71900E+03
 0.11989999E+03  0.11350E+04
 0.11994999E+03  0.15560E+04
 0.11999999E+03  0.18950E+04
 0.12005000E+03  0.23390E+04
 0.12009999E+03  0.27590E+04
 0.12014999E+03  0.30850E+04
 0.12019999E+03  0.34430E+04
 0.12024999E+03  0.37010E+04
 0.12030000E+03  0.41490E+04
 0.12034999E+03  0.47740E+04
 0.12039999E+03  0.51820E+04
 0.12044999E+03  0.55250E+04
 0.12049999E+03  0.57870E+04
 0.12055000E+03  0.59880E+04
 0.12059999E+03  0.63430E+04
 0.12064999E+03  0.66690E+04
 0.12069999E+03  0.70160E+04
 0.12074999E+03  0.74810E+04
 0.12080000E+03  0.78420E+04
 0.12084999E+03  0.81700E+04
 0.12089999E+03  0.84760E+04
 0.12094999E+03  0.86500E+04
 0.12099999E+03  0.88050E+04
 0.12105000E+03  0.89470E+04
 0.12109999E+03  0.91150E+04
 0.12114999E+03  0.92850E+04
 0.12119999E+03  0.93730E+04
 0.12124999E+03  0.95120E+04
 0.12130000E+03  0.96520E+04
 0.12134999E+03  0.96910E+04
 0.12139999E+03  0.96710E+04
 0.12144999E+03  0.96090E+04
 0.12149999E+03  0.95370E+04
 0.12155000E+03  0.95480E+04
 0.12159999E+03  0.96780E+04
 0.12164999E+03  0.98010E+04
 0.12169999E+03  0.98320E+04
 0.12174999E+03  0.97330E+04
 0.12180000E+03  0.96910E+04
 0.12184999E+03  0.97170E+04
 0.12189999E+03  0.95430E+04
 0.12194999E+03  0.94500E+04
 0.12199999E+03  0.94750E+04
 0.12205000E+03  0.94380E+04
 0.12209999E+03  0.94900E+04
 0.12214999E+03  0.94250E+04
 0.12219999E+03  0.92760E+04
 0.12224999E+03  0.92210E+04
 0.12230000E+03  0.89990E+04
 0.12234999E+03  0.87420E+04
 0.12239999E+03  0.85970E+04
 0.12244999E+03  0.84750E+04
 0.12249999E+03  0.84540E+04
 0.12255000E+03  0.83780E+04
 0.12259999E+03  0.82720E+04
 0.12264999E+03  0.81590E+04
 0.12269999E+03  0.79730E+04
 0.12274999E+03  0.78650E+04
 0.12280000E+03  0.76930E+04
 0.12284999E+03  0.75300E+04
 0.12289999E+03  0.73620E+04
 0.12294999E+03  0.71220E+04
 0.12299999E+03  0.71490E+04
 0.12305000E+03  0.71480E+04
 0.12309999E+03  0.69690E+04
 0.12314999E+03  0.67610E+04
 0.12319999E+03  0.62780E+04
 0.12324999E+03  0.58590E+04
 0.12330000E+03  0.56880E+04
 0.12334999E+03  0.55740E+04
 0.12339999E+03  0.55840E+04
 0.12344999E+03  0.55290E+04
 0.12349999E+03  0.54220E+04
 0.12355000E+03  0.52650E+04
 0.12359999E+03  0.49320E+04
 0.12364999E+03  0.46720E+04
 0.12369999E+03  0.44400E+04
 0.12374999E+03  0.42330E+04
 0.12380000E+03  0.41880E+04
 0.12384999E+03  0.40280E+04
 0.12389999E+03  0.38730E+04
 0.12394999E+03  0.36960E+04
 0.12399999E+03  0.33420E+04
 0.12405000E+03  0.32250E+04
 0.12409999E+03  0.30670E+04
 0.12414999E+03  0.27750E+04
 0.12419999E+03  0.26110E+04
 0.12424999E+03  0.22060E+04
 0.12430000E+03  0.18730E+04
 0.12434999E+03  0.16540E+04
 0.12439999E+03  0.12850E+04
 0.12444999E+03  0.11630E+04
 0.12449999E+03  0.94900E+03
 0.12455000E+03  0.57700E+03
 0.12459999E+03  0.28000E+03
 0.12464999E+03 -0.11200E+03
 0.12469999E+03 -0.18900E+03
 0.12474999E+03 -0.26300E+03
 0.12480000E+03 -0.59800E+03
 0.12484999E+03 -0.74900E+03
 0.12489999E+03 -0.10220E+04
 0.12494999E+03 -0.12820E+04
 0.12499999E+03 -0.14580E+04
 0.12504999E+03 -0.18090E+04
 0.12509999E+03 -0.19990E+04
 0.12514999E+03 -0.21510E+04
 0.12520000E+03 -0.22690E+04
 0.12524998E+03 -0.22990E+04
 0.12529999E+03 -0.25050E+04
 0.12534999E+03 -0.27150E+04
 0.12539999E+03 -0.30440E+04
 0.12545000E+03 -0.32870E+04
 0.12549998E+03 -0.31270E+04
 0.12554999E+03 -0.30720E+04
 0.12559999E+03 -0.30920E+04
 0.12564999E+03 -0.31880E+04
 0.12570000E+03 -0.34900E+04
 0.12574998E+03 -0.37460E+04
 0.12579999E+03 -0.39720E+04
 0.12584999E+03 -0.40570E+04
 0.12589999E+03 -0.42460E+04
 0.12595000E+03 -0.45560E+04
 0.12599998E+03 -0.47180E+04
 0.12604999E+03 -0.50290E+04
 0.12609999E+03 -0.53430E+04
 0.12614999E+03 -0.56540E+04
 0.12620000E+03 -0.61490E+04
 0.12624998E+03 -0.66400E+04
 0.12629999E+03 -0.72340E+04
 0.12634999E+03 -0.78350E+04
 0.12639999E+03 -0.83380E+04
 0.12645000E+03 -0.88830E+04
 0.12649998E+03 -0.94310E+04
 0.12654999E+03 -0.10116E+05
 0.12659999E+03 -0.10831E+05
 0.12664999E+03 -0.11377E+05
 0.12670000E+03 -0.12005E+05
 0.12674998E+03 -0.12727E+05
 0.12679999E+03 -0.13420E+05
 0.12684999E+03 -0.14053E+05
 0.12689999E+03 -0.14619E+05
 0.12695000E+03 -0.15234E+05
 0.12699998E+03 -0.15834E+05
 0.12704999E+03 -0.16432E+05
 0.12709999E+03 -0.17092E+05
 0.12714999E+03 -0.17762E+05
 0.12720000E+03 -0.18377E+05
 0.12724998E+03 -0.18793E+05
 0.12729999E+03 -0.19151E+05
 0.12734999E+03 -0.19552E+05
 0.12739999E+03 -0.20012E+05
 0.12745000E+03 -0.20581E+05
 0.12749998E+03 -0.21026E+05
 0.12754999E+03 -0.21436E+05
 0.12759999E+03 -0.21815E+05
 0.12764999E+03 -0.22093E+05
 0.12770000E+03 -0.22457E+05
 0.12774998E+03 -0.22864E+05
 0.12779999E+03 -0.23219E+05
 0.12784999E+03 -0.23421E+05
 0.12789999E+03 -0.23595E+05
 0.12795000E+03 -0.23908E+05
 0.12799998E+03 -0.24241E+05
 0.12804999E+03 -0.24470E+05
 0.12809999E+03 -0.24644E+05
 0.12814999E+03 -0.24860E+05
 0.12820000E+03 -0.25115E+05
 0.12824998E+03 -0.25463E+05
 0.12829999E+03 -0.25714E+05
 0.12834999E+03 -0.25835E+05
 0.12839999E+03 -0.25954E+05
 0.12845000E+03 -0.26023E+05
 0.12849998E+03 -0.26207E+05
 0.12854999E+03 -0.26306E+05
 0.12859999E+03 -0.26347E+05
 0.12864999E+03 -0.26537E+05
 0.12870000E+03 -0.26499E+05
 0.12874998E+03 -0.26401E+05
 0.12879999E+03 -0.26298E+05
 0.12884999E+03 -0.25991E+05
 0.12889999E+03 -0.25917E+05
 0.12895000E+03 -0.25927E+05
 0.12899998E+03 -0.25782E+05
 0.12904999E+03 -0.25675E+05
 0.12909999E+03 -0.25469E+05
 0.12914999E+03 -0.25258E+05
 0.12920000E+03 -0.25119E+05
 0.12924998E+03 -0.24983E+05
 0.12929999E+03 -0.24879E+05
 0.12934999E+03 -0.24788E+05
 0.12939999E+03 -0.24778E+05
 0.12945000E+03 -0.24651E+05
 0.12949998E+03 -0.24391E+05
 0.12954999E+03 -0.24260E+05
 0.12959999E+03 -0.24101E+05
 0.12964999E+03 -0.23966E+05
 0.12970000E+03 -0.24055E+05
 0.12974998E+03 -0.24049E+05
 0.12979999E+03 -0.23947E+05
 0.12984999E+03 -0.23954E+05
 0.12989999E+03 -0.23911E+05
 0.12995000E+03 -0.23897E+05
 0.12999998E+03 -0.23909E+05
 0.13004999E+03 -0.23784E+05
 0.13009999E+03 -0.23738E+05
 0.13014999E+03 -0.23733E+05
 0.13020000E+03 -0.23528E+05
 0.13024998E+03 -0.23351E+05
 0.13029999E+03 -0.23290E+05
 0.13034999E+03 -0.23111E+05
 0.13039999E+03 -0.22830E+05
 0.13045000E+03 -0.22657E+05
 0.13049998E+03 -0.22483E+05
 0.13054999E+03 -0.22210E+05
 0.13059999E+03 -0.21972E+05
 0.13064999E+03 -0.21695E+05
 0.13070000E+03 -0.21376E+05
 0.13074998E+03 -0.21000E+05
 0.13079999E+03 -0.20665E+05
 0.13084999E+03 -0.20438E+05
 0.13089999E+03 -0.20052E+05
 0.13095000E+03 -0.19553E+05
 0.13099998E+03 -0.19045E+05
 0.13104999E+03 -0.18680E+05
 0.13109999E+03 -0.18414E+05
 0.13114999E+03 -0.17954E+05
 0.13120000E+03 -0.17563E+05
 0.13124998E+03 -0.17169E+05
 0.13129999E+03 -0.16537E+05
 0.13134999E+03 -0.16025E+05
 0.13139999E+03 -0.15661E+05
 0.13145000E+03 -0.15262E+05
 0.13149998E+03 -0.14915E+05
 0.13154999E+03 -0.14513E+05
 0.13159999E+03 -0.14078E+05
 0.13164999E+03 -0.13731E+05
 0.13170000E+03 -0.13249E+05
 0.13174998E+03 -0.12917E+05
 0.13179999E+03 -0.12733E+05
 0.13184999E+03 -0.12251E+05
 0.13189999E+03 -0.11802E+05
 0.13195000E+03 -0.11462E+05
 0.13199998E+03 -0.11180E+05
 0.13204999E+03 -0.10897E+05
 0.13209999E+03 -0.10537E+05
 0.13214999E+03 -0.10386E+05
 0.13220000E+03 -0.10188E+05
 0.13224998E+03 -0.99470E+04
 0.13229999E+03 -0.97920E+04
 0.13234999E+03 -0.95390E+04
 0.13239999E+03 -0.93170E+04
 0.13245000E+03 -0.90380E+04
 0.13249998E+03 -0.88020E+04
 0.13254999E+03 -0.86990E+04
 0.13259999E+03 -0.85820E+04
 0.13264999E+03 -0.84590E+04
 0.13270000E+03 -0.82350E+04
 0.13274998E+03 -0.80710E+04
 0.13279999E+03 -0.80170E+04
 0.13284999E+03 -0.78120E+04
 0.13289999E+03 -0.75890E+04
 0.13295000E+03 -0.73870E+04
 0.13299998E+03 -0.69540E+04
 0.13304999E+03 -0.65310E+04
 0.13309999E+03 -0.62360E+04
 0.13314999E+03 -0.58830E+04
 0.13320000E+03 -0.55810E+04
 0.13324998E+03 -0.50830E+04
 0.13329999E+03 -0.45030E+04
 0.13334999E+03 -0.40730E+04
 0.13339999E+03 -0.33780E+04
 0.13345000E+03 -0.27460E+04
 0.13349998E+03 -0.21740E+04
 0.13354999E+03 -0.13450E+04
 0.13359999E+03 -0.79600E+03
 0.13364999E+03 -0.40000E+03
 0.13370000E+03  0.17300E+03
 0.13374998E+03  0.78200E+03
 0.13379999E+03  0.14300E+04
 0.13384999E+03  0.20990E+04
 0.13389999E+03  0.27280E+04
 0.13395000E+03  0.33730E+04
 0.13399998E+03  0.40390E+04
 0.13404999E+03  0.44780E+04
 0.13409999E+03  0.48350E+04
 0.13414999E+03  0.52500E+04
 0.13420000E+03  0.56410E+04
 0.13424998E+03  0.62660E+04
 0.13429999E+03  0.68380E+04
 0.13434999E+03  0.72610E+04
 0.13439999E+03  0.78280E+04
 0.13445000E+03  0.82140E+04
 0.13449998E+03  0.85260E+04
 0.13454999E+03  0.90120E+04
 0.13459999E+03  0.94630E+04
 0.13464999E+03  0.98680E+04
 0.13470000E+03  0.10259E+05
 0.13474998E+03  0.10680E+05
 0.13479999E+03  0.11148E+05
 0.13484999E+03  0.11633E+05
 0.13489999E+03  0.12343E+05
 0.13495000E+03  0.13132E+05
 0.13499998E+03  0.13694E+05
 0.13504999E+03  0.14278E+05
 0.13509999E+03  0.14820E+05
 0.13514999E+03  0.15185E+05
 0.13520000E+03  0.15776E+05
 0.13524998E+03  0.16625E+05
 0.13529999E+03  0.17455E+05
 0.13534999E+03  0.18419E+05
 0.13539999E+03  0.19597E+05
 0.13545000E+03  0.20637E+05
 0.13549998E+03  0.21561E+05
 0.13554999E+03  0.22581E+05
 0.13559999E+03  0.23515E+05
 0.13564999E+03  0.24504E+05
 0.13570000E+03  0.25748E+05
 0.13574998E+03  0.26819E+05
 0.13579999E+03  0.27841E+05
 0.13584999E+03  0.29097E+05
 0.13589999E+03  0.30132E+05
 0.13595000E+03  0.31029E+05
 0.13599998E+03  0.31920E+05
 0.13604999E+03  0.32636E+05
 0.13609999E+03  0.33266E+05
 0.13614999E+03  0.33824E+05
 0.13620000E+03  0.34331E+05
 0.13624998E+03  0.34721E+05
 0.13629999E+03  0.35162E+05
 0.13634999E+03  0.35620E+05
 0.13639999E+03  0.35670E+05
 0.13645000E+03  0.35656E+05
 0.13649998E+03  0.35639E+05
 0.13654999E+03  0.35350E+05
 0.13659999E+03  0.35191E+05
 0.13664999E+03  0.35160E+05
 0.13670000E+03  0.35184E+05
 0.13674998E+03  0.35362E+05
 0.13679999E+03  0.35570E+05
 0.13684999E+03  0.36035E+05
 0.13689999E+03  0.36721E+05
 0.13695000E+03  0.37424E+05
 0.13699998E+03  0.38396E+05
 0.13704999E+03  0.39501E+05
 0.13709999E+03  0.40640E+05
 0.13714999E+03  0.42150E+05
 0.13720000E+03  0.43778E+05
 0.13724998E+03  0.45428E+05
 0.13729999E+03  0.47302E+05
 0.13734999E+03  0.49276E+05
 0.13739999E+03  0.51410E+05
 0.13745000E+03  0.53491E+05
 0.13749998E+03  0.55509E+05
 0.13754999E+03  0.57584E+05
 0.13759999E+03  0.59513E+05
 0.13764999E+03  0.61407E+05
 0.13770000E+03  0.63173E+05
 0.13774998E+03  0.64758E+05
 0.13779999E+03  0.66254E+05
 0.13784999E+03  0.67585E+05
 0.13789999E+03  0.68793E+05
 0.13795000E+03  0.69871E+05
 0.13799998E+03  0.70769E+05
 0.13804999E+03  0.71356E+05
 0.13809999E+03  0.71700E+05
 0.13814999E+03  0.71868E+05
 0.13820000E+03  0.71632E+05
 0.13824998E+03  0.71097E+05
 0.13829999E+03  0.70441E+05
 0.13834999E+03  0.69559E+05
 0.13839999E+03  0.68522E+05
 0.13845000E+03  0.67514E+05
 0.13849998E+03  0.66478E+05
 0.13854999E+03  0.65354E+05
 0.13859999E+03  0.64155E+05
 0.13864999E+03  0.63067E+05
 0.13870000E+03  0.62435E+05
 0.13874998E+03  0.62120E+05
 0.13879999E+03  0.61858E+05
 0.13884999E+03  0.61745E+05
 0.13889999E+03  0.61973E+05
 0.13895000E+03  0.62509E+05
 0.13899998E+03  0.63206E+05
 0.13904999E+03  0.64166E+05
 0.13909999E+03  0.65283E+05
 0.13914999E+03  0.66426E+05
 0.13920000E+03  0.67707E+05
 0.13924998E+03  0.69199E+05
 0.13929999E+03  0.71055E+05
 0.13934999E+03  0.73181E+05
 0.13939999E+03  0.75529E+05
 0.13945000E+03  0.78334E+05
 0.13949998E+03  0.81549E+05
 0.13954999E+03  0.84970E+05
 0.13959999E+03  0.88304E+05
 0.13964999E+03  0.91349E+05
 0.13970000E+03  0.94164E+05
 0.13974998E+03  0.96626E+05
 0.13979999E+03  0.98689E+05
 0.13984999E+03  0.10034E+06
 0.13989999E+03  0.10122E+06
 0.13995000E+03  0.10144E+06
 0.13999998E+03  0.10118E+06
 0.14004999E+03  0.10036E+06
 0.14009999E+03  0.99188E+05
 0.14014999E+03  0.97716E+05
 0.14020000E+03  0.96230E+05
 0.14024998E+03  0.94873E+05
 0.14029999E+03  0.93559E+05
 0.14034999E+03  0.92552E+05
 0.14039999E+03  0.91747E+05
 0.14045000E+03  0.90967E+05
 0.14049998E+03  0.90090E+05
 0.14054999E+03  0.89084E+05
 0.14059999E+03  0.88311E+05
 0.14064999E+03  0.88010E+05
 0.14070000E+03  0.88041E+05
 0.14074998E+03  0.88105E+05
 0.14079999E+03  0.88123E+05
 0.14084999E+03  0.88350E+05
 0.14089999E+03  0.88854E+05
 0.14095000E+03  0.89396E+05
 0.14099998E+03  0.90070E+05
 0.14104999E+03  0.90721E+05
 0.14109999E+03  0.91180E+05
 0.14114999E+03  0.91828E+05
 0.14120000E+03  0.92516E+05
 0.14124998E+03  0.93176E+05
 0.14129999E+03  0.93876E+05
 0.14134999E+03  0.94596E+05
 0.14139999E+03  0.95590E+05
 0.14145000E+03  0.96420E+05
 0.14149998E+03  0.96886E+05
 0.14154999E+03  0.97003E+05
 0.14159999E+03  0.96617E+05
 0.14164999E+03  0.96054E+05
 0.14170000E+03  0.95116E+05
 0.14174998E+03  0.93573E+05
 0.14179999E+03  0.91504E+05
 0.14184999E+03  0.88855E+05
 0.14189999E+03  0.85967E+05
 0.14195000E+03  0.83149E+05
 0.14199998E+03  0.80364E+05
 0.14204999E+03  0.77869E+05
 0.14209999E+03  0.75759E+05
 0.14214999E+03  0.73771E+05
 0.14220000E+03  0.71970E+05
 0.14224998E+03  0.70072E+05
 0.14229999E+03  0.67947E+05
 0.14234999E+03  0.65809E+05
 0.14239999E+03  0.63563E+05
 0.14245000E+03  0.61565E+05
 0.14249998E+03  0.59897E+05
 0.14254999E+03  0.58668E+05
 0.14259999E+03  0.58153E+05
 0.14264999E+03  0.57959E+05
 0.14270000E+03  0.58222E+05
 0.14274998E+03  0.59063E+05
 0.14279999E+03  0.60564E+05
 0.14284999E+03  0.63300E+05
 0.14289999E+03  0.67251E+05
 0.14295000E+03  0.72176E+05
 0.14299998E+03  0.77637E+05
 0.14304999E+03  0.83052E+05
 0.14309999E+03  0.88057E+05
 0.14314999E+03  0.92151E+05
 0.14320000E+03  0.95270E+05
 0.14324998E+03  0.97399E+05
 0.14329999E+03  0.98347E+05
 0.14334999E+03  0.98568E+05
 0.14339999E+03  0.98178E+05
 0.14345000E+03  0.96817E+05
 0.14349998E+03  0.94776E+05
 0.14354999E+03  0.92048E+05
 0.14359999E+03  0.88753E+05
 0.14364999E+03  0.85525E+05
 0.14370000E+03  0.82056E+05
 0.14374998E+03  0.78512E+05
 0.14379999E+03  0.74948E+05
 0.14384999E+03  0.70903E+05
 0.14389999E+03  0.66705E+05
 0.14395000E+03  0.61939E+05
 0.14399998E+03  0.56801E+05
 0.14404999E+03  0.51735E+05
 0.14409999E+03  0.46516E+05
 0.14414999E+03  0.41808E+05
 0.14420000E+03  0.37666E+05
 0.14424998E+03  0.34053E+05
 0.14429999E+03  0.30746E+05
 0.14434999E+03  0.27310E+05
 0.14439999E+03  0.24236E+05
 0.14445000E+03  0.21357E+05
 0.14449998E+03  0.18613E+05
 0.14454999E+03  0.16236E+05
 0.14459999E+03  0.14168E+05
 0.14464999E+03  0.12688E+05
 0.14470000E+03  0.11695E+05
 0.14474998E+03  0.10832E+05
 0.14479999E+03  0.98540E+04
 0.14484999E+03  0.86050E+04
 0.14489999E+03  0.68620E+04
 0.14495000E+03  0.45180E+04
 0.14499998E+03  0.16460E+04
 0.14504999E+03 -0.17980E+04
 0.14509999E+03 -0.61160E+04
 0.14514999E+03 -0.11435E+05
 0.14520000E+03 -0.17235E+05
 0.14524998E+03 -0.23116E+05
 0.14529999E+03 -0.28530E+05
 0.14534999E+03 -0.33257E+05
 0.14539999E+03 -0.37405E+05
 0.14545000E+03 -0.40681E+05
 0.14549998E+03 -0.43380E+05
 0.14554999E+03 -0.45436E+05
 0.14559999E+03 -0.46916E+05
 0.14564999E+03 -0.48018E+05
 0.14570000E+03 -0.48215E+05
 0.14574998E+03 -0.47453E+05
 0.14579999E+03 -0.45372E+05
 0.14584999E+03 -0.42089E+05
 0.14589999E+03 -0.38208E+05
 0.14595000E+03 -0.34177E+05
 0.14599998E+03 -0.31030E+05
 0.14604999E+03 -0.29166E+05
 0.14609999E+03 -0.28722E+05
 0.14614999E+03 -0.29887E+05
 0.14620000E+03 -0.32394E+05
 0.14624998E+03 -0.35801E+05
 0.14629999E+03 -0.39798E+05
 0.14634999E+03 -0.43964E+05
 0.14639999E+03 -0.47930E+05
 0.14645000E+03 -0.51846E+05
 0.14649998E+03 -0.55412E+05
 0.14654999E+03 -0.58636E+05
 0.14659999E+03 -0.61449E+05
 0.14664999E+03 -0.63423E+05
 0.14670000E+03 -0.64656E+05
 0.14674998E+03 -0.64562E+05
 0.14679999E+03 -0.63021E+05
 0.14684999E+03 -0.60219E+05
 0.14689999E+03 -0.56219E+05
 0.14695000E+03 -0.52448E+05
 0.14699998E+03 -0.50327E+05
 0.14704999E+03 -0.50325E+05
 0.14709999E+03 -0.52002E+05
 0.14714999E+03 -0.54493E+05
 0.14720000E+03 -0.57266E+05
 0.14724998E+03 -0.60093E+05
 0.14729999E+03 -0.63308E+05
 0.14734999E+03 -0.67647E+05
 0.14739999E+03 -0.73917E+05
 0.14745000E+03 -0.82400E+05
 0.14749998E+03 -0.92563E+05
 0.14754999E+03 -0.10340E+06
 0.14759999E+03 -0.11402E+06
 0.14764999E+03 -0.12359E+06
 0.14770000E+03 -0.13157E+06
 0.14774998E+03 -0.13842E+06
 0.14779999E+03 -0.14456E+06
 0.14784999E+03 -0.15051E+06
 0.14789999E+03 -0.15660E+06
 0.14795000E+03 -0.16268E+06
 0.14799998E+03 -0.16880E+06
 0.14804999E+03 -0.17488E+06
 0.14809999E+03 -0.18105E+06
 0.14814999E+03 -0.18689E+06
 0.14820000E+03 -0.19176E+06
 0.14824998E+03 -0.19507E+06
 0.14829999E+03 -0.19564E+06
 0.14834999E+03 -0.19366E+06
 0.14839999E+03 -0.18924E+06
 0.14845000E+03 -0.18207E+06
 0.14849998E+03 -0.17300E+06
 0.14854999E+03 -0.16230E+06
 0.14859999E+03 -0.15060E+06
 0.14864999E+03 -0.13919E+06
 0.14870000E+03 -0.12882E+06
 0.14874998E+03 -0.12069E+06
 0.14879999E+03 -0.11551E+06
 0.14884999E+03 -0.11288E+06
 0.14889999E+03 -0.11239E+06
 0.14895000E+03 -0.11357E+06
 0.14899998E+03 -0.11598E+06
 0.14904999E+03 -0.11953E+06
 0.14909999E+03 -0.12380E+06
 0.14914999E+03 -0.12828E+06
 0.14920000E+03 -0.13307E+06
 0.14924998E+03 -0.13841E+06
 0.14929999E+03 -0.14410E+06
 0.14934999E+03 -0.14924E+06
 0.14939999E+03 -0.15316E+06
 0.14945000E+03 -0.15547E+06
 0.14949998E+03 -0.15584E+06
 0.14954999E+03 -0.15430E+06
 0.14959999E+03 -0.15072E+06
 0.14964999E+03 -0.14574E+06
 0.14970000E+03 -0.14052E+06
 0.14974998E+03 -0.13613E+06
 0.14979999E+03 -0.13403E+06
 0.14984999E+03 -0.13484E+06
 0.14989999E+03 -0.13827E+06
 0.14995000E+03 -0.14393E+06
