-0.30000000E+01  0.37583E+06
-0.29500000E+01  0.37476E+06
-0.29000001E+01  0.37369E+06
-0.28499999E+01  0.37263E+06
-0.28000000E+01  0.37159E+06
-0.27500000E+01  0.37055E+06
-0.27000000E+01  0.36952E+06
-0.26500001E+01  0.36851E+06
-0.25999999E+01  0.36754E+06
-0.25500000E+01  0.36663E+06
-0.25000000E+01  0.36576E+06
-0.24500000E+01  0.36493E+06
-0.24000001E+01  0.36413E+06
-0.23499999E+01  0.36334E+06
-0.23000002E+01  0.36256E+06
-0.22500000E+01  0.36180E+06
-0.22000000E+01  0.36106E+06
-0.21500001E+01  0.36034E+06
-0.20999999E+01  0.35966E+06
-0.20500002E+01  0.35902E+06
-0.20000000E+01  0.35842E+06
-0.19500000E+01  0.35784E+06
-0.19000001E+01  0.35726E+06
-0.18500000E+01  0.35667E+06
-0.18000001E+01  0.35607E+06
-0.17500001E+01  0.35547E+06
-0.17000000E+01  0.35488E+06
-0.16500001E+01  0.35431E+06
-0.16000001E+01  0.35379E+06
-0.15500001E+01  0.35330E+06
-0.15000001E+01  0.35285E+06
-0.14500000E+01  0.35241E+06
-0.14000001E+01  0.35199E+06
-0.13500001E+01  0.35157E+06
-0.13000001E+01  0.35116E+06
-0.12500001E+01  0.35077E+06
-0.12000000E+01  0.35041E+06
-0.11500001E+01  0.35009E+06
-0.11000001E+01  0.34982E+06
-0.10500001E+01  0.34959E+06
-0.10000001E+01  0.34937E+06
-0.95000005E+00  0.34918E+06
-0.90000010E+00  0.34900E+06
-0.85000014E+00  0.34883E+06
-0.80000019E+00  0.34868E+06
-0.75000024E+00  0.34856E+06
-0.70000005E+00  0.34847E+06
-0.65000010E+00  0.34843E+06
-0.60000014E+00  0.34843E+06
-0.55000019E+00  0.34846E+06
-0.50000024E+00  0.34850E+06
-0.45000005E+00  0.34854E+06
-0.40000010E+00  0.34858E+06
-0.35000014E+00  0.34864E+06
-0.30000019E+00  0.34871E+06
-0.25000024E+00  0.34880E+06
-0.20000029E+00  0.34891E+06
-0.15000010E+00  0.34904E+06
-0.10000014E+00  0.34917E+06
-0.50000191E-01  0.34930E+06
-0.23841858E-06  0.34943E+06
 0.49999714E-01  0.34954E+06
 0.99999905E-01  0.34967E+06
 0.14999986E+00  0.34981E+06
 0.19999981E+00  0.34997E+06
 0.24999976E+00  0.35015E+06
 0.29999971E+00  0.35036E+06
 0.34999990E+00  0.35058E+06
 0.39999986E+00  0.35081E+06
 0.44999981E+00  0.35106E+06
 0.49999976E+00  0.35131E+06
 0.54999971E+00  0.35159E+06
 0.59999990E+00  0.35189E+06
 0.64999986E+00  0.35222E+06
 0.69999981E+00  0.35258E+06
 0.74999976E+00  0.35296E+06
 0.79999971E+00  0.35337E+06
 0.84999967E+00  0.35380E+06
 0.89999986E+00  0.35425E+06
 0.94999981E+00  0.35471E+06
 0.99999976E+00  0.35519E+06
 0.10499997E+01  0.35570E+06
 0.10999999E+01  0.35623E+06
 0.11499996E+01  0.35679E+06
 0.11999998E+01  0.35739E+06
 0.12499995E+01  0.35802E+06
 0.12999997E+01  0.35865E+06
 0.13499999E+01  0.35930E+06
 0.13999996E+01  0.35996E+06
 0.14499998E+01  0.36063E+06
 0.14999995E+01  0.36131E+06
 0.15499997E+01  0.36199E+06
 0.15999999E+01  0.36270E+06
 0.16499996E+01  0.36341E+06
 0.16999998E+01  0.36414E+06
 0.17499995E+01  0.36486E+06
 0.17999997E+01  0.36559E+06
 0.18499999E+01  0.36632E+06
 0.18999996E+01  0.36703E+06
 0.19499998E+01  0.36776E+06
 0.19999995E+01  0.36848E+06
 0.20499997E+01  0.36922E+06
 0.20999999E+01  0.36997E+06
 0.21499996E+01  0.37074E+06
 0.21999998E+01  0.37153E+06
 0.22499995E+01  0.37231E+06
 0.22999997E+01  0.37311E+06
 0.23499999E+01  0.37392E+06
 0.23999996E+01  0.37474E+06
 0.24499998E+01  0.37560E+06
 0.24999995E+01  0.37647E+06
 0.25499997E+01  0.37737E+06
 0.25999994E+01  0.37830E+06
 0.26499996E+01  0.37924E+06
 0.26999998E+01  0.38021E+06
 0.27499995E+01  0.38119E+06
 0.27999997E+01  0.38219E+06
 0.28499994E+01  0.38320E+06
 0.28999996E+01  0.38422E+06
 0.29499998E+01  0.38525E+06
 0.29999995E+01  0.38628E+06
 0.30499997E+01  0.38732E+06
 0.30999994E+01  0.38837E+06
 0.31499996E+01  0.38942E+06
 0.31999998E+01  0.39049E+06
 0.32499995E+01  0.39156E+06
 0.32999997E+01  0.39261E+06
 0.33499994E+01  0.39367E+06
 0.33999996E+01  0.39473E+06
 0.34499998E+01  0.39579E+06
 0.34999995E+01  0.39684E+06
 0.35499997E+01  0.39789E+06
 0.35999994E+01  0.39893E+06
 0.36499996E+01  0.39996E+06
 0.36999998E+01  0.40098E+06
 0.37499995E+01  0.40199E+06
 0.37999997E+01  0.40299E+06
 0.38499994E+01  0.40398E+06
 0.38999996E+01  0.40495E+06
 0.39499998E+01  0.40591E+06
 0.39999995E+01  0.40684E+06
 0.40499997E+01  0.40777E+06
 0.40999994E+01  0.40868E+06
 0.41499996E+01  0.40957E+06
 0.41999998E+01  0.41044E+06
 0.42499995E+01  0.41130E+06
 0.42999997E+01  0.41213E+06
 0.43499994E+01  0.41294E+06
 0.43999996E+01  0.41373E+06
 0.44499993E+01  0.41449E+06
 0.44999995E+01  0.41523E+06
 0.45499997E+01  0.41594E+06
 0.45999994E+01  0.41662E+06
 0.46499996E+01  0.41727E+06
 0.46999993E+01  0.41789E+06
 0.47499995E+01  0.41848E+06
 0.47999997E+01  0.41904E+06
 0.48499994E+01  0.41958E+06
 0.48999996E+01  0.42009E+06
 0.49499993E+01  0.42058E+06
 0.49999995E+01  0.42104E+06
 0.50499992E+01  0.42149E+06
 0.50999994E+01  0.42190E+06
 0.51499996E+01  0.42228E+06
 0.51999998E+01  0.42262E+06
 0.52499990E+01  0.42293E+06
 0.52999992E+01  0.42321E+06
 0.53499994E+01  0.42344E+06
 0.53999996E+01  0.42364E+06
 0.54499998E+01  0.42379E+06
 0.54999990E+01  0.42390E+06
 0.55499992E+01  0.42397E+06
 0.55999994E+01  0.42398E+06
 0.56499996E+01  0.42393E+06
 0.56999998E+01  0.42385E+06
 0.57499990E+01  0.42372E+06
 0.57999992E+01  0.42353E+06
 0.58499994E+01  0.42330E+06
 0.58999996E+01  0.42304E+06
 0.59499998E+01  0.42274E+06
 0.59999990E+01  0.42240E+06
 0.60499992E+01  0.42203E+06
 0.60999994E+01  0.42163E+06
 0.61499996E+01  0.42120E+06
 0.61999998E+01  0.42076E+06
 0.62499990E+01  0.42028E+06
 0.62999992E+01  0.41978E+06
 0.63499994E+01  0.41926E+06
 0.63999996E+01  0.41873E+06
 0.64499998E+01  0.41817E+06
 0.64999990E+01  0.41760E+06
 0.65499992E+01  0.41701E+06
 0.65999994E+01  0.41640E+06
 0.66499996E+01  0.41579E+06
 0.66999998E+01  0.41515E+06
 0.67499990E+01  0.41450E+06
 0.67999992E+01  0.41385E+06
 0.68499994E+01  0.41318E+06
 0.68999996E+01  0.41249E+06
 0.69499998E+01  0.41178E+06
 0.69999990E+01  0.41105E+06
 0.70499992E+01  0.41030E+06
 0.70999994E+01  0.40952E+06
 0.71499996E+01  0.40872E+06
 0.71999998E+01  0.40790E+06
 0.72499990E+01  0.40707E+06
 0.72999992E+01  0.40621E+06
 0.73499994E+01  0.40533E+06
 0.73999996E+01  0.40442E+06
 0.74499998E+01  0.40348E+06
 0.74999990E+01  0.40251E+06
 0.75499992E+01  0.40155E+06
 0.75999994E+01  0.40056E+06
 0.76499996E+01  0.39957E+06
 0.76999998E+01  0.39857E+06
 0.77499990E+01  0.39756E+06
 0.77999992E+01  0.39654E+06
 0.78499994E+01  0.39550E+06
 0.78999996E+01  0.39446E+06
 0.79499998E+01  0.39341E+06
 0.79999990E+01  0.39237E+06
 0.80499992E+01  0.39134E+06
 0.80999994E+01  0.39031E+06
 0.81499996E+01  0.38930E+06
 0.81999989E+01  0.38832E+06
 0.82499990E+01  0.38735E+06
 0.82999992E+01  0.38640E+06
 0.83499994E+01  0.38547E+06
 0.83999996E+01  0.38455E+06
 0.84499989E+01  0.38367E+06
 0.84999990E+01  0.38283E+06
 0.85499992E+01  0.38202E+06
 0.85999994E+01  0.38124E+06
 0.86499996E+01  0.38051E+06
 0.86999989E+01  0.37980E+06
 0.87499990E+01  0.37912E+06
 0.87999992E+01  0.37845E+06
 0.88499994E+01  0.37781E+06
 0.88999996E+01  0.37719E+06
 0.89499989E+01  0.37660E+06
 0.89999990E+01  0.37602E+06
 0.90499992E+01  0.37546E+06
 0.90999994E+01  0.37492E+06
 0.91499996E+01  0.37439E+06
 0.91999989E+01  0.37387E+06
 0.92499990E+01  0.37336E+06
 0.92999992E+01  0.37285E+06
 0.93499994E+01  0.37236E+06
 0.93999996E+01  0.37188E+06
 0.94499989E+01  0.37142E+06
 0.94999990E+01  0.37098E+06
 0.95499992E+01  0.37057E+06
 0.95999994E+01  0.37017E+06
 0.96499996E+01  0.36979E+06
 0.96999989E+01  0.36942E+06
 0.97499990E+01  0.36907E+06
 0.97999992E+01  0.36872E+06
 0.98499994E+01  0.36840E+06
 0.98999996E+01  0.36809E+06
 0.99499989E+01  0.36782E+06
 0.99999990E+01  0.36757E+06
 0.10049999E+02  0.36735E+06
 0.10099999E+02  0.36716E+06
 0.10150000E+02  0.36698E+06
 0.10199999E+02  0.36683E+06
 0.10249999E+02  0.36669E+06
 0.10299999E+02  0.36657E+06
 0.10349999E+02  0.36647E+06
 0.10400000E+02  0.36639E+06
 0.10449999E+02  0.36634E+06
 0.10499999E+02  0.36631E+06
 0.10549999E+02  0.36632E+06
 0.10599999E+02  0.36635E+06
 0.10650000E+02  0.36641E+06
 0.10699999E+02  0.36649E+06
 0.10749999E+02  0.36657E+06
 0.10799999E+02  0.36667E+06
 0.10849999E+02  0.36679E+06
 0.10900000E+02  0.36692E+06
 0.10949999E+02  0.36706E+06
 0.10999999E+02  0.36722E+06
 0.11049999E+02  0.36740E+06
 0.11099999E+02  0.36761E+06
 0.11150000E+02  0.36782E+06
 0.11199999E+02  0.36806E+06
 0.11249999E+02  0.36831E+06
 0.11299999E+02  0.36857E+06
 0.11349999E+02  0.36884E+06
 0.11400000E+02  0.36913E+06
 0.11449999E+02  0.36944E+06
 0.11499999E+02  0.36975E+06
 0.11549999E+02  0.37007E+06
 0.11599999E+02  0.37041E+06
 0.11649999E+02  0.37075E+06
 0.11699999E+02  0.37111E+06
 0.11749999E+02  0.37147E+06
 0.11799999E+02  0.37183E+06
 0.11849999E+02  0.37219E+06
 0.11899999E+02  0.37255E+06
 0.11949999E+02  0.37291E+06
 0.11999999E+02  0.37328E+06
 0.12049999E+02  0.37365E+06
 0.12099999E+02  0.37403E+06
 0.12149999E+02  0.37442E+06
 0.12199999E+02  0.37482E+06
 0.12249999E+02  0.37522E+06
 0.12299999E+02  0.37563E+06
 0.12349999E+02  0.37604E+06
 0.12399999E+02  0.37646E+06
 0.12449999E+02  0.37688E+06
 0.12499999E+02  0.37731E+06
 0.12549999E+02  0.37775E+06
 0.12599999E+02  0.37819E+06
 0.12649999E+02  0.37865E+06
 0.12699999E+02  0.37912E+06
 0.12749999E+02  0.37959E+06
 0.12799999E+02  0.38007E+06
 0.12849999E+02  0.38055E+06
 0.12899999E+02  0.38104E+06
 0.12949999E+02  0.38153E+06
 0.12999999E+02  0.38201E+06
 0.13049999E+02  0.38251E+06
 0.13099998E+02  0.38300E+06
 0.13150000E+02  0.38350E+06
 0.13199999E+02  0.38399E+06
 0.13249998E+02  0.38448E+06
 0.13299999E+02  0.38496E+06
 0.13349998E+02  0.38544E+06
 0.13400000E+02  0.38591E+06
 0.13449999E+02  0.38637E+06
 0.13499998E+02  0.38681E+06
 0.13549999E+02  0.38725E+06
 0.13599998E+02  0.38767E+06
 0.13650000E+02  0.38809E+06
 0.13699999E+02  0.38850E+06
 0.13749998E+02  0.38892E+06
 0.13799999E+02  0.38933E+06
 0.13849998E+02  0.38974E+06
 0.13900000E+02  0.39014E+06
 0.13949999E+02  0.39054E+06
 0.13999998E+02  0.39095E+06
 0.14049999E+02  0.39134E+06
 0.14099998E+02  0.39174E+06
 0.14150000E+02  0.39212E+06
 0.14199999E+02  0.39249E+06
 0.14249998E+02  0.39284E+06
 0.14299999E+02  0.39319E+06
 0.14349998E+02  0.39352E+06
 0.14400000E+02  0.39384E+06
 0.14449999E+02  0.39415E+06
 0.14499998E+02  0.39446E+06
 0.14549999E+02  0.39475E+06
 0.14599998E+02  0.39503E+06
 0.14650000E+02  0.39530E+06
 0.14699999E+02  0.39556E+06
 0.14749998E+02  0.39582E+06
 0.14799999E+02  0.39607E+06
 0.14849998E+02  0.39630E+06
 0.14900000E+02  0.39653E+06
 0.14949999E+02  0.39675E+06
 0.14999998E+02  0.39697E+06
 0.15049999E+02  0.39719E+06
 0.15099998E+02  0.39740E+06
 0.15150000E+02  0.39762E+06
 0.15199999E+02  0.39784E+06
 0.15249998E+02  0.39807E+06
 0.15299999E+02  0.39830E+06
 0.15349998E+02  0.39852E+06
 0.15400000E+02  0.39874E+06
 0.15449999E+02  0.39896E+06
 0.15499998E+02  0.39918E+06
 0.15549999E+02  0.39939E+06
 0.15599998E+02  0.39960E+06
 0.15650000E+02  0.39980E+06
 0.15699999E+02  0.39998E+06
 0.15749998E+02  0.40016E+06
 0.15799999E+02  0.40035E+06
 0.15849998E+02  0.40052E+06
 0.15900000E+02  0.40068E+06
 0.15949999E+02  0.40084E+06
 0.15999998E+02  0.40098E+06
 0.16049999E+02  0.40111E+06
 0.16099998E+02  0.40124E+06
 0.16150000E+02  0.40136E+06
 0.16199999E+02  0.40148E+06
 0.16249998E+02  0.40159E+06
 0.16299999E+02  0.40169E+06
 0.16349998E+02  0.40178E+06
 0.16400000E+02  0.40187E+06
 0.16449999E+02  0.40196E+06
 0.16499998E+02  0.40204E+06
 0.16549999E+02  0.40211E+06
 0.16599998E+02  0.40219E+06
 0.16650000E+02  0.40226E+06
 0.16699999E+02  0.40232E+06
 0.16749998E+02  0.40238E+06
 0.16799999E+02  0.40244E+06
 0.16849998E+02  0.40249E+06
 0.16900000E+02  0.40253E+06
 0.16949999E+02  0.40258E+06
 0.16999998E+02  0.40263E+06
 0.17049999E+02  0.40268E+06
 0.17099998E+02  0.40273E+06
 0.17150000E+02  0.40279E+06
 0.17199999E+02  0.40286E+06
 0.17249998E+02  0.40292E+06
 0.17299999E+02  0.40298E+06
 0.17349998E+02  0.40304E+06
 0.17400000E+02  0.40309E+06
 0.17449999E+02  0.40314E+06
 0.17499998E+02  0.40317E+06
 0.17549999E+02  0.40320E+06
 0.17599998E+02  0.40322E+06
 0.17650000E+02  0.40324E+06
 0.17699999E+02  0.40325E+06
 0.17749998E+02  0.40324E+06
 0.17799999E+02  0.40321E+06
 0.17849998E+02  0.40316E+06
 0.17900000E+02  0.40310E+06
 0.17949999E+02  0.40303E+06
 0.17999998E+02  0.40294E+06
 0.18049999E+02  0.40284E+06
 0.18099998E+02  0.40274E+06
 0.18150000E+02  0.40261E+06
 0.18199999E+02  0.40247E+06
 0.18249998E+02  0.40232E+06
 0.18299999E+02  0.40216E+06
 0.18349998E+02  0.40197E+06
 0.18400000E+02  0.40178E+06
 0.18449999E+02  0.40158E+06
 0.18499998E+02  0.40137E+06
 0.18549999E+02  0.40114E+06
 0.18599998E+02  0.40090E+06
 0.18650000E+02  0.40065E+06
 0.18699999E+02  0.40040E+06
 0.18749998E+02  0.40014E+06
 0.18799999E+02  0.39987E+06
 0.18849998E+02  0.39959E+06
 0.18900000E+02  0.39931E+06
 0.18949999E+02  0.39901E+06
 0.18999998E+02  0.39870E+06
 0.19049999E+02  0.39839E+06
 0.19099998E+02  0.39807E+06
 0.19150000E+02  0.39775E+06
 0.19199999E+02  0.39742E+06
 0.19249998E+02  0.39709E+06
 0.19299999E+02  0.39676E+06
 0.19349998E+02  0.39642E+06
 0.19399998E+02  0.39608E+06
 0.19449999E+02  0.39573E+06
 0.19499998E+02  0.39538E+06
 0.19549999E+02  0.39503E+06
 0.19599998E+02  0.39468E+06
 0.19649998E+02  0.39432E+06
 0.19699999E+02  0.39396E+06
 0.19749998E+02  0.39359E+06
 0.19799999E+02  0.39322E+06
 0.19849998E+02  0.39284E+06
 0.19899998E+02  0.39246E+06
 0.19949999E+02  0.39207E+06
 0.19999998E+02  0.39168E+06
 0.20049999E+02  0.39127E+06
 0.20099998E+02  0.39085E+06
 0.20149998E+02  0.39044E+06
 0.20199999E+02  0.39001E+06
 0.20249998E+02  0.38958E+06
 0.20299999E+02  0.38917E+06
 0.20349998E+02  0.38875E+06
 0.20399998E+02  0.38834E+06
 0.20449999E+02  0.38793E+06
 0.20499998E+02  0.38753E+06
 0.20549999E+02  0.38714E+06
 0.20599998E+02  0.38674E+06
 0.20649998E+02  0.38635E+06
 0.20699999E+02  0.38596E+06
 0.20749998E+02  0.38558E+06
 0.20799999E+02  0.38520E+06
 0.20849998E+02  0.38482E+06
 0.20899998E+02  0.38445E+06
 0.20949999E+02  0.38409E+06
 0.20999998E+02  0.38373E+06
 0.21049999E+02  0.38337E+06
 0.21099998E+02  0.38301E+06
 0.21149998E+02  0.38265E+06
 0.21199999E+02  0.38230E+06
 0.21249998E+02  0.38196E+06
 0.21299999E+02  0.38162E+06
 0.21349998E+02  0.38128E+06
 0.21399998E+02  0.38094E+06
 0.21449999E+02  0.38060E+06
 0.21499998E+02  0.38026E+06
 0.21549999E+02  0.37991E+06
 0.21599998E+02  0.37956E+06
 0.21649998E+02  0.37922E+06
 0.21699999E+02  0.37886E+06
 0.21749998E+02  0.37850E+06
 0.21799999E+02  0.37813E+06
 0.21849998E+02  0.37777E+06
 0.21899998E+02  0.37742E+06
 0.21949999E+02  0.37706E+06
 0.21999998E+02  0.37671E+06
 0.22049999E+02  0.37635E+06
 0.22099998E+02  0.37599E+06
 0.22149998E+02  0.37564E+06
 0.22199999E+02  0.37529E+06
 0.22249998E+02  0.37495E+06
 0.22299999E+02  0.37462E+06
 0.22349998E+02  0.37429E+06
 0.22399998E+02  0.37396E+06
 0.22449999E+02  0.37364E+06
 0.22499998E+02  0.37333E+06
 0.22549999E+02  0.37304E+06
 0.22599998E+02  0.37275E+06
 0.22649998E+02  0.37247E+06
 0.22699999E+02  0.37220E+06
 0.22749998E+02  0.37194E+06
 0.22799999E+02  0.37170E+06
 0.22849998E+02  0.37147E+06
 0.22899998E+02  0.37127E+06
 0.22949999E+02  0.37108E+06
 0.22999998E+02  0.37091E+06
 0.23049999E+02  0.37076E+06
 0.23099998E+02  0.37059E+06
 0.23149998E+02  0.37042E+06
 0.23199999E+02  0.37026E+06
 0.23249998E+02  0.37012E+06
 0.23299999E+02  0.37000E+06
 0.23349998E+02  0.36989E+06
 0.23399998E+02  0.36978E+06
 0.23449999E+02  0.36967E+06
 0.23499998E+02  0.36958E+06
 0.23549999E+02  0.36949E+06
 0.23599998E+02  0.36940E+06
 0.23649998E+02  0.36930E+06
 0.23699999E+02  0.36919E+06
 0.23749998E+02  0.36910E+06
 0.23799999E+02  0.36901E+06
 0.23849998E+02  0.36895E+06
 0.23899998E+02  0.36890E+06
 0.23949999E+02  0.36886E+06
 0.23999998E+02  0.36883E+06
 0.24049999E+02  0.36882E+06
 0.24099998E+02  0.36882E+06
 0.24149998E+02  0.36884E+06
 0.24199999E+02  0.36884E+06
 0.24249998E+02  0.36888E+06
 0.24299999E+02  0.36897E+06
 0.24349998E+02  0.36907E+06
 0.24399998E+02  0.36914E+06
 0.24449999E+02  0.36923E+06
 0.24499998E+02  0.36935E+06
 0.24549999E+02  0.36950E+06
 0.24599998E+02  0.36966E+06
 0.24649998E+02  0.36983E+06
 0.24699999E+02  0.37002E+06
 0.24749998E+02  0.37021E+06
 0.24799999E+02  0.37041E+06
 0.24849998E+02  0.37062E+06
 0.24899998E+02  0.37084E+06
 0.24949999E+02  0.37108E+06
 0.24999998E+02  0.37130E+06
 0.25049999E+02  0.37153E+06
 0.25099998E+02  0.37179E+06
 0.25149998E+02  0.37207E+06
 0.25199999E+02  0.37237E+06
 0.25249998E+02  0.37268E+06
 0.25299999E+02  0.37304E+06
 0.25349998E+02  0.37342E+06
 0.25399998E+02  0.37381E+06
 0.25449999E+02  0.37421E+06
 0.25499998E+02  0.37463E+06
 0.25549999E+02  0.37507E+06
 0.25599998E+02  0.37553E+06
 0.25649998E+02  0.37601E+06
 0.25699999E+02  0.37651E+06
 0.25749998E+02  0.37704E+06
 0.25799999E+02  0.37756E+06
 0.25849998E+02  0.37808E+06
 0.25899998E+02  0.37862E+06
 0.25949999E+02  0.37916E+06
 0.25999998E+02  0.37970E+06
 0.26049997E+02  0.38024E+06
 0.26099998E+02  0.38078E+06
 0.26149998E+02  0.38131E+06
 0.26199999E+02  0.38183E+06
 0.26249998E+02  0.38236E+06
 0.26299997E+02  0.38287E+06
 0.26349998E+02  0.38338E+06
 0.26399998E+02  0.38390E+06
 0.26449999E+02  0.38439E+06
 0.26499998E+02  0.38489E+06
 0.26549997E+02  0.38538E+06
 0.26599998E+02  0.38586E+06
 0.26649998E+02  0.38633E+06
 0.26699999E+02  0.38679E+06
 0.26749998E+02  0.38723E+06
 0.26799997E+02  0.38766E+06
 0.26849998E+02  0.38809E+06
 0.26899998E+02  0.38852E+06
 0.26949999E+02  0.38893E+06
 0.26999998E+02  0.38933E+06
 0.27049997E+02  0.38974E+06
 0.27099998E+02  0.39016E+06
 0.27149998E+02  0.39059E+06
 0.27199999E+02  0.39101E+06
 0.27249998E+02  0.39143E+06
 0.27299997E+02  0.39185E+06
 0.27349998E+02  0.39228E+06
 0.27399998E+02  0.39271E+06
 0.27449999E+02  0.39315E+06
 0.27499998E+02  0.39360E+06
 0.27549997E+02  0.39406E+06
 0.27599998E+02  0.39451E+06
 0.27649998E+02  0.39497E+06
 0.27699999E+02  0.39544E+06
 0.27749998E+02  0.39592E+06
 0.27799997E+02  0.39638E+06
 0.27849998E+02  0.39683E+06
 0.27899998E+02  0.39726E+06
 0.27949999E+02  0.39769E+06
 0.27999998E+02  0.39812E+06
 0.28049997E+02  0.39853E+06
 0.28099998E+02  0.39894E+06
 0.28149998E+02  0.39933E+06
 0.28199999E+02  0.39971E+06
 0.28249998E+02  0.40007E+06
 0.28299997E+02  0.40043E+06
 0.28349998E+02  0.40078E+06
 0.28399998E+02  0.40111E+06
 0.28449999E+02  0.40143E+06
 0.28499998E+02  0.40174E+06
 0.28549997E+02  0.40204E+06
 0.28599998E+02  0.40233E+06
 0.28649998E+02  0.40264E+06
 0.28699999E+02  0.40295E+06
 0.28749998E+02  0.40326E+06
 0.28799997E+02  0.40358E+06
 0.28849998E+02  0.40390E+06
 0.28899998E+02  0.40422E+06
 0.28949999E+02  0.40455E+06
 0.28999998E+02  0.40487E+06
 0.29049999E+02  0.40518E+06
 0.29099998E+02  0.40549E+06
 0.29149998E+02  0.40581E+06
 0.29199997E+02  0.40613E+06
 0.29249996E+02  0.40645E+06
 0.29299999E+02  0.40676E+06
 0.29349998E+02  0.40708E+06
 0.29399998E+02  0.40740E+06
 0.29449997E+02  0.40770E+06
 0.29499996E+02  0.40802E+06
 0.29549999E+02  0.40832E+06
 0.29599998E+02  0.40863E+06
 0.29649998E+02  0.40895E+06
 0.29699997E+02  0.40927E+06
 0.29749996E+02  0.40960E+06
 0.29799999E+02  0.40993E+06
 0.29849998E+02  0.41025E+06
 0.29899998E+02  0.41056E+06
 0.29949997E+02  0.41085E+06
 0.29999996E+02  0.41114E+06
 0.30049999E+02  0.41143E+06
 0.30099998E+02  0.41173E+06
 0.30149998E+02  0.41202E+06
 0.30199997E+02  0.41229E+06
 0.30249996E+02  0.41256E+06
 0.30299999E+02  0.41282E+06
 0.30349998E+02  0.41307E+06
 0.30399998E+02  0.41330E+06
 0.30449997E+02  0.41351E+06
 0.30499996E+02  0.41372E+06
 0.30549999E+02  0.41394E+06
 0.30599998E+02  0.41417E+06
 0.30649998E+02  0.41440E+06
 0.30699997E+02  0.41463E+06
 0.30749996E+02  0.41486E+06
 0.30799999E+02  0.41506E+06
 0.30849998E+02  0.41525E+06
 0.30899998E+02  0.41542E+06
 0.30949997E+02  0.41557E+06
 0.30999996E+02  0.41570E+06
 0.31049999E+02  0.41580E+06
 0.31099998E+02  0.41590E+06
 0.31149998E+02  0.41598E+06
 0.31199997E+02  0.41603E+06
 0.31249996E+02  0.41604E+06
 0.31299999E+02  0.41602E+06
 0.31349998E+02  0.41596E+06
 0.31399998E+02  0.41585E+06
 0.31449997E+02  0.41570E+06
 0.31499996E+02  0.41553E+06
 0.31549999E+02  0.41531E+06
 0.31599998E+02  0.41507E+06
 0.31649998E+02  0.41480E+06
 0.31699997E+02  0.41449E+06
 0.31749996E+02  0.41415E+06
 0.31799999E+02  0.41380E+06
 0.31849998E+02  0.41341E+06
 0.31899998E+02  0.41298E+06
 0.31949997E+02  0.41252E+06
 0.31999996E+02  0.41203E+06
 0.32049999E+02  0.41153E+06
 0.32099998E+02  0.41102E+06
 0.32149998E+02  0.41050E+06
 0.32199997E+02  0.40992E+06
 0.32249996E+02  0.40933E+06
 0.32299999E+02  0.40873E+06
 0.32349998E+02  0.40813E+06
 0.32399998E+02  0.40749E+06
 0.32449997E+02  0.40683E+06
 0.32499996E+02  0.40616E+06
 0.32549999E+02  0.40548E+06
 0.32599998E+02  0.40478E+06
 0.32649998E+02  0.40406E+06
 0.32699997E+02  0.40333E+06
 0.32749996E+02  0.40258E+06
 0.32799999E+02  0.40182E+06
 0.32849998E+02  0.40102E+06
 0.32899998E+02  0.40021E+06
 0.32949997E+02  0.39939E+06
 0.32999996E+02  0.39856E+06
 0.33049999E+02  0.39772E+06
 0.33099998E+02  0.39687E+06
 0.33149998E+02  0.39599E+06
 0.33199997E+02  0.39511E+06
 0.33249996E+02  0.39421E+06
 0.33299999E+02  0.39331E+06
 0.33349998E+02  0.39242E+06
 0.33399998E+02  0.39153E+06
 0.33449997E+02  0.39062E+06
 0.33499996E+02  0.38970E+06
 0.33549999E+02  0.38878E+06
 0.33599998E+02  0.38786E+06
 0.33649998E+02  0.38694E+06
 0.33699997E+02  0.38603E+06
 0.33749996E+02  0.38513E+06
 0.33799999E+02  0.38424E+06
 0.33849998E+02  0.38338E+06
 0.33899998E+02  0.38251E+06
 0.33949997E+02  0.38165E+06
 0.33999996E+02  0.38079E+06
 0.34049999E+02  0.37992E+06
 0.34099998E+02  0.37906E+06
 0.34149998E+02  0.37821E+06
 0.34199997E+02  0.37739E+06
 0.34249996E+02  0.37658E+06
 0.34299999E+02  0.37578E+06
 0.34349998E+02  0.37498E+06
 0.34399998E+02  0.37420E+06
 0.34449997E+02  0.37340E+06
 0.34499996E+02  0.37259E+06
 0.34549999E+02  0.37179E+06
 0.34599998E+02  0.37101E+06
 0.34649998E+02  0.37024E+06
 0.34699997E+02  0.36949E+06
 0.34749996E+02  0.36876E+06
 0.34799999E+02  0.36808E+06
 0.34849998E+02  0.36739E+06
 0.34899998E+02  0.36668E+06
 0.34949997E+02  0.36599E+06
 0.34999996E+02  0.36532E+06
 0.35049999E+02  0.36468E+06
 0.35099998E+02  0.36406E+06
 0.35149998E+02  0.36347E+06
 0.35199997E+02  0.36289E+06
 0.35249996E+02  0.36232E+06
 0.35299999E+02  0.36176E+06
 0.35349998E+02  0.36120E+06
 0.35399998E+02  0.36064E+06
 0.35449997E+02  0.36007E+06
 0.35499996E+02  0.35953E+06
 0.35549999E+02  0.35901E+06
 0.35599998E+02  0.35851E+06
 0.35649998E+02  0.35803E+06
 0.35699997E+02  0.35758E+06
 0.35749996E+02  0.35714E+06
 0.35799999E+02  0.35671E+06
 0.35849998E+02  0.35631E+06
 0.35899998E+02  0.35592E+06
 0.35949997E+02  0.35557E+06
 0.35999996E+02  0.35526E+06
 0.36049999E+02  0.35499E+06
 0.36099998E+02  0.35474E+06
 0.36149998E+02  0.35452E+06
 0.36199997E+02  0.35430E+06
 0.36249996E+02  0.35409E+06
 0.36299999E+02  0.35390E+06
 0.36349998E+02  0.35371E+06
 0.36399998E+02  0.35354E+06
 0.36449997E+02  0.35338E+06
 0.36499996E+02  0.35325E+06
 0.36549999E+02  0.35313E+06
 0.36599998E+02  0.35303E+06
 0.36649998E+02  0.35293E+06
 0.36699997E+02  0.35284E+06
 0.36749996E+02  0.35277E+06
 0.36799999E+02  0.35274E+06
 0.36849998E+02  0.35271E+06
 0.36899998E+02  0.35271E+06
 0.36949997E+02  0.35275E+06
 0.36999996E+02  0.35280E+06
 0.37049999E+02  0.35287E+06
 0.37099998E+02  0.35296E+06
 0.37149998E+02  0.35307E+06
 0.37199997E+02  0.35318E+06
 0.37249996E+02  0.35329E+06
 0.37299999E+02  0.35343E+06
 0.37349998E+02  0.35360E+06
 0.37399998E+02  0.35379E+06
 0.37449997E+02  0.35401E+06
 0.37499996E+02  0.35424E+06
 0.37549999E+02  0.35448E+06
 0.37599998E+02  0.35473E+06
 0.37649998E+02  0.35498E+06
 0.37699997E+02  0.35524E+06
 0.37749996E+02  0.35551E+06
 0.37799999E+02  0.35580E+06
 0.37849998E+02  0.35610E+06
 0.37899998E+02  0.35642E+06
 0.37949997E+02  0.35676E+06
 0.37999996E+02  0.35710E+06
 0.38049999E+02  0.35743E+06
 0.38099998E+02  0.35776E+06
 0.38149998E+02  0.35811E+06
 0.38199997E+02  0.35847E+06
 0.38249996E+02  0.35883E+06
 0.38299999E+02  0.35919E+06
 0.38349998E+02  0.35956E+06
 0.38399998E+02  0.35994E+06
 0.38449997E+02  0.36032E+06
 0.38499996E+02  0.36068E+06
 0.38549999E+02  0.36104E+06
 0.38599998E+02  0.36142E+06
 0.38649998E+02  0.36180E+06
 0.38699997E+02  0.36220E+06
 0.38749996E+02  0.36264E+06
 0.38799999E+02  0.36308E+06
 0.38849998E+02  0.36351E+06
 0.38899998E+02  0.36396E+06
 0.38949997E+02  0.36441E+06
 0.38999996E+02  0.36487E+06
 0.39049999E+02  0.36532E+06
 0.39099998E+02  0.36578E+06
 0.39149998E+02  0.36626E+06
 0.39199997E+02  0.36674E+06
 0.39249996E+02  0.36723E+06
 0.39299999E+02  0.36773E+06
 0.39349998E+02  0.36821E+06
 0.39399998E+02  0.36869E+06
 0.39449997E+02  0.36918E+06
 0.39499996E+02  0.36966E+06
 0.39549999E+02  0.37015E+06
 0.39599998E+02  0.37063E+06
 0.39649998E+02  0.37112E+06
 0.39699997E+02  0.37159E+06
 0.39749996E+02  0.37207E+06
 0.39799999E+02  0.37256E+06
 0.39849998E+02  0.37303E+06
 0.39899998E+02  0.37350E+06
 0.39949997E+02  0.37396E+06
 0.39999996E+02  0.37443E+06
 0.40049999E+02  0.37490E+06
 0.40099998E+02  0.37536E+06
 0.40149998E+02  0.37581E+06
 0.40199997E+02  0.37625E+06
 0.40249996E+02  0.37669E+06
 0.40299999E+02  0.37714E+06
 0.40349998E+02  0.37758E+06
 0.40399998E+02  0.37803E+06
 0.40449997E+02  0.37848E+06
 0.40499996E+02  0.37891E+06
 0.40549999E+02  0.37933E+06
 0.40599998E+02  0.37974E+06
 0.40649998E+02  0.38015E+06
 0.40699997E+02  0.38056E+06
 0.40749996E+02  0.38096E+06
 0.40799999E+02  0.38135E+06
 0.40849998E+02  0.38175E+06
 0.40899998E+02  0.38213E+06
 0.40949997E+02  0.38251E+06
 0.40999996E+02  0.38288E+06
 0.41049999E+02  0.38323E+06
 0.41099998E+02  0.38356E+06
 0.41149998E+02  0.38388E+06
 0.41199997E+02  0.38419E+06
 0.41249996E+02  0.38448E+06
 0.41299999E+02  0.38481E+06
 0.41349998E+02  0.38513E+06
 0.41399998E+02  0.38544E+06
 0.41449997E+02  0.38574E+06
 0.41499996E+02  0.38602E+06
 0.41549999E+02  0.38628E+06
 0.41599998E+02  0.38652E+06
 0.41649998E+02  0.38676E+06
 0.41699997E+02  0.38697E+06
 0.41749996E+02  0.38717E+06
 0.41799995E+02  0.38736E+06
 0.41849998E+02  0.38756E+06
 0.41899998E+02  0.38774E+06
 0.41949997E+02  0.38789E+06
 0.41999996E+02  0.38800E+06
 0.42049995E+02  0.38810E+06
 0.42099998E+02  0.38819E+06
 0.42149998E+02  0.38828E+06
 0.42199997E+02  0.38837E+06
 0.42249996E+02  0.38846E+06
 0.42299995E+02  0.38856E+06
 0.42349998E+02  0.38863E+06
 0.42399998E+02  0.38868E+06
 0.42449997E+02  0.38869E+06
 0.42499996E+02  0.38867E+06
 0.42549995E+02  0.38861E+06
 0.42599998E+02  0.38856E+06
 0.42649998E+02  0.38853E+06
 0.42699997E+02  0.38850E+06
 0.42749996E+02  0.38849E+06
 0.42799995E+02  0.38846E+06
 0.42849998E+02  0.38840E+06
 0.42899998E+02  0.38830E+06
 0.42949997E+02  0.38817E+06
 0.42999996E+02  0.38803E+06
 0.43049995E+02  0.38789E+06
 0.43099998E+02  0.38775E+06
 0.43149998E+02  0.38764E+06
 0.43199997E+02  0.38753E+06
 0.43249996E+02  0.38741E+06
 0.43299995E+02  0.38727E+06
 0.43349998E+02  0.38710E+06
 0.43399998E+02  0.38689E+06
 0.43449997E+02  0.38667E+06
 0.43499996E+02  0.38646E+06
 0.43549995E+02  0.38627E+06
 0.43599998E+02  0.38609E+06
 0.43649998E+02  0.38591E+06
 0.43699997E+02  0.38573E+06
 0.43749996E+02  0.38552E+06
 0.43799995E+02  0.38529E+06
 0.43849998E+02  0.38504E+06
 0.43899998E+02  0.38476E+06
 0.43949997E+02  0.38449E+06
 0.43999996E+02  0.38424E+06
 0.44049995E+02  0.38400E+06
 0.44099998E+02  0.38378E+06
 0.44149998E+02  0.38357E+06
 0.44199997E+02  0.38335E+06
 0.44249996E+02  0.38311E+06
 0.44299995E+02  0.38284E+06
 0.44349998E+02  0.38257E+06
 0.44399998E+02  0.38230E+06
 0.44449997E+02  0.38205E+06
 0.44499996E+02  0.38182E+06
 0.44549995E+02  0.38162E+06
 0.44599998E+02  0.38144E+06
 0.44649998E+02  0.38128E+06
 0.44699997E+02  0.38111E+06
 0.44749996E+02  0.38093E+06
 0.44799995E+02  0.38072E+06
 0.44849998E+02  0.38052E+06
 0.44899998E+02  0.38034E+06
 0.44949997E+02  0.38017E+06
 0.44999996E+02  0.38001E+06
 0.45049995E+02  0.37984E+06
 0.45099998E+02  0.37967E+06
 0.45149998E+02  0.37951E+06
 0.45199997E+02  0.37933E+06
 0.45249996E+02  0.37914E+06
 0.45299995E+02  0.37895E+06
 0.45349998E+02  0.37877E+06
 0.45399998E+02  0.37859E+06
 0.45449997E+02  0.37844E+06
 0.45499996E+02  0.37831E+06
 0.45549995E+02  0.37820E+06
 0.45599998E+02  0.37808E+06
 0.45649998E+02  0.37796E+06
 0.45699997E+02  0.37788E+06
 0.45749996E+02  0.37781E+06
 0.45799995E+02  0.37776E+06
 0.45849998E+02  0.37773E+06
 0.45899998E+02  0.37773E+06
 0.45949997E+02  0.37777E+06
 0.45999996E+02  0.37782E+06
 0.46049995E+02  0.37789E+06
 0.46099998E+02  0.37796E+06
 0.46149998E+02  0.37802E+06
 0.46199997E+02  0.37809E+06
 0.46249996E+02  0.37817E+06
 0.46299995E+02  0.37825E+06
 0.46349998E+02  0.37833E+06
 0.46399998E+02  0.37844E+06
 0.46449997E+02  0.37858E+06
 0.46499996E+02  0.37871E+06
 0.46549995E+02  0.37883E+06
 0.46599998E+02  0.37894E+06
 0.46649998E+02  0.37908E+06
 0.46699997E+02  0.37924E+06
 0.46749996E+02  0.37941E+06
 0.46799995E+02  0.37961E+06
 0.46849998E+02  0.37984E+06
 0.46899998E+02  0.38008E+06
 0.46949997E+02  0.38032E+06
 0.46999996E+02  0.38056E+06
 0.47049995E+02  0.38083E+06
 0.47099998E+02  0.38109E+06
 0.47149998E+02  0.38133E+06
 0.47199997E+02  0.38159E+06
 0.47249996E+02  0.38186E+06
 0.47299995E+02  0.38215E+06
 0.47349998E+02  0.38245E+06
 0.47399998E+02  0.38276E+06
 0.47449997E+02  0.38308E+06
 0.47499996E+02  0.38338E+06
 0.47549995E+02  0.38367E+06
 0.47599998E+02  0.38395E+06
 0.47649998E+02  0.38424E+06
 0.47699997E+02  0.38454E+06
 0.47749996E+02  0.38486E+06
 0.47799995E+02  0.38519E+06
 0.47849998E+02  0.38554E+06
 0.47899998E+02  0.38588E+06
 0.47949997E+02  0.38623E+06
 0.47999996E+02  0.38658E+06
 0.48049995E+02  0.38691E+06
 0.48099998E+02  0.38723E+06
 0.48149998E+02  0.38755E+06
 0.48199997E+02  0.38789E+06
 0.48249996E+02  0.38822E+06
 0.48299995E+02  0.38854E+06
 0.48349998E+02  0.38886E+06
 0.48399998E+02  0.38919E+06
 0.48449997E+02  0.38951E+06
 0.48499996E+02  0.38982E+06
 0.48549995E+02  0.39013E+06
 0.48599998E+02  0.39044E+06
 0.48649998E+02  0.39074E+06
 0.48699997E+02  0.39104E+06
 0.48749996E+02  0.39134E+06
 0.48799995E+02  0.39163E+06
 0.48849998E+02  0.39190E+06
 0.48899998E+02  0.39217E+06
 0.48949997E+02  0.39245E+06
 0.48999996E+02  0.39273E+06
 0.49049995E+02  0.39299E+06
 0.49099998E+02  0.39325E+06
 0.49149998E+02  0.39350E+06
 0.49199997E+02  0.39374E+06
 0.49249996E+02  0.39396E+06
 0.49299995E+02  0.39418E+06
 0.49349998E+02  0.39438E+06
 0.49399998E+02  0.39457E+06
 0.49449997E+02  0.39474E+06
 0.49499996E+02  0.39488E+06
 0.49549995E+02  0.39499E+06
 0.49599998E+02  0.39508E+06
 0.49649998E+02  0.39516E+06
 0.49699997E+02  0.39523E+06
 0.49749996E+02  0.39528E+06
 0.49799995E+02  0.39533E+06
 0.49849998E+02  0.39536E+06
 0.49899998E+02  0.39536E+06
 0.49949997E+02  0.39534E+06
 0.49999996E+02  0.39528E+06
 0.50049995E+02  0.39519E+06
 0.50099998E+02  0.39508E+06
 0.50149998E+02  0.39491E+06
 0.50199997E+02  0.39472E+06
 0.50249996E+02  0.39451E+06
 0.50299995E+02  0.39428E+06
 0.50349998E+02  0.39405E+06
 0.50399998E+02  0.39379E+06
 0.50449997E+02  0.39351E+06
 0.50499996E+02  0.39320E+06
 0.50549995E+02  0.39285E+06
 0.50599998E+02  0.39247E+06
 0.50649998E+02  0.39204E+06
 0.50699997E+02  0.39158E+06
 0.50749996E+02  0.39108E+06
 0.50799995E+02  0.39057E+06
 0.50849998E+02  0.39007E+06
 0.50899998E+02  0.38958E+06
 0.50949997E+02  0.38907E+06
 0.50999996E+02  0.38852E+06
 0.51049995E+02  0.38793E+06
 0.51099998E+02  0.38730E+06
 0.51149998E+02  0.38662E+06
 0.51199997E+02  0.38588E+06
 0.51249996E+02  0.38510E+06
 0.51299995E+02  0.38432E+06
 0.51349998E+02  0.38353E+06
 0.51399998E+02  0.38273E+06
 0.51449997E+02  0.38191E+06
 0.51499996E+02  0.38108E+06
 0.51549995E+02  0.38019E+06
 0.51599998E+02  0.37925E+06
 0.51649998E+02  0.37824E+06
 0.51699997E+02  0.37719E+06
 0.51749996E+02  0.37612E+06
 0.51799995E+02  0.37503E+06
 0.51849998E+02  0.37395E+06
 0.51899998E+02  0.37287E+06
 0.51949997E+02  0.37178E+06
 0.51999996E+02  0.37067E+06
 0.52049995E+02  0.36954E+06
 0.52099998E+02  0.36837E+06
 0.52149998E+02  0.36719E+06
 0.52199997E+02  0.36600E+06
 0.52249996E+02  0.36480E+06
 0.52299995E+02  0.36359E+06
 0.52349998E+02  0.36236E+06
 0.52399998E+02  0.36111E+06
 0.52449997E+02  0.35981E+06
 0.52499996E+02  0.35850E+06
 0.52549995E+02  0.35720E+06
 0.52599998E+02  0.35592E+06
 0.52649998E+02  0.35467E+06
 0.52699997E+02  0.35344E+06
 0.52749996E+02  0.35222E+06
 0.52799995E+02  0.35095E+06
 0.52849998E+02  0.34964E+06
 0.52899998E+02  0.34829E+06
 0.52949997E+02  0.34691E+06
 0.52999996E+02  0.34556E+06
 0.53049995E+02  0.34424E+06
 0.53099998E+02  0.34298E+06
 0.53149998E+02  0.34176E+06
 0.53199997E+02  0.34056E+06
 0.53249996E+02  0.33934E+06
 0.53299995E+02  0.33808E+06
 0.53349998E+02  0.33680E+06
 0.53399998E+02  0.33552E+06
 0.53449997E+02  0.33427E+06
 0.53499996E+02  0.33304E+06
 0.53549995E+02  0.33186E+06
 0.53599998E+02  0.33073E+06
 0.53649998E+02  0.32966E+06
 0.53699997E+02  0.32864E+06
 0.53749996E+02  0.32762E+06
 0.53799995E+02  0.32661E+06
 0.53849998E+02  0.32561E+06
 0.53899998E+02  0.32460E+06
 0.53949997E+02  0.32362E+06
 0.53999996E+02  0.32268E+06
 0.54049995E+02  0.32179E+06
 0.54099998E+02  0.32099E+06
 0.54149998E+02  0.32024E+06
 0.54199997E+02  0.31950E+06
 0.54249996E+02  0.31874E+06
 0.54299995E+02  0.31799E+06
 0.54349998E+02  0.31728E+06
 0.54399998E+02  0.31665E+06
 0.54449997E+02  0.31609E+06
 0.54499996E+02  0.31558E+06
 0.54549995E+02  0.31511E+06
 0.54599998E+02  0.31466E+06
 0.54649998E+02  0.31421E+06
 0.54699997E+02  0.31380E+06
 0.54749996E+02  0.31343E+06
 0.54799995E+02  0.31314E+06
 0.54849995E+02  0.31292E+06
 0.54899998E+02  0.31277E+06
 0.54949997E+02  0.31266E+06
 0.54999996E+02  0.31260E+06
 0.55049995E+02  0.31255E+06
 0.55099995E+02  0.31250E+06
 0.55149998E+02  0.31247E+06
 0.55199997E+02  0.31248E+06
 0.55249996E+02  0.31255E+06
 0.55299995E+02  0.31270E+06
 0.55349995E+02  0.31295E+06
 0.55399998E+02  0.31327E+06
 0.55449997E+02  0.31366E+06
 0.55499996E+02  0.31408E+06
 0.55549995E+02  0.31450E+06
 0.55599995E+02  0.31495E+06
 0.55649998E+02  0.31542E+06
 0.55699997E+02  0.31594E+06
 0.55749996E+02  0.31653E+06
 0.55799995E+02  0.31721E+06
 0.55849995E+02  0.31794E+06
 0.55899998E+02  0.31871E+06
 0.55949997E+02  0.31949E+06
 0.55999996E+02  0.32028E+06
 0.56049995E+02  0.32107E+06
 0.56099995E+02  0.32190E+06
 0.56149998E+02  0.32277E+06
 0.56199997E+02  0.32368E+06
 0.56249996E+02  0.32465E+06
 0.56299995E+02  0.32566E+06
 0.56349995E+02  0.32671E+06
 0.56399998E+02  0.32779E+06
 0.56449997E+02  0.32886E+06
 0.56499996E+02  0.32991E+06
 0.56549995E+02  0.33097E+06
 0.56599995E+02  0.33206E+06
 0.56649998E+02  0.33320E+06
 0.56699997E+02  0.33438E+06
 0.56749996E+02  0.33559E+06
 0.56799995E+02  0.33680E+06
 0.56849995E+02  0.33798E+06
 0.56899998E+02  0.33911E+06
 0.56949997E+02  0.34020E+06
 0.56999996E+02  0.34127E+06
 0.57049995E+02  0.34237E+06
 0.57099995E+02  0.34349E+06
 0.57149998E+02  0.34465E+06
 0.57199997E+02  0.34583E+06
 0.57249996E+02  0.34703E+06
 0.57299995E+02  0.34822E+06
 0.57349995E+02  0.34938E+06
 0.57399998E+02  0.35052E+06
 0.57449997E+02  0.35163E+06
 0.57499996E+02  0.35274E+06
 0.57549995E+02  0.35385E+06
 0.57599995E+02  0.35497E+06
 0.57649998E+02  0.35607E+06
 0.57699997E+02  0.35716E+06
 0.57749996E+02  0.35823E+06
 0.57799995E+02  0.35926E+06
 0.57849995E+02  0.36025E+06
 0.57899998E+02  0.36121E+06
 0.57949997E+02  0.36216E+06
 0.57999996E+02  0.36311E+06
 0.58049995E+02  0.36407E+06
 0.58099995E+02  0.36501E+06
 0.58149998E+02  0.36590E+06
 0.58199997E+02  0.36675E+06
 0.58249996E+02  0.36756E+06
 0.58299995E+02  0.36835E+06
 0.58349995E+02  0.36914E+06
 0.58399998E+02  0.36992E+06
 0.58449997E+02  0.37070E+06
 0.58499996E+02  0.37146E+06
 0.58549995E+02  0.37220E+06
 0.58599995E+02  0.37292E+06
 0.58649998E+02  0.37357E+06
 0.58699997E+02  0.37417E+06
 0.58749996E+02  0.37472E+06
 0.58799995E+02  0.37526E+06
 0.58849995E+02  0.37581E+06
 0.58899998E+02  0.37638E+06
 0.58949997E+02  0.37694E+06
 0.58999996E+02  0.37750E+06
 0.59049995E+02  0.37801E+06
 0.59099995E+02  0.37847E+06
 0.59149998E+02  0.37887E+06
 0.59199997E+02  0.37922E+06
 0.59249996E+02  0.37952E+06
 0.59299995E+02  0.37983E+06
 0.59349995E+02  0.38014E+06
 0.59399998E+02  0.38045E+06
 0.59449997E+02  0.38078E+06
 0.59499996E+02  0.38108E+06
 0.59549995E+02  0.38136E+06
 0.59599995E+02  0.38159E+06
 0.59649998E+02  0.38176E+06
 0.59699997E+02  0.38190E+06
 0.59749996E+02  0.38202E+06
 0.59799995E+02  0.38213E+06
 0.59849995E+02  0.38225E+06
 0.59899998E+02  0.38237E+06
 0.59949997E+02  0.38248E+06
 0.59999996E+02  0.38256E+06
 0.60049995E+02  0.38257E+06
 0.60099995E+02  0.38254E+06
 0.60149998E+02  0.38250E+06
 0.60199997E+02  0.38245E+06
 0.60249996E+02  0.38243E+06
 0.60299995E+02  0.38242E+06
 0.60349995E+02  0.38241E+06
 0.60399998E+02  0.38237E+06
 0.60449997E+02  0.38227E+06
 0.60499996E+02  0.38209E+06
 0.60549995E+02  0.38184E+06
 0.60599995E+02  0.38157E+06
 0.60649998E+02  0.38129E+06
 0.60699997E+02  0.38104E+06
 0.60749996E+02  0.38082E+06
 0.60799995E+02  0.38062E+06
 0.60849995E+02  0.38042E+06
 0.60899998E+02  0.38020E+06
 0.60949997E+02  0.37991E+06
 0.60999996E+02  0.37955E+06
 0.61049995E+02  0.37912E+06
 0.61099998E+02  0.37868E+06
 0.61149994E+02  0.37825E+06
 0.61199997E+02  0.37786E+06
 0.61249992E+02  0.37748E+06
 0.61299995E+02  0.37712E+06
 0.61349998E+02  0.37675E+06
 0.61399994E+02  0.37637E+06
 0.61449997E+02  0.37597E+06
 0.61499992E+02  0.37555E+06
 0.61549995E+02  0.37512E+06
 0.61599998E+02  0.37470E+06
 0.61649994E+02  0.37427E+06
 0.61699997E+02  0.37383E+06
 0.61749992E+02  0.37337E+06
 0.61799995E+02  0.37289E+06
 0.61849998E+02  0.37243E+06
 0.61899994E+02  0.37206E+06
 0.61949997E+02  0.37181E+06
 0.61999992E+02  0.37182E+06
 0.62049995E+02  0.37239E+06
 0.62099998E+02  0.37383E+06
 0.62149994E+02  0.37636E+06
 0.62199997E+02  0.38014E+06
 0.62249992E+02  0.38518E+06
 0.62299995E+02  0.39123E+06
 0.62349998E+02  0.39815E+06
 0.62399994E+02  0.40597E+06
 0.62449997E+02  0.41465E+06
 0.62499992E+02  0.42416E+06
 0.62549995E+02  0.43462E+06
 0.62599998E+02  0.44608E+06
 0.62649994E+02  0.45790E+06
 0.62699997E+02  0.46887E+06
 0.62749992E+02  0.47791E+06
 0.62799995E+02  0.48436E+06
 0.62849998E+02  0.48789E+06
 0.62899994E+02  0.48868E+06
 0.62949997E+02  0.48747E+06
 0.62999992E+02  0.48474E+06
 0.63049995E+02  0.48058E+06
 0.63099998E+02  0.47570E+06
 0.63149994E+02  0.47105E+06
 0.63199997E+02  0.46673E+06
 0.63249992E+02  0.46221E+06
 0.63299995E+02  0.45732E+06
 0.63349998E+02  0.45217E+06
 0.63399994E+02  0.44724E+06
 0.63449997E+02  0.44387E+06
 0.63499992E+02  0.44332E+06
 0.63549995E+02  0.44472E+06
 0.63599998E+02  0.44566E+06
 0.63649994E+02  0.44575E+06
 0.63699997E+02  0.44703E+06
 0.63749992E+02  0.45080E+06
 0.63799995E+02  0.45536E+06
 0.63849998E+02  0.45793E+06
 0.63899994E+02  0.45780E+06
 0.63949997E+02  0.45627E+06
 0.63999992E+02  0.45649E+06
 0.64049995E+02  0.46107E+06
 0.64099998E+02  0.46893E+06
 0.64149994E+02  0.47567E+06
 0.64199997E+02  0.47863E+06
 0.64249992E+02  0.48155E+06
 0.64299995E+02  0.48892E+06
 0.64349998E+02  0.49952E+06
 0.64399994E+02  0.50923E+06
 0.64449997E+02  0.51697E+06
 0.64499992E+02  0.52466E+06
 0.64549995E+02  0.53547E+06
 0.64599998E+02  0.55252E+06
 0.64649994E+02  0.57372E+06
 0.64699997E+02  0.59396E+06
 0.64749992E+02  0.61212E+06
 0.64799995E+02  0.63359E+06
 0.64849998E+02  0.66437E+06
 0.64899994E+02  0.70164E+06
 0.64949997E+02  0.73729E+06
 0.64999992E+02  0.76675E+06
 0.65049995E+02  0.79055E+06
 0.65099998E+02  0.80784E+06
 0.65149994E+02  0.81307E+06
 0.65199997E+02  0.80439E+06
 0.65249992E+02  0.78356E+06
 0.65299995E+02  0.75096E+06
 0.65349998E+02  0.70649E+06
 0.65399994E+02  0.65615E+06
 0.65449997E+02  0.61230E+06
 0.65499992E+02  0.57857E+06
 0.65549995E+02  0.55123E+06
 0.65599998E+02  0.53006E+06
 0.65649994E+02  0.51971E+06
 0.65699997E+02  0.52111E+06
 0.65749992E+02  0.52921E+06
 0.65799995E+02  0.54391E+06
 0.65849998E+02  0.56567E+06
 0.65899994E+02  0.59051E+06
 0.65949997E+02  0.61320E+06
 0.65999992E+02  0.63650E+06
 0.66049995E+02  0.66861E+06
 0.66099998E+02  0.70755E+06
 0.66149994E+02  0.74601E+06
 0.66199997E+02  0.77980E+06
 0.66249992E+02  0.80963E+06
 0.66299995E+02  0.83713E+06
 0.66349998E+02  0.86190E+06
 0.66399994E+02  0.87983E+06
 0.66449997E+02  0.88634E+06
 0.66499992E+02  0.88433E+06
 0.66549995E+02  0.88248E+06
 0.66599998E+02  0.88954E+06
 0.66649994E+02  0.90789E+06
 0.66699997E+02  0.93292E+06
 0.66749992E+02  0.96051E+06
 0.66799995E+02  0.99614E+06
 0.66849998E+02  0.10423E+07
 0.66899994E+02  0.10909E+07
 0.66949997E+02  0.11356E+07
 0.66999992E+02  0.11802E+07
 0.67049995E+02  0.12316E+07
 0.67099998E+02  0.12828E+07
 0.67149994E+02  0.13239E+07
 0.67199997E+02  0.13523E+07
 0.67249992E+02  0.13641E+07
 0.67299995E+02  0.13542E+07
 0.67349998E+02  0.13178E+07
 0.67399994E+02  0.12545E+07
 0.67449997E+02  0.11681E+07
 0.67499992E+02  0.10621E+07
 0.67549995E+02  0.94557E+06
 0.67599998E+02  0.83330E+06
 0.67649994E+02  0.72928E+06
 0.67699997E+02  0.63215E+06
 0.67749992E+02  0.54948E+06
 0.67799995E+02  0.49502E+06
 0.67849998E+02  0.48054E+06
 0.67899994E+02  0.50883E+06
 0.67949997E+02  0.58771E+06
 0.67999992E+02  0.73386E+06
 0.68049995E+02  0.94329E+06
 0.68099998E+02  0.11919E+07
 0.68149994E+02  0.14587E+07
 0.68199997E+02  0.17283E+07
 0.68249992E+02  0.19831E+07
 0.68299995E+02  0.21927E+07
 0.68349998E+02  0.23306E+07
 0.68399994E+02  0.23831E+07
 0.68449997E+02  0.23483E+07
 0.68499992E+02  0.22526E+07
 0.68549995E+02  0.21242E+07
 0.68599998E+02  0.19710E+07
 0.68649994E+02  0.17885E+07
 0.68699997E+02  0.15841E+07
 0.68749992E+02  0.13791E+07
 0.68799995E+02  0.12008E+07
 0.68849998E+02  0.10513E+07
 0.68899994E+02  0.92708E+06
 0.68949997E+02  0.84392E+06
 0.68999992E+02  0.80658E+06
 0.69049995E+02  0.82521E+06
 0.69099998E+02  0.86636E+06
 0.69149994E+02  0.90206E+06
 0.69199997E+02  0.91256E+06
 0.69249992E+02  0.92483E+06
 0.69299995E+02  0.97421E+06
 0.69349998E+02  0.10403E+07
 0.69399994E+02  0.11487E+07
 0.69449997E+02  0.12308E+07
 0.69499992E+02  0.13188E+07
 0.69549995E+02  0.14176E+07
 0.69599998E+02  0.14224E+07
 0.69649994E+02  0.13863E+07
 0.69699997E+02  0.12852E+07
 0.69749992E+02  0.11468E+07
 0.69799995E+02  0.10142E+07
 0.69849998E+02  0.87642E+06
 0.69899994E+02  0.77338E+06
 0.69949997E+02  0.70152E+06
 0.69999992E+02  0.67880E+06
 0.70049995E+02  0.70238E+06
 0.70099998E+02  0.76535E+06
 0.70149994E+02  0.84765E+06
 0.70199997E+02  0.92065E+06
 0.70249992E+02  0.97468E+06
 0.70299995E+02  0.98477E+06
 0.70349998E+02  0.95201E+06
 0.70399994E+02  0.86967E+06
 0.70449997E+02  0.75586E+06
 0.70499992E+02  0.62286E+06
 0.70549995E+02  0.46104E+06
 0.70599998E+02  0.29782E+06
 0.70649994E+02  0.12215E+06
 0.70699997E+02 -0.52996E+05
 0.70749992E+02 -0.17881E+06
 0.70799995E+02 -0.25154E+06
 0.70849998E+02 -0.28617E+06
 0.70899994E+02 -0.31184E+06
 0.70949997E+02 -0.32266E+06
 0.70999992E+02 -0.29135E+06
 0.71049995E+02 -0.22537E+06
 0.71099998E+02 -0.14275E+06
 0.71149994E+02 -0.59569E+05
 0.71199997E+02  0.14739E+05
 0.71249992E+02  0.72271E+05
 0.71299995E+02  0.97561E+05
 0.71349998E+02  0.85455E+05
 0.71399994E+02  0.51104E+05
 0.71449997E+02  0.56760E+04
 0.71499992E+02 -0.47864E+05
 0.71549995E+02 -0.10167E+06
 0.71599998E+02 -0.14822E+06
 0.71649994E+02 -0.17319E+06
 0.71699997E+02 -0.17279E+06
 0.71749992E+02 -0.16821E+06
 0.71799995E+02 -0.17900E+06
 0.71849998E+02 -0.20195E+06
 0.71899994E+02 -0.22423E+06
 0.71949997E+02 -0.24685E+06
 0.71999992E+02 -0.26578E+06
 0.72049995E+02 -0.28291E+06
 0.72099998E+02 -0.31777E+06
 0.72149994E+02 -0.35614E+06
 0.72199997E+02 -0.37465E+06
 0.72249992E+02 -0.39860E+06
 0.72299995E+02 -0.42218E+06
 0.72349998E+02 -0.42296E+06
 0.72399994E+02 -0.42744E+06
 0.72449997E+02 -0.42108E+06
 0.72499992E+02 -0.39193E+06
 0.72549995E+02 -0.35708E+06
 0.72599998E+02 -0.30560E+06
 0.72649994E+02 -0.23702E+06
 0.72699997E+02 -0.16034E+06
 0.72749992E+02 -0.95493E+05
 0.72799995E+02 -0.65784E+05
 0.72849998E+02 -0.73856E+05
 0.72899994E+02 -0.10628E+06
 0.72949997E+02 -0.13960E+06
 0.72999992E+02 -0.16322E+06
 0.73049995E+02 -0.18039E+06
 0.73099998E+02 -0.19147E+06
 0.73149994E+02 -0.19718E+06
 0.73199997E+02 -0.19168E+06
 0.73249992E+02 -0.16365E+06
 0.73299995E+02 -0.11099E+06
 0.73349998E+02 -0.43018E+05
 0.73399994E+02  0.21177E+05
 0.73449997E+02  0.65172E+05
 0.73499992E+02  0.81367E+05
 0.73549995E+02  0.82116E+05
 0.73599998E+02  0.89727E+05
 0.73649994E+02  0.10848E+06
 0.73699997E+02  0.13989E+06
 0.73749992E+02  0.18076E+06
 0.73799995E+02  0.21853E+06
 0.73849998E+02  0.24217E+06
 0.73899994E+02  0.24166E+06
 0.73949997E+02  0.23426E+06
 0.73999992E+02  0.23347E+06
 0.74049995E+02  0.21060E+06
 0.74099998E+02  0.14846E+06
 0.74149994E+02  0.58931E+05
 0.74199997E+02 -0.39079E+05
 0.74249992E+02 -0.12587E+06
 0.74299995E+02 -0.19084E+06
 0.74349998E+02 -0.23389E+06
 0.74399994E+02 -0.24598E+06
 0.74449997E+02 -0.22037E+06
 0.74499992E+02 -0.16993E+06
 0.74549995E+02 -0.83042E+05
 0.74599998E+02  0.65700E+05
 0.74649994E+02  0.25815E+06
 0.74699997E+02  0.42506E+06
 0.74749992E+02  0.53699E+06
 0.74799995E+02  0.61143E+06
 0.74849998E+02  0.62404E+06
 0.74899994E+02  0.60282E+06
 0.74949997E+02  0.59016E+06
 0.74999992E+02  0.56717E+06
 0.75049995E+02  0.54131E+06
 0.75099998E+02  0.51896E+06
 0.75149994E+02  0.50721E+06
 0.75199997E+02  0.51094E+06
 0.75249992E+02  0.51775E+06
 0.75299995E+02  0.53687E+06
 0.75349998E+02  0.56785E+06
 0.75399994E+02  0.58576E+06
 0.75449997E+02  0.57341E+06
 0.75499992E+02  0.52622E+06
 0.75549995E+02  0.45499E+06
 0.75599998E+02  0.38583E+06
 0.75649994E+02  0.33691E+06
 0.75699997E+02  0.31425E+06
 0.75749992E+02  0.31671E+06
 0.75799995E+02  0.34630E+06
 0.75849998E+02  0.41012E+06
 0.75899994E+02  0.52256E+06
 0.75949997E+02  0.69577E+06
 0.75999992E+02  0.90368E+06
 0.76049995E+02  0.10871E+07
 0.76099998E+02  0.12214E+07
 0.76149994E+02  0.13205E+07
 0.76199997E+02  0.13575E+07
 0.76249992E+02  0.13301E+07
 0.76299995E+02  0.12936E+07
 0.76349998E+02  0.12470E+07
 0.76399994E+02  0.11791E+07
 0.76449997E+02  0.11226E+07
 0.76499992E+02  0.10795E+07
 0.76549995E+02  0.10356E+07
 0.76599998E+02  0.10000E+07
 0.76649994E+02  0.97021E+06
 0.76699997E+02  0.93312E+06
 0.76749992E+02  0.89856E+06
 0.76799995E+02  0.87566E+06
 0.76849998E+02  0.85315E+06
 0.76899994E+02  0.83468E+06
 0.76949997E+02  0.83981E+06
 0.76999992E+02  0.88610E+06
 0.77049995E+02  0.98257E+06
 0.77099998E+02  0.11055E+07
 0.77149994E+02  0.12204E+07
 0.77199997E+02  0.13109E+07
 0.77249992E+02  0.13621E+07
 0.77299995E+02  0.13888E+07
 0.77349998E+02  0.14175E+07
 0.77399994E+02  0.14267E+07
 0.77449997E+02  0.14105E+07
 0.77499992E+02  0.13783E+07
 0.77549995E+02  0.13245E+07
 0.77599998E+02  0.12771E+07
 0.77649994E+02  0.12610E+07
 0.77699997E+02  0.12720E+07
 0.77749992E+02  0.13055E+07
 0.77799995E+02  0.13588E+07
 0.77849998E+02  0.14151E+07
 0.77899994E+02  0.14410E+07
 0.77949997E+02  0.14207E+07
 0.77999992E+02  0.13646E+07
 0.78049995E+02  0.12936E+07
 0.78099998E+02  0.12290E+07
 0.78149994E+02  0.11958E+07
 0.78199997E+02  0.11990E+07
 0.78249992E+02  0.12045E+07
 0.78299995E+02  0.11980E+07
 0.78349998E+02  0.12008E+07
 0.78399994E+02  0.12222E+07
 0.78449997E+02  0.12630E+07
 0.78499992E+02  0.13073E+07
 0.78549995E+02  0.13237E+07
 0.78599998E+02  0.13326E+07
 0.78649994E+02  0.13566E+07
 0.78699997E+02  0.13918E+07
 0.78749992E+02  0.14612E+07
 0.78799995E+02  0.15550E+07
 0.78849998E+02  0.16199E+07
 0.78899994E+02  0.16622E+07
 0.78949997E+02  0.17071E+07
 0.78999992E+02  0.17014E+07
 0.79049995E+02  0.16428E+07
 0.79099998E+02  0.16023E+07
 0.79149994E+02  0.15362E+07
 0.79199997E+02  0.13854E+07
 0.79249992E+02  0.12246E+07
 0.79299995E+02  0.10661E+07
 0.79349998E+02  0.86608E+06
 0.79399994E+02  0.69326E+06
 0.79449997E+02  0.59428E+06
 0.79499992E+02  0.54694E+06
 0.79549995E+02  0.53970E+06
 0.79599998E+02  0.57076E+06
 0.79649994E+02  0.64172E+06
 0.79699997E+02  0.73261E+06
 0.79749992E+02  0.81340E+06
 0.79799995E+02  0.87693E+06
 0.79849998E+02  0.91886E+06
 0.79899994E+02  0.93700E+06
 0.79949997E+02  0.93882E+06
 0.79999992E+02  0.91812E+06
 0.80049995E+02  0.87649E+06
 0.80099998E+02  0.84056E+06
 0.80149994E+02  0.83700E+06
 0.80199997E+02  0.86956E+06
 0.80249992E+02  0.91154E+06
 0.80299995E+02  0.93419E+06
 0.80349998E+02  0.94076E+06
 0.80399994E+02  0.92688E+06
 0.80449997E+02  0.88754E+06
 0.80499992E+02  0.84929E+06
 0.80549995E+02  0.80726E+06
 0.80599998E+02  0.74156E+06
 0.80649994E+02  0.65860E+06
 0.80699997E+02  0.55607E+06
 0.80749992E+02  0.44150E+06
 0.80799995E+02  0.34940E+06
 0.80849998E+02  0.28867E+06
 0.80899994E+02  0.25658E+06
 0.80949997E+02  0.26958E+06
 0.80999992E+02  0.32461E+06
 0.81049995E+02  0.40360E+06
 0.81099998E+02  0.49322E+06
 0.81149994E+02  0.57912E+06
 0.81199997E+02  0.65221E+06
 0.81249992E+02  0.70836E+06
 0.81299995E+02  0.73958E+06
 0.81349998E+02  0.73771E+06
 0.81399994E+02  0.69832E+06
 0.81449997E+02  0.62620E+06
 0.81499992E+02  0.52681E+06
 0.81549995E+02  0.39596E+06
 0.81599998E+02  0.25624E+06
 0.81649994E+02  0.13516E+06
 0.81699997E+02  0.21150E+05
 0.81749992E+02 -0.92684E+05
 0.81799995E+02 -0.19532E+06
 0.81849998E+02 -0.27928E+06
 0.81899994E+02 -0.34217E+06
 0.81949997E+02 -0.38422E+06
 0.81999992E+02 -0.40101E+06
 0.82049995E+02 -0.39414E+06
 0.82099998E+02 -0.37547E+06
 0.82149994E+02 -0.34831E+06
 0.82199997E+02 -0.30210E+06
 0.82249992E+02 -0.23399E+06
 0.82299995E+02 -0.15717E+06
 0.82349998E+02 -0.86687E+05
 0.82399994E+02 -0.25797E+05
 0.82449997E+02  0.25521E+05
 0.82499992E+02  0.56102E+05
 0.82549995E+02  0.57061E+05
 0.82599998E+02  0.17024E+05
 0.82649994E+02 -0.73243E+05
 0.82699997E+02 -0.20340E+06
 0.82749992E+02 -0.35168E+06
 0.82799995E+02 -0.49015E+06
 0.82849998E+02 -0.60401E+06
 0.82899994E+02 -0.69629E+06
 0.82949997E+02 -0.76788E+06
 0.82999992E+02 -0.82126E+06
 0.83049995E+02 -0.86146E+06
 0.83099998E+02 -0.88036E+06
 0.83149994E+02 -0.87140E+06
 0.83199997E+02 -0.84720E+06
 0.83249992E+02 -0.81968E+06
 0.83299995E+02 -0.78664E+06
 0.83349998E+02 -0.74701E+06
 0.83399994E+02 -0.70862E+06
 0.83449997E+02 -0.67160E+06
 0.83499992E+02 -0.62770E+06
 0.83549995E+02 -0.56660E+06
 0.83599998E+02 -0.48140E+06
 0.83649994E+02 -0.37922E+06
 0.83699997E+02 -0.26756E+06
 0.83749992E+02 -0.15717E+06
 0.83799995E+02 -0.66970E+05
 0.83849998E+02 -0.64710E+04
 0.83899994E+02  0.20575E+05
 0.83949997E+02  0.53310E+04
 0.83999992E+02 -0.48960E+05
 0.84049995E+02 -0.11576E+06
 0.84099998E+02 -0.17950E+06
 0.84149994E+02 -0.23427E+06
 0.84199997E+02 -0.27923E+06
 0.84249992E+02 -0.32309E+06
 0.84299995E+02 -0.35226E+06
 0.84349998E+02 -0.35705E+06
 0.84399994E+02 -0.34314E+06
 0.84449997E+02 -0.30539E+06
 0.84499992E+02 -0.23965E+06
 0.84549995E+02 -0.14279E+06
 0.84599998E+02 -0.18761E+05
 0.84649994E+02  0.11263E+06
 0.84699997E+02  0.23593E+06
 0.84749992E+02  0.34648E+06
 0.84799995E+02  0.44462E+06
 0.84849998E+02  0.52627E+06
 0.84899994E+02  0.57964E+06
 0.84949997E+02  0.60144E+06
 0.84999992E+02  0.59226E+06
 0.85049995E+02  0.54676E+06
 0.85099998E+02  0.47890E+06
 0.85149994E+02  0.41771E+06
 0.85199997E+02  0.37203E+06
 0.85249992E+02  0.33501E+06
 0.85299995E+02  0.29152E+06
 0.85349998E+02  0.24601E+06
 0.85399994E+02  0.22376E+06
 0.85449997E+02  0.23503E+06
 0.85499992E+02  0.30221E+06
 0.85549995E+02  0.42482E+06
 0.85599998E+02  0.56027E+06
 0.85649994E+02  0.69012E+06
 0.85699997E+02  0.79279E+06
 0.85749992E+02  0.84001E+06
 0.85799995E+02  0.86212E+06
 0.85849998E+02  0.89850E+06
 0.85899994E+02  0.92766E+06
 0.85949997E+02  0.94049E+06
 0.85999992E+02  0.94721E+06
 0.86049995E+02  0.92376E+06
 0.86099998E+02  0.87061E+06
 0.86149994E+02  0.79606E+06
 0.86199997E+02  0.70921E+06
 0.86249992E+02  0.65017E+06
 0.86299995E+02  0.63286E+06
 0.86349998E+02  0.63993E+06
 0.86399994E+02  0.64974E+06
 0.86449997E+02  0.66336E+06
 0.86499992E+02  0.69523E+06
 0.86549995E+02  0.74578E+06
 0.86599991E+02  0.81580E+06
 0.86649994E+02  0.89726E+06
 0.86699997E+02  0.97560E+06
 0.86749992E+02  0.10431E+07
 0.86799995E+02  0.11073E+07
 0.86849991E+02  0.11890E+07
 0.86899994E+02  0.12908E+07
 0.86949997E+02  0.13949E+07
 0.86999992E+02  0.14842E+07
 0.87049995E+02  0.15549E+07
 0.87099991E+02  0.16133E+07
 0.87149994E+02  0.16529E+07
 0.87199997E+02  0.16569E+07
 0.87249992E+02  0.16336E+07
 0.87299995E+02  0.16066E+07
 0.87349991E+02  0.15883E+07
 0.87399994E+02  0.15751E+07
 0.87449997E+02  0.15541E+07
 0.87499992E+02  0.15363E+07
 0.87549995E+02  0.15372E+07
 0.87599991E+02  0.15617E+07
 0.87649994E+02  0.16180E+07
 0.87699997E+02  0.16917E+07
 0.87749992E+02  0.17612E+07
 0.87799995E+02  0.18175E+07
 0.87849991E+02  0.18525E+07
 0.87899994E+02  0.18602E+07
 0.87949997E+02  0.18402E+07
 0.87999992E+02  0.17992E+07
 0.88049995E+02  0.17473E+07
 0.88099991E+02  0.16994E+07
 0.88149994E+02  0.16763E+07
 0.88199997E+02  0.17039E+07
 0.88249992E+02  0.17836E+07
 0.88299995E+02  0.18708E+07
 0.88349991E+02  0.19473E+07
 0.88399994E+02  0.20164E+07
 0.88449997E+02  0.20579E+07
 0.88499992E+02  0.20885E+07
 0.88549995E+02  0.21097E+07
 0.88599991E+02  0.21075E+07
 0.88649994E+02  0.20956E+07
 0.88699997E+02  0.20574E+07
 0.88749992E+02  0.19987E+07
 0.88799995E+02  0.19475E+07
 0.88849991E+02  0.19133E+07
 0.88899994E+02  0.19074E+07
 0.88949997E+02  0.19355E+07
 0.88999992E+02  0.19902E+07
 0.89049995E+02  0.20665E+07
 0.89099991E+02  0.21438E+07
 0.89149994E+02  0.21885E+07
 0.89199997E+02  0.22125E+07
 0.89249992E+02  0.22207E+07
 0.89299995E+02  0.22021E+07
 0.89349991E+02  0.21699E+07
 0.89399994E+02  0.21104E+07
 0.89449997E+02  0.20113E+07
 0.89499992E+02  0.18844E+07
 0.89549995E+02  0.17354E+07
 0.89599991E+02  0.15791E+07
 0.89649994E+02  0.14380E+07
 0.89699997E+02  0.13264E+07
 0.89749992E+02  0.12514E+07
 0.89799995E+02  0.11994E+07
 0.89849991E+02  0.11561E+07
 0.89899994E+02  0.11282E+07
 0.89949997E+02  0.11104E+07
 0.89999992E+02  0.11079E+07
 0.90049995E+02  0.11493E+07
 0.90099991E+02  0.12158E+07
 0.90149994E+02  0.12666E+07
 0.90199997E+02  0.12956E+07
 0.90249992E+02  0.12973E+07
 0.90299995E+02  0.12699E+07
 0.90349991E+02  0.12199E+07
 0.90399994E+02  0.11449E+07
 0.90449997E+02  0.10594E+07
 0.90499992E+02  0.98034E+06
 0.90549995E+02  0.90959E+06
 0.90599991E+02  0.85490E+06
 0.90649994E+02  0.82604E+06
 0.90699997E+02  0.81352E+06
 0.90749992E+02  0.80806E+06
 0.90799995E+02  0.82138E+06
 0.90849991E+02  0.85112E+06
 0.90899994E+02  0.87853E+06
 0.90949997E+02  0.88468E+06
 0.90999992E+02  0.85982E+06
 0.91049995E+02  0.80822E+06
 0.91099991E+02  0.73994E+06
 0.91149994E+02  0.68214E+06
 0.91199997E+02  0.64856E+06
 0.91249992E+02  0.63168E+06
 0.91299995E+02  0.62437E+06
 0.91349991E+02  0.61026E+06
 0.91399994E+02  0.57890E+06
 0.91449997E+02  0.53287E+06
 0.91499992E+02  0.47774E+06
 0.91549995E+02  0.42392E+06
 0.91599991E+02  0.37529E+06
 0.91649994E+02  0.31798E+06
 0.91699997E+02  0.23877E+06
 0.91749992E+02  0.14473E+06
 0.91799995E+02  0.67143E+05
 0.91849991E+02  0.35889E+05
 0.91899994E+02  0.51041E+05
 0.91949997E+02  0.96564E+05
 0.91999992E+02  0.17536E+06
 0.92049995E+02  0.27982E+06
 0.92099991E+02  0.39057E+06
 0.92149994E+02  0.51114E+06
 0.92199997E+02  0.61631E+06
 0.92249992E+02  0.68097E+06
 0.92299995E+02  0.69029E+06
 0.92349991E+02  0.64122E+06
 0.92399994E+02  0.55889E+06
 0.92449997E+02  0.44690E+06
 0.92499992E+02  0.33077E+06
 0.92549995E+02  0.22246E+06
 0.92599991E+02  0.11578E+06
 0.92649994E+02  0.38668E+05
 0.92699997E+02 -0.41540E+04
 0.92749992E+02  0.62120E+04
 0.92799995E+02  0.84939E+05
 0.92849991E+02  0.16759E+06
 0.92899994E+02  0.22466E+06
 0.92949997E+02  0.27483E+06
 0.92999992E+02  0.29541E+06
 0.93049995E+02  0.29222E+06
 0.93099991E+02  0.30058E+06
 0.93149994E+02  0.31110E+06
 0.93199997E+02  0.29772E+06
 0.93249992E+02  0.27309E+06
 0.93299995E+02  0.23490E+06
 0.93349991E+02  0.16680E+06
 0.93399994E+02  0.10884E+06
 0.93449997E+02  0.79368E+05
 0.93499992E+02  0.79005E+05
 0.93549995E+02  0.14142E+06
 0.93599991E+02  0.26851E+06
 0.93649994E+02  0.40584E+06
 0.93699997E+02  0.50086E+06
 0.93749992E+02  0.54932E+06
 0.93799995E+02  0.54987E+06
 0.93849991E+02  0.50351E+06
 0.93899994E+02  0.43284E+06
 0.93949997E+02  0.35376E+06
 0.93999992E+02  0.27726E+06
 0.94049995E+02  0.19511E+06
 0.94099991E+02  0.10285E+06
 0.94149994E+02  0.18308E+05
 0.94199997E+02 -0.43760E+05
 0.94249992E+02 -0.63415E+05
 0.94299995E+02 -0.37405E+05
 0.94349991E+02  0.16281E+05
 0.94399994E+02  0.81586E+05
 0.94449997E+02  0.14987E+06
 0.94499992E+02  0.22484E+06
 0.94549995E+02  0.32153E+06
 0.94599991E+02  0.44774E+06
 0.94649994E+02  0.57761E+06
 0.94699997E+02  0.69818E+06
 0.94749992E+02  0.80596E+06
 0.94799995E+02  0.88211E+06
 0.94849991E+02  0.90510E+06
 0.94899994E+02  0.88171E+06
 0.94949997E+02  0.82183E+06
 0.94999992E+02  0.70828E+06
 0.95049995E+02  0.53858E+06
 0.95099991E+02  0.32181E+06
 0.95149994E+02  0.96353E+05
 0.95199997E+02 -0.12979E+06
 0.95249992E+02 -0.32278E+06
 0.95299995E+02 -0.47851E+06
 0.95349991E+02 -0.56791E+06
 0.95399994E+02 -0.57394E+06
 0.95449997E+02 -0.49537E+06
 0.95499992E+02 -0.31321E+06
 0.95549995E+02 -0.12910E+06
 0.95599991E+02  0.16280E+06
 0.95649994E+02  0.43329E+06
 0.95699997E+02  0.66407E+06
 0.95749992E+02  0.98497E+06
 0.95799995E+02  0.11529E+07
 0.95849991E+02  0.12257E+07
 0.95899994E+02  0.12344E+07
 0.95949997E+02  0.12803E+07
 0.95999992E+02  0.14743E+07
 0.96049995E+02  0.16276E+07
 0.96099991E+02  0.16429E+07
 0.96149994E+02  0.15206E+07
 0.96199997E+02  0.13856E+07
 0.96249992E+02  0.12182E+07
 0.96299995E+02  0.10169E+07
 0.96349991E+02  0.82784E+06
 0.96399994E+02  0.62644E+06
 0.96449997E+02  0.48254E+06
 0.96499992E+02  0.29719E+06
 0.96549995E+02  0.10801E+06
 0.96599991E+02 -0.78462E+05
 0.96649994E+02 -0.23047E+06
 0.96699997E+02 -0.37317E+06
 0.96749992E+02 -0.48739E+06
 0.96799995E+02 -0.49708E+06
 0.96849991E+02 -0.54212E+06
 0.96899994E+02 -0.18416E+06
 0.96949997E+02  0.13232E+06
 0.96999992E+02  0.23055E+06
 0.97049995E+02  0.43893E+06
 0.97099991E+02  0.29595E+06
 0.97149994E+02  0.16504E+06
 0.97199997E+02  0.21048E+06
 0.97249992E+02  0.37237E+06
 0.97299995E+02  0.58010E+06
 0.97349991E+02  0.69800E+06
 0.97399994E+02  0.79126E+06
 0.97449997E+02  0.80390E+06
 0.97499992E+02  0.79237E+06
 0.97549995E+02  0.71838E+06
 0.97599991E+02  0.61485E+06
 0.97649994E+02  0.50483E+06
 0.97699997E+02  0.39294E+06
 0.97749992E+02  0.30489E+06
 0.97799995E+02  0.26930E+06
 0.97849991E+02  0.30973E+06
 0.97899994E+02  0.42125E+06
 0.97949997E+02  0.54905E+06
 0.97999992E+02  0.69710E+06
 0.98049995E+02  0.87646E+06
 0.98099991E+02  0.10373E+07
 0.98149994E+02  0.11962E+07
 0.98199997E+02  0.13653E+07
 0.98249992E+02  0.15765E+07
 0.98299995E+02  0.17571E+07
 0.98349991E+02  0.19992E+07
 0.98399994E+02  0.21572E+07
 0.98449997E+02  0.21380E+07
 0.98499992E+02  0.20930E+07
 0.98549995E+02  0.18387E+07
 0.98599991E+02  0.15018E+07
 0.98649994E+02  0.11039E+07
 0.98699997E+02  0.57629E+06
 0.98749992E+02  0.25708E+05
 0.98799995E+02 -0.54118E+06
 0.98849991E+02 -0.10802E+07
 0.98899994E+02 -0.15931E+07
 0.98949997E+02 -0.20627E+07
 0.98999992E+02 -0.24914E+07
 0.99049995E+02 -0.28089E+07
 0.99099991E+02 -0.30002E+07
 0.99149994E+02 -0.30884E+07
 0.99199997E+02 -0.30258E+07
 0.99249992E+02 -0.27693E+07
 0.99299995E+02 -0.25035E+07
 0.99349991E+02 -0.22773E+07
 0.99399994E+02 -0.16519E+07
 0.99449997E+02 -0.91522E+06
 0.99499992E+02 -0.40149E+06
 0.99549995E+02  0.12816E+06
 0.99599991E+02  0.44107E+06
 0.99649994E+02  0.85689E+06
 0.99699997E+02  0.13940E+07
 0.99749992E+02  0.15446E+07
 0.99799995E+02  0.16200E+07
 0.99849991E+02  0.14711E+07
 0.99899994E+02  0.11730E+07
 0.99949997E+02  0.87830E+06
 0.99999992E+02  0.46972E+06
 0.10005000E+03  0.18260E+06
 0.10009999E+03 -0.48720E+05
 0.10014999E+03 -0.21453E+06
 0.10020000E+03 -0.34322E+06
 0.10024999E+03 -0.40208E+06
 0.10030000E+03 -0.44011E+06
 0.10034999E+03 -0.35019E+06
 0.10039999E+03 -0.12335E+06
 0.10045000E+03  0.28753E+05
 0.10049999E+03  0.28625E+06
 0.10055000E+03  0.42947E+06
 0.10059999E+03  0.39967E+06
 0.10064999E+03  0.38157E+06
 0.10070000E+03  0.43098E+06
 0.10074999E+03  0.49280E+06
 0.10080000E+03  0.38300E+06
 0.10084999E+03  0.14081E+06
 0.10089999E+03 -0.12850E+06
 0.10095000E+03 -0.28181E+06
 0.10099999E+03 -0.33130E+06
 0.10105000E+03 -0.35083E+06
 0.10109999E+03 -0.39738E+06
 0.10114999E+03 -0.50022E+06
 0.10120000E+03 -0.60783E+06
 0.10124999E+03 -0.70648E+06
 0.10130000E+03 -0.79440E+06
 0.10134999E+03 -0.88236E+06
 0.10139999E+03 -0.95022E+06
 0.10145000E+03 -0.10183E+07
 0.10149999E+03 -0.10620E+07
 0.10155000E+03 -0.11267E+07
 0.10159999E+03 -0.12093E+07
 0.10164999E+03 -0.12402E+07
 0.10170000E+03 -0.12981E+07
 0.10174999E+03 -0.13613E+07
 0.10180000E+03 -0.14386E+07
 0.10184999E+03 -0.15444E+07
 0.10189999E+03 -0.16518E+07
 0.10195000E+03 -0.17827E+07
 0.10199999E+03 -0.19340E+07
 0.10205000E+03 -0.21080E+07
 0.10209999E+03 -0.22761E+07
 0.10214999E+03 -0.24175E+07
 0.10220000E+03 -0.25281E+07
 0.10224999E+03 -0.26103E+07
 0.10230000E+03 -0.26694E+07
 0.10234999E+03 -0.27130E+07
 0.10239999E+03 -0.27725E+07
 0.10245000E+03 -0.28542E+07
 0.10249999E+03 -0.29580E+07
 0.10255000E+03 -0.30647E+07
 0.10259999E+03 -0.31434E+07
 0.10264999E+03 -0.32033E+07
 0.10270000E+03 -0.32596E+07
 0.10274999E+03 -0.33480E+07
 0.10280000E+03 -0.34848E+07
 0.10284999E+03 -0.36695E+07
 0.10289999E+03 -0.38852E+07
 0.10295000E+03 -0.40973E+07
 0.10299999E+03 -0.42910E+07
 0.10305000E+03 -0.44633E+07
 0.10309999E+03 -0.46080E+07
 0.10314999E+03 -0.47380E+07
 0.10320000E+03 -0.48648E+07
 0.10324999E+03 -0.49774E+07
 0.10330000E+03 -0.50631E+07
 0.10334999E+03 -0.50990E+07
 0.10339999E+03 -0.51086E+07
 0.10345000E+03 -0.50574E+07
 0.10349999E+03 -0.50011E+07
 0.10355000E+03 -0.49183E+07
 0.10359999E+03 -0.47637E+07
 0.10364999E+03 -0.45923E+07
 0.10370000E+03 -0.43210E+07
 0.10374999E+03 -0.40602E+07
 0.10380000E+03 -0.38492E+07
 0.10384999E+03 -0.36296E+07
 0.10389999E+03 -0.34158E+07
 0.10395000E+03 -0.32128E+07
 0.10399999E+03 -0.29714E+07
 0.10405000E+03 -0.26917E+07
 0.10409999E+03 -0.25294E+07
 0.10414999E+03 -0.24539E+07
 0.10420000E+03 -0.23469E+07
 0.10424999E+03 -0.23154E+07
 0.10430000E+03 -0.22835E+07
 0.10434999E+03 -0.22247E+07
 0.10439999E+03 -0.23461E+07
 0.10445000E+03 -0.23592E+07
 0.10449999E+03 -0.23705E+07
 0.10455000E+03 -0.23880E+07
 0.10459999E+03 -0.21999E+07
 0.10464999E+03 -0.20573E+07
 0.10470000E+03 -0.18981E+07
 0.10474999E+03 -0.17672E+07
 0.10480000E+03 -0.16793E+07
 0.10484999E+03 -0.16401E+07
 0.10489999E+03 -0.15831E+07
 0.10495000E+03 -0.14650E+07
 0.10499999E+03 -0.13996E+07
 0.10505000E+03 -0.12950E+07
 0.10509999E+03 -0.11863E+07
 0.10514999E+03 -0.10736E+07
 0.10520000E+03 -0.91524E+06
 0.10524999E+03 -0.72952E+06
 0.10530000E+03 -0.53173E+06
 0.10534999E+03 -0.33425E+06
 0.10539999E+03 -0.14081E+06
 0.10545000E+03  0.51543E+05
 0.10549999E+03  0.23788E+06
 0.10555000E+03  0.43091E+06
 0.10559999E+03  0.60590E+06
 0.10564999E+03  0.69368E+06
 0.10570000E+03  0.71745E+06
 0.10574999E+03  0.67910E+06
 0.10580000E+03  0.60487E+06
 0.10584999E+03  0.52397E+06
 0.10589999E+03  0.42309E+06
 0.10595000E+03  0.35663E+06
 0.10599999E+03  0.37419E+06
 0.10605000E+03  0.44994E+06
 0.10609999E+03  0.49753E+06
 0.10614999E+03  0.46183E+06
 0.10620000E+03  0.35438E+06
 0.10624999E+03  0.20713E+06
 0.10630000E+03  0.44724E+05
 0.10634999E+03 -0.14509E+06
 0.10639999E+03 -0.34668E+06
 0.10645000E+03 -0.51753E+06
 0.10649999E+03 -0.64072E+06
 0.10655000E+03 -0.72321E+06
 0.10659999E+03 -0.74404E+06
 0.10664999E+03 -0.67632E+06
 0.10670000E+03 -0.57071E+06
 0.10674999E+03 -0.42468E+06
 0.10680000E+03 -0.20834E+06
 0.10684999E+03  0.61618E+05
 0.10689999E+03  0.34840E+06
 0.10695000E+03  0.62333E+06
 0.10699999E+03  0.87207E+06
 0.10705000E+03  0.10402E+07
 0.10709999E+03  0.11823E+07
 0.10714999E+03  0.14008E+07
 0.10720000E+03  0.16560E+07
 0.10724999E+03  0.18619E+07
 0.10730000E+03  0.20427E+07
 0.10734999E+03  0.22116E+07
 0.10739999E+03  0.23273E+07
 0.10745000E+03  0.24489E+07
 0.10749999E+03  0.25829E+07
 0.10755000E+03  0.27129E+07
 0.10759999E+03  0.28657E+07
 0.10764999E+03  0.30371E+07
 0.10770000E+03  0.32365E+07
 0.10774999E+03  0.34698E+07
 0.10780000E+03  0.37468E+07
 0.10784999E+03  0.40161E+07
 0.10789999E+03  0.42776E+07
 0.10795000E+03  0.45426E+07
 0.10799999E+03  0.47586E+07
 0.10805000E+03  0.49629E+07
 0.10809999E+03  0.51630E+07
 0.10814999E+03  0.53641E+07
 0.10820000E+03  0.55363E+07
 0.10824999E+03  0.56504E+07
 0.10830000E+03  0.57539E+07
 0.10834999E+03  0.58525E+07
 0.10839999E+03  0.59290E+07
 0.10845000E+03  0.59267E+07
 0.10849999E+03  0.59035E+07
 0.10855000E+03  0.58549E+07
 0.10859999E+03  0.57139E+07
 0.10864999E+03  0.55856E+07
 0.10870000E+03  0.54917E+07
 0.10874999E+03  0.54356E+07
 0.10880000E+03  0.54393E+07
 0.10884999E+03  0.54814E+07
 0.10889999E+03  0.55547E+07
 0.10895000E+03  0.56337E+07
 0.10899999E+03  0.57150E+07
 0.10905000E+03  0.58110E+07
 0.10909999E+03  0.59231E+07
 0.10914999E+03  0.60231E+07
 0.10920000E+03  0.60876E+07
 0.10924999E+03  0.61128E+07
 0.10930000E+03  0.60987E+07
 0.10934999E+03  0.60545E+07
 0.10939999E+03  0.59921E+07
 0.10945000E+03  0.59141E+07
 0.10949999E+03  0.58095E+07
 0.10955000E+03  0.56678E+07
 0.10959999E+03  0.55025E+07
 0.10964999E+03  0.53351E+07
 0.10970000E+03  0.51815E+07
 0.10974999E+03  0.50433E+07
 0.10980000E+03  0.49127E+07
 0.10984999E+03  0.47799E+07
 0.10989999E+03  0.46195E+07
 0.10995000E+03  0.44618E+07
 0.10999999E+03  0.43145E+07
 0.11005000E+03  0.42037E+07
 0.11009999E+03  0.41303E+07
 0.11014999E+03  0.40686E+07
 0.11020000E+03  0.40210E+07
 0.11024999E+03  0.39375E+07
 0.11030000E+03  0.39238E+07
 0.11034999E+03  0.38800E+07
 0.11039999E+03  0.36956E+07
 0.11045000E+03  0.35230E+07
 0.11049999E+03  0.33441E+07
 0.11055000E+03  0.31537E+07
 0.11059999E+03  0.29541E+07
 0.11064999E+03  0.27375E+07
 0.11070000E+03  0.25311E+07
 0.11074999E+03  0.23389E+07
 0.11080000E+03  0.21173E+07
 0.11084999E+03  0.18755E+07
 0.11089999E+03  0.16692E+07
 0.11095000E+03  0.14528E+07
 0.11099999E+03  0.12587E+07
 0.11105000E+03  0.10995E+07
 0.11109999E+03  0.97426E+06
 0.11114999E+03  0.89325E+06
 0.11120000E+03  0.81422E+06
 0.11124999E+03  0.72842E+06
 0.11130000E+03  0.63683E+06
 0.11134999E+03  0.53783E+06
 0.11139999E+03  0.41636E+06
 0.11145000E+03  0.30701E+06
 0.11149999E+03  0.20295E+06
 0.11155000E+03  0.14080E+06
 0.11159999E+03  0.19890E+06
 0.11164999E+03  0.27872E+06
 0.11170000E+03  0.24791E+06
 0.11174999E+03  0.10492E+06
 0.11180000E+03 -0.26236E+05
 0.11184999E+03 -0.11126E+06
 0.11189999E+03 -0.21030E+06
 0.11195000E+03 -0.33422E+06
 0.11199999E+03 -0.42984E+06
 0.11205000E+03 -0.49852E+06
 0.11209999E+03 -0.60080E+06
 0.11214999E+03 -0.71396E+06
 0.11220000E+03 -0.85295E+06
 0.11224999E+03 -0.99805E+06
 0.11230000E+03 -0.11376E+07
 0.11234999E+03 -0.12777E+07
 0.11239999E+03 -0.13954E+07
 0.11244999E+03 -0.15596E+07
 0.11249999E+03 -0.17283E+07
 0.11255000E+03 -0.18514E+07
 0.11259999E+03 -0.19700E+07
 0.11264999E+03 -0.20842E+07
 0.11269999E+03 -0.22109E+07
 0.11274999E+03 -0.23719E+07
 0.11280000E+03 -0.25665E+07
 0.11284999E+03 -0.27649E+07
 0.11289999E+03 -0.29567E+07
 0.11294999E+03 -0.31612E+07
 0.11299999E+03 -0.33824E+07
 0.11305000E+03 -0.36325E+07
 0.11309999E+03 -0.39060E+07
 0.11314999E+03 -0.41765E+07
 0.11319999E+03 -0.44236E+07
 0.11324999E+03 -0.46218E+07
 0.11330000E+03 -0.47687E+07
 0.11334999E+03 -0.48643E+07
 0.11339999E+03 -0.49111E+07
 0.11344999E+03 -0.49277E+07
 0.11349999E+03 -0.49480E+07
 0.11355000E+03 -0.49933E+07
 0.11359999E+03 -0.50180E+07
 0.11364999E+03 -0.50041E+07
 0.11369999E+03 -0.49405E+07
 0.11374999E+03 -0.48340E+07
 0.11380000E+03 -0.46862E+07
 0.11384999E+03 -0.45110E+07
 0.11389999E+03 -0.43255E+07
 0.11394999E+03 -0.40312E+07
 0.11399999E+03 -0.37322E+07
 0.11405000E+03 -0.34984E+07
 0.11409999E+03 -0.32897E+07
 0.11414999E+03 -0.31777E+07
 0.11419999E+03 -0.30810E+07
 0.11424999E+03 -0.29893E+07
 0.11430000E+03 -0.29184E+07
 0.11434999E+03 -0.28049E+07
 0.11439999E+03 -0.26651E+07
 0.11444999E+03 -0.25304E+07
 0.11449999E+03 -0.24296E+07
 0.11455000E+03 -0.23542E+07
 0.11459999E+03 -0.22632E+07
 0.11464999E+03 -0.21233E+07
 0.11469999E+03 -0.19385E+07
 0.11474999E+03 -0.17177E+07
 0.11480000E+03 -0.14928E+07
 0.11484999E+03 -0.13236E+07
 0.11489999E+03 -0.12349E+07
 0.11494999E+03 -0.11938E+07
 0.11499999E+03 -0.11578E+07
 0.11505000E+03 -0.11330E+07
 0.11509999E+03 -0.10995E+07
 0.11514999E+03 -0.10261E+07
 0.11519999E+03 -0.91627E+06
 0.11524999E+03 -0.78570E+06
 0.11530000E+03 -0.64395E+06
 0.11534999E+03 -0.47701E+06
 0.11539999E+03 -0.27600E+06
 0.11544999E+03 -0.32480E+05
 0.11549999E+03  0.25532E+06
 0.11555000E+03  0.57750E+06
 0.11559999E+03  0.93999E+06
 0.11564999E+03  0.13138E+07
 0.11569999E+03  0.16482E+07
 0.11574999E+03  0.19164E+07
 0.11580000E+03  0.21320E+07
 0.11584999E+03  0.23300E+07
 0.11589999E+03  0.25256E+07
 0.11594999E+03  0.27554E+07
 0.11599999E+03  0.30112E+07
 0.11605000E+03  0.32768E+07
 0.11609999E+03  0.35932E+07
 0.11614999E+03  0.39422E+07
 0.11619999E+03  0.42786E+07
 0.11624999E+03  0.45965E+07
 0.11630000E+03  0.49169E+07
 0.11634999E+03  0.52444E+07
 0.11639999E+03  0.55610E+07
 0.11644999E+03  0.58618E+07
 0.11649999E+03  0.61559E+07
 0.11655000E+03  0.64676E+07
 0.11659999E+03  0.67777E+07
 0.11664999E+03  0.70403E+07
 0.11669999E+03  0.72534E+07
 0.11674999E+03  0.74220E+07
 0.11680000E+03  0.75329E+07
 0.11684999E+03  0.75969E+07
 0.11689999E+03  0.76325E+07
 0.11694999E+03  0.76452E+07
 0.11699999E+03  0.76530E+07
 0.11705000E+03  0.76610E+07
 0.11709999E+03  0.76627E+07
 0.11714999E+03  0.76665E+07
 0.11719999E+03  0.76803E+07
 0.11724999E+03  0.76983E+07
 0.11730000E+03  0.77089E+07
 0.11734999E+03  0.77086E+07
 0.11739999E+03  0.77042E+07
 0.11744999E+03  0.77017E+07
 0.11749999E+03  0.76947E+07
 0.11755000E+03  0.76824E+07
 0.11759999E+03  0.76823E+07
 0.11764999E+03  0.77093E+07
 0.11769999E+03  0.77458E+07
 0.11774999E+03  0.77695E+07
 0.11780000E+03  0.77837E+07
 0.11784999E+03  0.78052E+07
 0.11789999E+03  0.78497E+07
 0.11794999E+03  0.79002E+07
 0.11799999E+03  0.79437E+07
 0.11805000E+03  0.79778E+07
 0.11809999E+03  0.79927E+07
 0.11814999E+03  0.79888E+07
 0.11819999E+03  0.79762E+07
 0.11824999E+03  0.79727E+07
 0.11830000E+03  0.79790E+07
 0.11834999E+03  0.79838E+07
 0.11839999E+03  0.79672E+07
 0.11844999E+03  0.79296E+07
 0.11849999E+03  0.78715E+07
 0.11855000E+03  0.77862E+07
 0.11859999E+03  0.76863E+07
 0.11864999E+03  0.75712E+07
 0.11869999E+03  0.74409E+07
 0.11874999E+03  0.72805E+07
 0.11880000E+03  0.70972E+07
 0.11884999E+03  0.69233E+07
 0.11889999E+03  0.67450E+07
 0.11894999E+03  0.65562E+07
 0.11899999E+03  0.63690E+07
 0.11905000E+03  0.61804E+07
 0.11909999E+03  0.59868E+07
 0.11914999E+03  0.57853E+07
 0.11919999E+03  0.55919E+07
 0.11924999E+03  0.54024E+07
 0.11930000E+03  0.52085E+07
 0.11934999E+03  0.50198E+07
 0.11939999E+03  0.48261E+07
 0.11944999E+03  0.46332E+07
 0.11949999E+03  0.44428E+07
 0.11955000E+03  0.42630E+07
 0.11959999E+03  0.40928E+07
 0.11964999E+03  0.39385E+07
 0.11969999E+03  0.37894E+07
 0.11974999E+03  0.36459E+07
 0.11980000E+03  0.35084E+07
 0.11984999E+03  0.33752E+07
 0.11989999E+03  0.33058E+07
 0.11994999E+03  0.33080E+07
 0.11999999E+03  0.34855E+07
 0.12005000E+03  0.37107E+07
 0.12009999E+03  0.38103E+07
 0.12014999E+03  0.38908E+07
 0.12019999E+03  0.38922E+07
 0.12024999E+03  0.38338E+07
 0.12030000E+03  0.37797E+07
 0.12034999E+03  0.37426E+07
 0.12039999E+03  0.37114E+07
 0.12044999E+03  0.36119E+07
 0.12049999E+03  0.34583E+07
 0.12055000E+03  0.32694E+07
 0.12059999E+03  0.30867E+07
 0.12064999E+03  0.29357E+07
 0.12069999E+03  0.28112E+07
 0.12074999E+03  0.27070E+07
 0.12080000E+03  0.26095E+07
 0.12084999E+03  0.25188E+07
 0.12089999E+03  0.24303E+07
 0.12094999E+03  0.23492E+07
 0.12099999E+03  0.22969E+07
 0.12105000E+03  0.22836E+07
 0.12109999E+03  0.23701E+07
 0.12114999E+03  0.25784E+07
 0.12119999E+03  0.27846E+07
 0.12124999E+03  0.28956E+07
 0.12130000E+03  0.29179E+07
 0.12134999E+03  0.29714E+07
 0.12139999E+03  0.31064E+07
 0.12144999E+03  0.31908E+07
 0.12149999E+03  0.31954E+07
 0.12155000E+03  0.31848E+07
 0.12159999E+03  0.31614E+07
 0.12164999E+03  0.31150E+07
 0.12169999E+03  0.30505E+07
 0.12174999E+03  0.29858E+07
 0.12180000E+03  0.29259E+07
 0.12184999E+03  0.28785E+07
 0.12189999E+03  0.28905E+07
 0.12194999E+03  0.29964E+07
 0.12199999E+03  0.31129E+07
 0.12205000E+03  0.31415E+07
 0.12209999E+03  0.31127E+07
 0.12214999E+03  0.30563E+07
 0.12219999E+03  0.29608E+07
 0.12224999E+03  0.28185E+07
 0.12230000E+03  0.26481E+07
 0.12234999E+03  0.25085E+07
 0.12239999E+03  0.24168E+07
 0.12244999E+03  0.23351E+07
 0.12249999E+03  0.23122E+07
 0.12255000E+03  0.24259E+07
 0.12259999E+03  0.25726E+07
 0.12264999E+03  0.25977E+07
 0.12269999E+03  0.25408E+07
 0.12274999E+03  0.25462E+07
 0.12280000E+03  0.25670E+07
 0.12284999E+03  0.25031E+07
 0.12289999E+03  0.24182E+07
 0.12294999E+03  0.24029E+07
 0.12299999E+03  0.24935E+07
 0.12305000E+03  0.26094E+07
 0.12309999E+03  0.26586E+07
 0.12314999E+03  0.26913E+07
 0.12319999E+03  0.27285E+07
 0.12324999E+03  0.27141E+07
 0.12330000E+03  0.26665E+07
 0.12334999E+03  0.26118E+07
 0.12339999E+03  0.25477E+07
 0.12344999E+03  0.24968E+07
 0.12349999E+03  0.24839E+07
 0.12355000E+03  0.25184E+07
 0.12359999E+03  0.25737E+07
 0.12364999E+03  0.26248E+07
 0.12369999E+03  0.26803E+07
 0.12374999E+03  0.27546E+07
 0.12380000E+03  0.28379E+07
 0.12384999E+03  0.28992E+07
 0.12389999E+03  0.29331E+07
 0.12394999E+03  0.29588E+07
 0.12399999E+03  0.29904E+07
 0.12405000E+03  0.30303E+07
 0.12409999E+03  0.30758E+07
 0.12414999E+03  0.31320E+07
 0.12419999E+03  0.32063E+07
 0.12424999E+03  0.32929E+07
 0.12430000E+03  0.33712E+07
 0.12434999E+03  0.34236E+07
 0.12439999E+03  0.34537E+07
 0.12444999E+03  0.34719E+07
 0.12449999E+03  0.34847E+07
 0.12455000E+03  0.35013E+07
 0.12459999E+03  0.35218E+07
 0.12464999E+03  0.35472E+07
 0.12469999E+03  0.35862E+07
 0.12474999E+03  0.36421E+07
 0.12480000E+03  0.37123E+07
 0.12484999E+03  0.37908E+07
 0.12489999E+03  0.38793E+07
 0.12494999E+03  0.39856E+07
 0.12499999E+03  0.41040E+07
 0.12504999E+03  0.42231E+07
 0.12509999E+03  0.43499E+07
 0.12514999E+03  0.44849E+07
 0.12520000E+03  0.46105E+07
 0.12524998E+03  0.47184E+07
 0.12529999E+03  0.48141E+07
 0.12534999E+03  0.49029E+07
 0.12539999E+03  0.49928E+07
 0.12545000E+03  0.50934E+07
 0.12549998E+03  0.52062E+07
 0.12554999E+03  0.53236E+07
 0.12559999E+03  0.54404E+07
 0.12564999E+03  0.55646E+07
 0.12570000E+03  0.56916E+07
 0.12574998E+03  0.57873E+07
 0.12579999E+03  0.58418E+07
 0.12584999E+03  0.59000E+07
 0.12589999E+03  0.59736E+07
 0.12595000E+03  0.60317E+07
 0.12599998E+03  0.60836E+07
 0.12604999E+03  0.61470E+07
 0.12609999E+03  0.62051E+07
 0.12614999E+03  0.62266E+07
 0.12620000E+03  0.62219E+07
 0.12624998E+03  0.62136E+07
 0.12629999E+03  0.62066E+07
 0.12634999E+03  0.62080E+07
 0.12639999E+03  0.62358E+07
 0.12645000E+03  0.62987E+07
 0.12649998E+03  0.63858E+07
 0.12654999E+03  0.64860E+07
 0.12659999E+03  0.65793E+07
 0.12664999E+03  0.66773E+07
 0.12670000E+03  0.67656E+07
 0.12674998E+03  0.68496E+07
 0.12679999E+03  0.69193E+07
 0.12684999E+03  0.69527E+07
 0.12689999E+03  0.70364E+07
 0.12695000E+03  0.71428E+07
 0.12699998E+03  0.72298E+07
 0.12704999E+03  0.73197E+07
 0.12709999E+03  0.73944E+07
 0.12714999E+03  0.74547E+07
 0.12720000E+03  0.74918E+07
 0.12724998E+03  0.75090E+07
 0.12729999E+03  0.75049E+07
 0.12734999E+03  0.74804E+07
 0.12739999E+03  0.74409E+07
 0.12745000E+03  0.73926E+07
 0.12749998E+03  0.73517E+07
 0.12754999E+03  0.73324E+07
 0.12759999E+03  0.73455E+07
 0.12764999E+03  0.73925E+07
 0.12770000E+03  0.74781E+07
 0.12774998E+03  0.75780E+07
 0.12779999E+03  0.76681E+07
 0.12784999E+03  0.77518E+07
 0.12789999E+03  0.78403E+07
 0.12795000E+03  0.79300E+07
 0.12799998E+03  0.80231E+07
 0.12804999E+03  0.81283E+07
 0.12809999E+03  0.82374E+07
 0.12814999E+03  0.83583E+07
 0.12820000E+03  0.84269E+07
 0.12824998E+03  0.84258E+07
 0.12829999E+03  0.84260E+07
 0.12834999E+03  0.84254E+07
 0.12839999E+03  0.84249E+07
 0.12845000E+03  0.84248E+07
 0.12849998E+03  0.84239E+07
 0.12854999E+03  0.84241E+07
 0.12859999E+03  0.84230E+07
 0.12864999E+03  0.84236E+07
 0.12870000E+03  0.84227E+07
 0.12874998E+03  0.84241E+07
 0.12879999E+03  0.84232E+07
 0.12884999E+03  0.84259E+07
 0.12889999E+03  0.84241E+07
 0.12895000E+03  0.84292E+07
 0.12899998E+03  0.84064E+07
 0.12904999E+03  0.83161E+07
 0.12909999E+03  0.82220E+07
 0.12914999E+03  0.81405E+07
 0.12920000E+03  0.80631E+07
 0.12924998E+03  0.79837E+07
 0.12929999E+03  0.78893E+07
 0.12934999E+03  0.77913E+07
 0.12939999E+03  0.77028E+07
 0.12945000E+03  0.76352E+07
 0.12949998E+03  0.75799E+07
 0.12954999E+03  0.75285E+07
 0.12959999E+03  0.74801E+07
 0.12964999E+03  0.74386E+07
 0.12970000E+03  0.74023E+07
 0.12974998E+03  0.73634E+07
 0.12979999E+03  0.73230E+07
 0.12984999E+03  0.72884E+07
 0.12989999E+03  0.72697E+07
 0.12995000E+03  0.72691E+07
 0.12999998E+03  0.72850E+07
 0.13004999E+03  0.73176E+07
 0.13009999E+03  0.73691E+07
 0.13014999E+03  0.74326E+07
 0.13020000E+03  0.74936E+07
 0.13024998E+03  0.75421E+07
 0.13029999E+03  0.75747E+07
 0.13034999E+03  0.75943E+07
 0.13039999E+03  0.76045E+07
 0.13045000E+03  0.76052E+07
 0.13049998E+03  0.75934E+07
 0.13054999E+03  0.75666E+07
 0.13059999E+03  0.75253E+07
 0.13064999E+03  0.74783E+07
 0.13070000E+03  0.74436E+07
 0.13074998E+03  0.74357E+07
 0.13079999E+03  0.74385E+07
 0.13084999E+03  0.74219E+07
 0.13089999E+03  0.73867E+07
 0.13095000E+03  0.73558E+07
 0.13099998E+03  0.73344E+07
 0.13104999E+03  0.73083E+07
 0.13109999E+03  0.72708E+07
 0.13114999E+03  0.72318E+07
 0.13120000E+03  0.72023E+07
 0.13124998E+03  0.71803E+07
 0.13129999E+03  0.71585E+07
 0.13134999E+03  0.71414E+07
 0.13139999E+03  0.71315E+07
 0.13145000E+03  0.71087E+07
 0.13149998E+03  0.70603E+07
 0.13154999E+03  0.69941E+07
 0.13159999E+03  0.69162E+07
 0.13164999E+03  0.68232E+07
 0.13170000E+03  0.67073E+07
 0.13174998E+03  0.65666E+07
 0.13179999E+03  0.64096E+07
 0.13184999E+03  0.62493E+07
 0.13189999E+03  0.60987E+07
 0.13195000E+03  0.59710E+07
 0.13199998E+03  0.58703E+07
 0.13204999E+03  0.57933E+07
 0.13209999E+03  0.57441E+07
 0.13214999E+03  0.57308E+07
 0.13220000E+03  0.57471E+07
 0.13224998E+03  0.57701E+07
 0.13229999E+03  0.57813E+07
 0.13234999E+03  0.57815E+07
 0.13239999E+03  0.57768E+07
 0.13245000E+03  0.57660E+07
 0.13249998E+03  0.57460E+07
 0.13254999E+03  0.57237E+07
 0.13259999E+03  0.57128E+07
 0.13264999E+03  0.57152E+07
 0.13270000E+03  0.57201E+07
 0.13274998E+03  0.57217E+07
 0.13279999E+03  0.57225E+07
 0.13284999E+03  0.57211E+07
 0.13289999E+03  0.57136E+07
 0.13295000E+03  0.56984E+07
 0.13299998E+03  0.56731E+07
 0.13304999E+03  0.56380E+07
 0.13309999E+03  0.55960E+07
 0.13314999E+03  0.55498E+07
 0.13320000E+03  0.55009E+07
 0.13324998E+03  0.54474E+07
 0.13329999E+03  0.53849E+07
 0.13334999E+03  0.53113E+07
 0.13339999E+03  0.52270E+07
 0.13345000E+03  0.51400E+07
 0.13349998E+03  0.50665E+07
 0.13354999E+03  0.50216E+07
 0.13359999E+03  0.50064E+07
 0.13364999E+03  0.50036E+07
 0.13370000E+03  0.49924E+07
 0.13374998E+03  0.49694E+07
 0.13379999E+03  0.49478E+07
 0.13384999E+03  0.49345E+07
 0.13389999E+03  0.49251E+07
 0.13395000E+03  0.49225E+07
 0.13399998E+03  0.49349E+07
 0.13404999E+03  0.49601E+07
 0.13409999E+03  0.49838E+07
 0.13414999E+03  0.49971E+07
 0.13420000E+03  0.50113E+07
 0.13424998E+03  0.50406E+07
 0.13429999E+03  0.50784E+07
 0.13434999E+03  0.51118E+07
 0.13439999E+03  0.51453E+07
 0.13445000E+03  0.51902E+07
 0.13449998E+03  0.52492E+07
 0.13454999E+03  0.53200E+07
 0.13459999E+03  0.54026E+07
 0.13464999E+03  0.54954E+07
 0.13470000E+03  0.55904E+07
 0.13474998E+03  0.56757E+07
 0.13479999E+03  0.57490E+07
 0.13484999E+03  0.58204E+07
 0.13489999E+03  0.59092E+07
 0.13495000E+03  0.60284E+07
 0.13499998E+03  0.61732E+07
 0.13504999E+03  0.63370E+07
 0.13509999E+03  0.65065E+07
 0.13514999E+03  0.66667E+07
 0.13520000E+03  0.68153E+07
 0.13524998E+03  0.69598E+07
 0.13529999E+03  0.71039E+07
 0.13534999E+03  0.72470E+07
 0.13539999E+03  0.73848E+07
 0.13545000E+03  0.75172E+07
 0.13549998E+03  0.76519E+07
 0.13554999E+03  0.77817E+07
 0.13559999E+03  0.78984E+07
 0.13564999E+03  0.79953E+07
 0.13570000E+03  0.80894E+07
 0.13574998E+03  0.81869E+07
 0.13579999E+03  0.82939E+07
 0.13584999E+03  0.83985E+07
 0.13589999E+03  0.84303E+07
 0.13595000E+03  0.84241E+07
 0.13599998E+03  0.84264E+07
 0.13604999E+03  0.84235E+07
 0.13609999E+03  0.84241E+07
 0.13614999E+03  0.84226E+07
 0.13620000E+03  0.84221E+07
 0.13624998E+03  0.84213E+07
 0.13629999E+03  0.84208E+07
 0.13634999E+03  0.84213E+07
 0.13639999E+03  0.84208E+07
 0.13645000E+03  0.84213E+07
 0.13649998E+03  0.84209E+07
 0.13654999E+03  0.84213E+07
 0.13659999E+03  0.84211E+07
 0.13664999E+03  0.84212E+07
 0.13670000E+03  0.84211E+07
 0.13674998E+03  0.84211E+07
 0.13679999E+03  0.84212E+07
 0.13684999E+03  0.84211E+07
 0.13689999E+03  0.84212E+07
 0.13695000E+03  0.84211E+07
 0.13699998E+03  0.84211E+07
 0.13704999E+03  0.84210E+07
 0.13709999E+03  0.84211E+07
 0.13714999E+03  0.84210E+07
 0.13720000E+03  0.84210E+07
 0.13724998E+03  0.84210E+07
 0.13729999E+03  0.84210E+07
 0.13734999E+03  0.84210E+07
 0.13739999E+03  0.84210E+07
 0.13745000E+03  0.84210E+07
 0.13749998E+03  0.84210E+07
 0.13754999E+03  0.84209E+07
 0.13759999E+03  0.84209E+07
 0.13764999E+03  0.84209E+07
 0.13770000E+03  0.84209E+07
 0.13774998E+03  0.84209E+07
 0.13779999E+03  0.84209E+07
 0.13784999E+03  0.84209E+07
 0.13789999E+03  0.84208E+07
 0.13795000E+03  0.84208E+07
 0.13799998E+03  0.84208E+07
 0.13804999E+03  0.84208E+07
 0.13809999E+03  0.84208E+07
 0.13814999E+03  0.84208E+07
 0.13820000E+03  0.84207E+07
 0.13824998E+03  0.84207E+07
 0.13829999E+03  0.84207E+07
 0.13834999E+03  0.84207E+07
 0.13839999E+03  0.84207E+07
 0.13845000E+03  0.84207E+07
 0.13849998E+03  0.84207E+07
 0.13854999E+03  0.84207E+07
 0.13859999E+03  0.84207E+07
 0.13864999E+03  0.84207E+07
 0.13870000E+03  0.84207E+07
 0.13874998E+03  0.84207E+07
 0.13879999E+03  0.84207E+07
 0.13884999E+03  0.84207E+07
 0.13889999E+03  0.84207E+07
 0.13895000E+03  0.84207E+07
 0.13899998E+03  0.84207E+07
 0.13904999E+03  0.84207E+07
 0.13909999E+03  0.84207E+07
 0.13914999E+03  0.84207E+07
 0.13920000E+03  0.84207E+07
 0.13924998E+03  0.84207E+07
 0.13929999E+03  0.84206E+07
 0.13934999E+03  0.84207E+07
 0.13939999E+03  0.84206E+07
 0.13945000E+03  0.84208E+07
 0.13949998E+03  0.84207E+07
 0.13954999E+03  0.84208E+07
 0.13959999E+03  0.84207E+07
 0.13964999E+03  0.84207E+07
 0.13970000E+03  0.84208E+07
 0.13974998E+03  0.84205E+07
 0.13979999E+03  0.84210E+07
 0.13984999E+03  0.84205E+07
 0.13989999E+03  0.84212E+07
 0.13995000E+03  0.84209E+07
 0.13999998E+03  0.84215E+07
 0.14004999E+03  0.84216E+07
 0.14009999E+03  0.84217E+07
 0.14014999E+03  0.84226E+07
 0.14020000E+03  0.84218E+07
 0.14024998E+03  0.84241E+07
 0.14029999E+03  0.84223E+07
 0.14034999E+03  0.84262E+07
 0.14039999E+03  0.84228E+07
 0.14045000E+03  0.84302E+07
 0.14049998E+03  0.84038E+07
 0.14054999E+03  0.82640E+07
 0.14059999E+03  0.81035E+07
 0.14064999E+03  0.79631E+07
 0.14070000E+03  0.78309E+07
 0.14074998E+03  0.77217E+07
 0.14079999E+03  0.76313E+07
 0.14084999E+03  0.75650E+07
 0.14089999E+03  0.75046E+07
 0.14095000E+03  0.74389E+07
 0.14099998E+03  0.73606E+07
 0.14104999E+03  0.72678E+07
 0.14109999E+03  0.71579E+07
 0.14114999E+03  0.70314E+07
 0.14120000E+03  0.68979E+07
 0.14124998E+03  0.67682E+07
 0.14129999E+03  0.66582E+07
 0.14134999E+03  0.65722E+07
 0.14139999E+03  0.65111E+07
 0.14145000E+03  0.64714E+07
 0.14149998E+03  0.64450E+07
 0.14154999E+03  0.64201E+07
 0.14159999E+03  0.63872E+07
 0.14164999E+03  0.63454E+07
 0.14170000E+03  0.62966E+07
 0.14174998E+03  0.62390E+07
 0.14179999E+03  0.61744E+07
 0.14184999E+03  0.61116E+07
 0.14189999E+03  0.60585E+07
 0.14195000E+03  0.60169E+07
 0.14199998E+03  0.59839E+07
 0.14204999E+03  0.59524E+07
 0.14209999E+03  0.59130E+07
 0.14214999E+03  0.58638E+07
 0.14220000E+03  0.58061E+07
 0.14224998E+03  0.57393E+07
 0.14229999E+03  0.56644E+07
 0.14234999E+03  0.55925E+07
 0.14239999E+03  0.55377E+07
 0.14245000E+03  0.55026E+07
 0.14249998E+03  0.54816E+07
 0.14254999E+03  0.54708E+07
 0.14259999E+03  0.54720E+07
 0.14264999E+03  0.54896E+07
 0.14270000E+03  0.55250E+07
 0.14274998E+03  0.55750E+07
 0.14279999E+03  0.56343E+07
 0.14284999E+03  0.56971E+07
 0.14289999E+03  0.57591E+07
 0.14295000E+03  0.58195E+07
 0.14299998E+03  0.58778E+07
 0.14304999E+03  0.59376E+07
 0.14309999E+03  0.60058E+07
 0.14314999E+03  0.60854E+07
 0.14320000E+03  0.61698E+07
 0.14324998E+03  0.62500E+07
 0.14329999E+03  0.63293E+07
 0.14334999E+03  0.64194E+07
 0.14339999E+03  0.65260E+07
 0.14345000E+03  0.66447E+07
 0.14349998E+03  0.67662E+07
 0.14354999E+03  0.68884E+07
 0.14359999E+03  0.70082E+07
 0.14364999E+03  0.71168E+07
 0.14370000E+03  0.72081E+07
 0.14374998E+03  0.72883E+07
 0.14379999E+03  0.73685E+07
 0.14384999E+03  0.74469E+07
 0.14389999E+03  0.75220E+07
 0.14395000E+03  0.75947E+07
 0.14399998E+03  0.76717E+07
 0.14404999E+03  0.77515E+07
 0.14409999E+03  0.78341E+07
 0.14414999E+03  0.79234E+07
 0.14420000E+03  0.80217E+07
 0.14424998E+03  0.81322E+07
 0.14429999E+03  0.82382E+07
 0.14434999E+03  0.83514E+07
 0.14439999E+03  0.84245E+07
 0.14445000E+03  0.84266E+07
 0.14449998E+03  0.84252E+07
 0.14454999E+03  0.84251E+07
 0.14459999E+03  0.84230E+07
 0.14464999E+03  0.84233E+07
 0.14470000E+03  0.84212E+07
 0.14474998E+03  0.84214E+07
 0.14479999E+03  0.84204E+07
 0.14484999E+03  0.84211E+07
 0.14489999E+03  0.84207E+07
 0.14495000E+03  0.84209E+07
 0.14499998E+03  0.84209E+07
 0.14504999E+03  0.84208E+07
 0.14509999E+03  0.84211E+07
 0.14514999E+03  0.84209E+07
 0.14520000E+03  0.84211E+07
 0.14524998E+03  0.84209E+07
 0.14529999E+03  0.84211E+07
 0.14534999E+03  0.84210E+07
 0.14539999E+03  0.84211E+07
 0.14545000E+03  0.84211E+07
 0.14549998E+03  0.84211E+07
 0.14554999E+03  0.84211E+07
 0.14559999E+03  0.84211E+07
 0.14564999E+03  0.84211E+07
 0.14570000E+03  0.84211E+07
 0.14574998E+03  0.84211E+07
 0.14579999E+03  0.84211E+07
 0.14584999E+03  0.84211E+07
 0.14589999E+03  0.84211E+07
 0.14595000E+03  0.84211E+07
 0.14599998E+03  0.84211E+07
 0.14604999E+03  0.84211E+07
 0.14609999E+03  0.84211E+07
 0.14614999E+03  0.84211E+07
 0.14620000E+03  0.84212E+07
 0.14624998E+03  0.84212E+07
 0.14629999E+03  0.84212E+07
 0.14634999E+03  0.84212E+07
 0.14639999E+03  0.84212E+07
 0.14645000E+03  0.84212E+07
 0.14649998E+03  0.84212E+07
 0.14654999E+03  0.84211E+07
 0.14659999E+03  0.84211E+07
 0.14664999E+03  0.84211E+07
 0.14670000E+03  0.84211E+07
 0.14674998E+03  0.84211E+07
 0.14679999E+03  0.84211E+07
 0.14684999E+03  0.84211E+07
 0.14689999E+03  0.84211E+07
 0.14695000E+03  0.84211E+07
 0.14699998E+03  0.84210E+07
 0.14704999E+03  0.84211E+07
 0.14709999E+03  0.84210E+07
 0.14714999E+03  0.84211E+07
 0.14720000E+03  0.84210E+07
 0.14724998E+03  0.84210E+07
 0.14729999E+03  0.84210E+07
 0.14734999E+03  0.84209E+07
 0.14739999E+03  0.84209E+07
 0.14745000E+03  0.84208E+07
 0.14749998E+03  0.84210E+07
 0.14754999E+03  0.84207E+07
 0.14759999E+03  0.84210E+07
 0.14764999E+03  0.84207E+07
 0.14770000E+03  0.84209E+07
 0.14774998E+03  0.84207E+07
 0.14779999E+03  0.84208E+07
 0.14784999E+03  0.84209E+07
 0.14789999E+03  0.84206E+07
 0.14795000E+03  0.84211E+07
 0.14799998E+03  0.84204E+07
 0.14804999E+03  0.84217E+07
 0.14809999E+03  0.84213E+07
 0.14814999E+03  0.84233E+07
 0.14820000E+03  0.84229E+07
 0.14824998E+03  0.84247E+07
 0.14829999E+03  0.84252E+07
 0.14834999E+03  0.84256E+07
 0.14839999E+03  0.84259E+07
 0.14845000E+03  0.83438E+07
 0.14849998E+03  0.82053E+07
 0.14854999E+03  0.80765E+07
 0.14859999E+03  0.79459E+07
 0.14864999E+03  0.78291E+07
 0.14870000E+03  0.77261E+07
 0.14874998E+03  0.76377E+07
 0.14879999E+03  0.75607E+07
 0.14884999E+03  0.74937E+07
 0.14889999E+03  0.74416E+07
 0.14895000E+03  0.74005E+07
 0.14899998E+03  0.73711E+07
 0.14904999E+03  0.73529E+07
 0.14909999E+03  0.73499E+07
 0.14914999E+03  0.73607E+07
 0.14920000E+03  0.73804E+07
 0.14924998E+03  0.74020E+07
 0.14929999E+03  0.74218E+07
 0.14934999E+03  0.74404E+07
 0.14939999E+03  0.74602E+07
 0.14945000E+03  0.74844E+07
 0.14949998E+03  0.75141E+07
 0.14954999E+03  0.75476E+07
 0.14959999E+03  0.75831E+07
 0.14964999E+03  0.76199E+07
 0.14970000E+03  0.76597E+07
 0.14974998E+03  0.77076E+07
 0.14979999E+03  0.77700E+07
 0.14984999E+03  0.78500E+07
 0.14989999E+03  0.79385E+07
 0.14995000E+03  0.80275E+07
