-0.30000000E+01 -0.58850E+05
-0.29500000E+01 -0.59632E+05
-0.29000001E+01 -0.60369E+05
-0.28499999E+01 -0.61066E+05
-0.28000000E+01 -0.61710E+05
-0.27500000E+01 -0.62309E+05
-0.27000000E+01 -0.62891E+05
-0.26500001E+01 -0.63486E+05
-0.25999999E+01 -0.64057E+05
-0.25500000E+01 -0.64645E+05
-0.25000000E+01 -0.65209E+05
-0.24500000E+01 -0.65721E+05
-0.24000001E+01 -0.66231E+05
-0.23499999E+01 -0.66725E+05
-0.23000002E+01 -0.67201E+05
-0.22500000E+01 -0.67646E+05
-0.22000000E+01 -0.68071E+05
-0.21500001E+01 -0.68435E+05
-0.20999999E+01 -0.68724E+05
-0.20500002E+01 -0.69007E+05
-0.20000000E+01 -0.69285E+05
-0.19500000E+01 -0.69542E+05
-0.19000001E+01 -0.69763E+05
-0.18500000E+01 -0.69929E+05
-0.18000001E+01 -0.70012E+05
-0.17500001E+01 -0.70002E+05
-0.17000000E+01 -0.69925E+05
-0.16500001E+01 -0.69812E+05
-0.16000001E+01 -0.69668E+05
-0.15500001E+01 -0.69427E+05
-0.15000001E+01 -0.69105E+05
-0.14500000E+01 -0.68680E+05
-0.14000001E+01 -0.68136E+05
-0.13500001E+01 -0.67558E+05
-0.13000001E+01 -0.66946E+05
-0.12500001E+01 -0.66271E+05
-0.12000000E+01 -0.65517E+05
-0.11500001E+01 -0.64721E+05
-0.11000001E+01 -0.63853E+05
-0.10500001E+01 -0.62915E+05
-0.10000001E+01 -0.61975E+05
-0.95000005E+00 -0.60991E+05
-0.90000010E+00 -0.59976E+05
-0.85000014E+00 -0.58923E+05
-0.80000019E+00 -0.57802E+05
-0.75000024E+00 -0.56629E+05
-0.70000005E+00 -0.55439E+05
-0.65000010E+00 -0.54223E+05
-0.60000014E+00 -0.52908E+05
-0.55000019E+00 -0.51544E+05
-0.50000024E+00 -0.50190E+05
-0.45000005E+00 -0.48841E+05
-0.40000010E+00 -0.47483E+05
-0.35000014E+00 -0.46098E+05
-0.30000019E+00 -0.44679E+05
-0.25000024E+00 -0.43207E+05
-0.20000029E+00 -0.41701E+05
-0.15000010E+00 -0.40186E+05
-0.10000014E+00 -0.38675E+05
-0.50000191E-01 -0.37140E+05
-0.23841858E-06 -0.35554E+05
 0.49999714E-01 -0.33943E+05
 0.99999905E-01 -0.32270E+05
 0.14999986E+00 -0.30545E+05
 0.19999981E+00 -0.28818E+05
 0.24999976E+00 -0.27104E+05
 0.29999971E+00 -0.25381E+05
 0.34999990E+00 -0.23621E+05
 0.39999986E+00 -0.21859E+05
 0.44999981E+00 -0.20049E+05
 0.49999976E+00 -0.18204E+05
 0.54999971E+00 -0.16381E+05
 0.59999990E+00 -0.14579E+05
 0.64999986E+00 -0.12783E+05
 0.69999981E+00 -0.10941E+05
 0.74999976E+00 -0.90570E+04
 0.79999971E+00 -0.71300E+04
 0.84999967E+00 -0.51910E+04
 0.89999986E+00 -0.32710E+04
 0.94999981E+00 -0.13880E+04
 0.99999976E+00  0.45500E+03
 0.10499997E+01  0.22780E+04
 0.10999999E+01  0.40600E+04
 0.11499996E+01  0.58270E+04
 0.11999998E+01  0.75490E+04
 0.12499995E+01  0.92220E+04
 0.12999997E+01  0.10852E+05
 0.13499999E+01  0.12414E+05
 0.13999996E+01  0.13945E+05
 0.14499998E+01  0.15396E+05
 0.14999995E+01  0.16804E+05
 0.15499997E+01  0.18175E+05
 0.15999999E+01  0.19462E+05
 0.16499996E+01  0.20697E+05
 0.16999998E+01  0.21843E+05
 0.17499995E+01  0.22905E+05
 0.17999997E+01  0.23889E+05
 0.18499999E+01  0.24811E+05
 0.18999996E+01  0.25632E+05
 0.19499998E+01  0.26334E+05
 0.19999995E+01  0.26955E+05
 0.20499997E+01  0.27458E+05
 0.20999999E+01  0.27872E+05
 0.21499996E+01  0.28159E+05
 0.21999998E+01  0.28340E+05
 0.22499995E+01  0.28430E+05
 0.22999997E+01  0.28414E+05
 0.23499999E+01  0.28359E+05
 0.23999996E+01  0.28222E+05
 0.24499998E+01  0.28003E+05
 0.24999995E+01  0.27707E+05
 0.25499997E+01  0.27303E+05
 0.25999994E+01  0.26792E+05
 0.26499996E+01  0.26202E+05
 0.26999998E+01  0.25549E+05
 0.27499995E+01  0.24844E+05
 0.27999997E+01  0.24095E+05
 0.28499994E+01  0.23235E+05
 0.28999996E+01  0.22303E+05
 0.29499998E+01  0.21309E+05
 0.29999995E+01  0.20271E+05
 0.30499997E+01  0.19225E+05
 0.30999994E+01  0.18093E+05
 0.31499996E+01  0.16931E+05
 0.31999998E+01  0.15736E+05
 0.32499995E+01  0.14483E+05
 0.32999997E+01  0.13205E+05
 0.33499994E+01  0.11872E+05
 0.33999996E+01  0.10507E+05
 0.34499998E+01  0.90850E+04
 0.34999995E+01  0.76260E+04
 0.35499997E+01  0.61800E+04
 0.35999994E+01  0.47230E+04
 0.36499996E+01  0.32200E+04
 0.36999998E+01  0.16800E+04
 0.37499995E+01  0.16500E+03
 0.37999997E+01 -0.13430E+04
 0.38499994E+01 -0.28450E+04
 0.38999996E+01 -0.43420E+04
 0.39499998E+01 -0.58250E+04
 0.39999995E+01 -0.72730E+04
 0.40499997E+01 -0.87170E+04
 0.40999994E+01 -0.10152E+05
 0.41499996E+01 -0.11578E+05
 0.41999998E+01 -0.12980E+05
 0.42499995E+01 -0.14348E+05
 0.42999997E+01 -0.15696E+05
 0.43499994E+01 -0.17023E+05
 0.43999996E+01 -0.18295E+05
 0.44499993E+01 -0.19524E+05
 0.44999995E+01 -0.20721E+05
 0.45499997E+01 -0.21858E+05
 0.45999994E+01 -0.22975E+05
 0.46499996E+01 -0.24063E+05
 0.46999993E+01 -0.25082E+05
 0.47499995E+01 -0.26041E+05
 0.47999997E+01 -0.26955E+05
 0.48499994E+01 -0.27845E+05
 0.48999996E+01 -0.28692E+05
 0.49499993E+01 -0.29493E+05
 0.49999995E+01 -0.30245E+05
 0.50499992E+01 -0.30945E+05
 0.50999994E+01 -0.31604E+05
 0.51499996E+01 -0.32225E+05
 0.51999998E+01 -0.32828E+05
 0.52499990E+01 -0.33371E+05
 0.52999992E+01 -0.33839E+05
 0.53499994E+01 -0.34250E+05
 0.53999996E+01 -0.34600E+05
 0.54499998E+01 -0.34896E+05
 0.54999990E+01 -0.35140E+05
 0.55499992E+01 -0.35346E+05
 0.55999994E+01 -0.35494E+05
 0.56499996E+01 -0.35624E+05
 0.56999998E+01 -0.35734E+05
 0.57499990E+01 -0.35791E+05
 0.57999992E+01 -0.35790E+05
 0.58499994E+01 -0.35732E+05
 0.58999996E+01 -0.35635E+05
 0.59499998E+01 -0.35467E+05
 0.59999990E+01 -0.35272E+05
 0.60499992E+01 -0.35051E+05
 0.60999994E+01 -0.34740E+05
 0.61499996E+01 -0.34369E+05
 0.61999998E+01 -0.33912E+05
 0.62499990E+01 -0.33374E+05
 0.62999992E+01 -0.32814E+05
 0.63499994E+01 -0.32195E+05
 0.63999996E+01 -0.31496E+05
 0.64499998E+01 -0.30769E+05
 0.64999990E+01 -0.30023E+05
 0.65499992E+01 -0.29222E+05
 0.65999994E+01 -0.28364E+05
 0.66499996E+01 -0.27435E+05
 0.66999998E+01 -0.26477E+05
 0.67499990E+01 -0.25510E+05
 0.67999992E+01 -0.24509E+05
 0.68499994E+01 -0.23497E+05
 0.68999996E+01 -0.22447E+05
 0.69499998E+01 -0.21350E+05
 0.69999990E+01 -0.20230E+05
 0.70499992E+01 -0.19097E+05
 0.70999994E+01 -0.17962E+05
 0.71499996E+01 -0.16804E+05
 0.71999998E+01 -0.15617E+05
 0.72499990E+01 -0.14401E+05
 0.72999992E+01 -0.13146E+05
 0.73499994E+01 -0.11849E+05
 0.73999996E+01 -0.10554E+05
 0.74499998E+01 -0.92320E+04
 0.74999990E+01 -0.78590E+04
 0.75499992E+01 -0.64970E+04
 0.75999994E+01 -0.51080E+04
 0.76499996E+01 -0.37250E+04
 0.76999998E+01 -0.23640E+04
 0.77499990E+01 -0.98400E+03
 0.77999992E+01  0.39100E+03
 0.78499994E+01  0.17790E+04
 0.78999996E+01  0.31590E+04
 0.79499998E+01  0.45340E+04
 0.79999990E+01  0.58660E+04
 0.80499992E+01  0.71660E+04
 0.80999994E+01  0.84800E+04
 0.81499996E+01  0.97670E+04
 0.81999989E+01  0.11047E+05
 0.82499990E+01  0.12293E+05
 0.82999992E+01  0.13530E+05
 0.83499994E+01  0.14773E+05
 0.83999996E+01  0.15988E+05
 0.84499989E+01  0.17175E+05
 0.84999990E+01  0.18299E+05
 0.85499992E+01  0.19395E+05
 0.85999994E+01  0.20451E+05
 0.86499996E+01  0.21451E+05
 0.86999989E+01  0.22403E+05
 0.87499990E+01  0.23311E+05
 0.87999992E+01  0.24206E+05
 0.88499994E+01  0.25051E+05
 0.88999996E+01  0.25842E+05
 0.89499989E+01  0.26556E+05
 0.89999990E+01  0.27216E+05
 0.90499992E+01  0.27854E+05
 0.90999994E+01  0.28444E+05
 0.91499996E+01  0.28979E+05
 0.91999989E+01  0.29408E+05
 0.92499990E+01  0.29755E+05
 0.92999992E+01  0.30008E+05
 0.93499994E+01  0.30167E+05
 0.93999996E+01  0.30267E+05
 0.94499989E+01  0.30265E+05
 0.94999990E+01  0.30148E+05
 0.95499992E+01  0.29917E+05
 0.95999994E+01  0.29633E+05
 0.96499996E+01  0.29273E+05
 0.96999989E+01  0.28814E+05
 0.97499990E+01  0.28294E+05
 0.97999992E+01  0.27696E+05
 0.98499994E+01  0.27054E+05
 0.98999996E+01  0.26361E+05
 0.99499989E+01  0.25611E+05
 0.99999990E+01  0.24782E+05
 0.10049999E+02  0.23873E+05
 0.10099999E+02  0.22930E+05
 0.10150000E+02  0.21967E+05
 0.10199999E+02  0.20959E+05
 0.10249999E+02  0.19898E+05
 0.10299999E+02  0.18790E+05
 0.10349999E+02  0.17644E+05
 0.10400000E+02  0.16482E+05
 0.10449999E+02  0.15269E+05
 0.10499999E+02  0.14042E+05
 0.10549999E+02  0.12796E+05
 0.10599999E+02  0.11490E+05
 0.10650000E+02  0.10166E+05
 0.10699999E+02  0.88120E+04
 0.10749999E+02  0.74510E+04
 0.10799999E+02  0.61110E+04
 0.10849999E+02  0.47460E+04
 0.10900000E+02  0.33210E+04
 0.10949999E+02  0.18750E+04
 0.10999999E+02  0.41800E+03
 0.11049999E+02 -0.10660E+04
 0.11099999E+02 -0.25400E+04
 0.11150000E+02 -0.40190E+04
 0.11199999E+02 -0.54830E+04
 0.11249999E+02 -0.69280E+04
 0.11299999E+02 -0.84000E+04
 0.11349999E+02 -0.98770E+04
 0.11400000E+02 -0.11351E+05
 0.11449999E+02 -0.12796E+05
 0.11499999E+02 -0.14197E+05
 0.11549999E+02 -0.15564E+05
 0.11599999E+02 -0.16910E+05
 0.11649999E+02 -0.18222E+05
 0.11699999E+02 -0.19472E+05
 0.11749999E+02 -0.20664E+05
 0.11799999E+02 -0.21808E+05
 0.11849999E+02 -0.22899E+05
 0.11899999E+02 -0.23898E+05
 0.11949999E+02 -0.24834E+05
 0.11999999E+02 -0.25706E+05
 0.12049999E+02 -0.26488E+05
 0.12099999E+02 -0.27215E+05
 0.12149999E+02 -0.27872E+05
 0.12199999E+02 -0.28453E+05
 0.12249999E+02 -0.28964E+05
 0.12299999E+02 -0.29410E+05
 0.12349999E+02 -0.29762E+05
 0.12399999E+02 -0.30027E+05
 0.12449999E+02 -0.30234E+05
 0.12499999E+02 -0.30384E+05
 0.12549999E+02 -0.30511E+05
 0.12599999E+02 -0.30584E+05
 0.12649999E+02 -0.30596E+05
 0.12699999E+02 -0.30562E+05
 0.12749999E+02 -0.30473E+05
 0.12799999E+02 -0.30330E+05
 0.12849999E+02 -0.30124E+05
 0.12899999E+02 -0.29894E+05
 0.12949999E+02 -0.29644E+05
 0.12999999E+02 -0.29368E+05
 0.13049999E+02 -0.29067E+05
 0.13099998E+02 -0.28731E+05
 0.13150000E+02 -0.28364E+05
 0.13199999E+02 -0.27976E+05
 0.13249998E+02 -0.27594E+05
 0.13299999E+02 -0.27210E+05
 0.13349998E+02 -0.26837E+05
 0.13400000E+02 -0.26468E+05
 0.13449999E+02 -0.26063E+05
 0.13499998E+02 -0.25665E+05
 0.13549999E+02 -0.25272E+05
 0.13599998E+02 -0.24879E+05
 0.13650000E+02 -0.24516E+05
 0.13699999E+02 -0.24161E+05
 0.13749998E+02 -0.23820E+05
 0.13799999E+02 -0.23498E+05
 0.13849998E+02 -0.23181E+05
 0.13900000E+02 -0.22856E+05
 0.13949999E+02 -0.22536E+05
 0.13999998E+02 -0.22230E+05
 0.14049999E+02 -0.21935E+05
 0.14099998E+02 -0.21673E+05
 0.14150000E+02 -0.21421E+05
 0.14199999E+02 -0.21189E+05
 0.14249998E+02 -0.20974E+05
 0.14299999E+02 -0.20768E+05
 0.14349998E+02 -0.20591E+05
 0.14400000E+02 -0.20399E+05
 0.14449999E+02 -0.20212E+05
 0.14499998E+02 -0.20023E+05
 0.14549999E+02 -0.19828E+05
 0.14599998E+02 -0.19649E+05
 0.14650000E+02 -0.19479E+05
 0.14699999E+02 -0.19312E+05
 0.14749998E+02 -0.19116E+05
 0.14799999E+02 -0.18946E+05
 0.14849998E+02 -0.18777E+05
 0.14900000E+02 -0.18588E+05
 0.14949999E+02 -0.18410E+05
 0.14999998E+02 -0.18233E+05
 0.15049999E+02 -0.18116E+05
 0.15099998E+02 -0.18023E+05
 0.15150000E+02 -0.17928E+05
 0.15199999E+02 -0.17846E+05
 0.15249998E+02 -0.17779E+05
 0.15299999E+02 -0.17756E+05
 0.15349998E+02 -0.17755E+05
 0.15400000E+02 -0.17752E+05
 0.15449999E+02 -0.17740E+05
 0.15499998E+02 -0.17754E+05
 0.15549999E+02 -0.17771E+05
 0.15599998E+02 -0.17799E+05
 0.15650000E+02 -0.17840E+05
 0.15699999E+02 -0.17880E+05
 0.15749998E+02 -0.17955E+05
 0.15799999E+02 -0.18002E+05
 0.15849998E+02 -0.18061E+05
 0.15900000E+02 -0.18135E+05
 0.15949999E+02 -0.18183E+05
 0.15999998E+02 -0.18235E+05
 0.16049999E+02 -0.18270E+05
 0.16099998E+02 -0.18314E+05
 0.16150000E+02 -0.18376E+05
 0.16199999E+02 -0.18448E+05
 0.16249998E+02 -0.18511E+05
 0.16299999E+02 -0.18583E+05
 0.16349998E+02 -0.18645E+05
 0.16400000E+02 -0.18665E+05
 0.16449999E+02 -0.18695E+05
 0.16499998E+02 -0.18693E+05
 0.16549999E+02 -0.18682E+05
 0.16599998E+02 -0.18665E+05
 0.16650000E+02 -0.18611E+05
 0.16699999E+02 -0.18528E+05
 0.16749998E+02 -0.18365E+05
 0.16799999E+02 -0.18163E+05
 0.16849998E+02 -0.17926E+05
 0.16900000E+02 -0.17648E+05
 0.16949999E+02 -0.17354E+05
 0.16999998E+02 -0.17039E+05
 0.17049999E+02 -0.16673E+05
 0.17099998E+02 -0.16229E+05
 0.17150000E+02 -0.15774E+05
 0.17199999E+02 -0.15291E+05
 0.17249998E+02 -0.14788E+05
 0.17299999E+02 -0.14261E+05
 0.17349998E+02 -0.13692E+05
 0.17400000E+02 -0.13138E+05
 0.17449999E+02 -0.12553E+05
 0.17499998E+02 -0.11964E+05
 0.17549999E+02 -0.11360E+05
 0.17599998E+02 -0.10692E+05
 0.17650000E+02 -0.10007E+05
 0.17699999E+02 -0.93170E+04
 0.17749998E+02 -0.85900E+04
 0.17799999E+02 -0.78310E+04
 0.17849998E+02 -0.70700E+04
 0.17900000E+02 -0.62770E+04
 0.17949999E+02 -0.54660E+04
 0.17999998E+02 -0.46290E+04
 0.18049999E+02 -0.37640E+04
 0.18099998E+02 -0.28910E+04
 0.18150000E+02 -0.19900E+04
 0.18199999E+02 -0.11120E+04
 0.18249998E+02 -0.23800E+03
 0.18299999E+02  0.64700E+03
 0.18349998E+02  0.15220E+04
 0.18400000E+02  0.23960E+04
 0.18449999E+02  0.32760E+04
 0.18499998E+02  0.41430E+04
 0.18549999E+02  0.49890E+04
 0.18599998E+02  0.58410E+04
 0.18650000E+02  0.66770E+04
 0.18699999E+02  0.75130E+04
 0.18749998E+02  0.83300E+04
 0.18799999E+02  0.91330E+04
 0.18849998E+02  0.99350E+04
 0.18900000E+02  0.10695E+05
 0.18949999E+02  0.11466E+05
 0.18999998E+02  0.12262E+05
 0.19049999E+02  0.13054E+05
 0.19099998E+02  0.13858E+05
 0.19150000E+02  0.14673E+05
 0.19199999E+02  0.15471E+05
 0.19249998E+02  0.16252E+05
 0.19299999E+02  0.17038E+05
 0.19349998E+02  0.17801E+05
 0.19399998E+02  0.18563E+05
 0.19449999E+02  0.19310E+05
 0.19499998E+02  0.20010E+05
 0.19549999E+02  0.20726E+05
 0.19599998E+02  0.21425E+05
 0.19649998E+02  0.22103E+05
 0.19699999E+02  0.22755E+05
 0.19749998E+02  0.23358E+05
 0.19799999E+02  0.23969E+05
 0.19849998E+02  0.24577E+05
 0.19899998E+02  0.25164E+05
 0.19949999E+02  0.25731E+05
 0.19999998E+02  0.26293E+05
 0.20049999E+02  0.26856E+05
 0.20099998E+02  0.27428E+05
 0.20149998E+02  0.27979E+05
 0.20199999E+02  0.28515E+05
 0.20249998E+02  0.29066E+05
 0.20299999E+02  0.29573E+05
 0.20349998E+02  0.30085E+05
 0.20399998E+02  0.30602E+05
 0.20449999E+02  0.31105E+05
 0.20499998E+02  0.31626E+05
 0.20549999E+02  0.32144E+05
 0.20599998E+02  0.32677E+05
 0.20649998E+02  0.33218E+05
 0.20699999E+02  0.33785E+05
 0.20749998E+02  0.34398E+05
 0.20799999E+02  0.35068E+05
 0.20849998E+02  0.35759E+05
 0.20899998E+02  0.36453E+05
 0.20949999E+02  0.37197E+05
 0.20999998E+02  0.37949E+05
 0.21049999E+02  0.38731E+05
 0.21099998E+02  0.39552E+05
 0.21149998E+02  0.40389E+05
 0.21199999E+02  0.41265E+05
 0.21249998E+02  0.42140E+05
 0.21299999E+02  0.43007E+05
 0.21349998E+02  0.43860E+05
 0.21399998E+02  0.44723E+05
 0.21449999E+02  0.45634E+05
 0.21499998E+02  0.46566E+05
 0.21549999E+02  0.47499E+05
 0.21599998E+02  0.48421E+05
 0.21649998E+02  0.49334E+05
 0.21699999E+02  0.50232E+05
 0.21749998E+02  0.51143E+05
 0.21799999E+02  0.52074E+05
 0.21849998E+02  0.52967E+05
 0.21899998E+02  0.53855E+05
 0.21949999E+02  0.54744E+05
 0.21999998E+02  0.55639E+05
 0.22049999E+02  0.56542E+05
 0.22099998E+02  0.57416E+05
 0.22149998E+02  0.58289E+05
 0.22199999E+02  0.59168E+05
 0.22249998E+02  0.60052E+05
 0.22299999E+02  0.60961E+05
 0.22349998E+02  0.61883E+05
 0.22399998E+02  0.62783E+05
 0.22449999E+02  0.63707E+05
 0.22499998E+02  0.64658E+05
 0.22549999E+02  0.65592E+05
 0.22599998E+02  0.66546E+05
 0.22649998E+02  0.67483E+05
 0.22699999E+02  0.68407E+05
 0.22749998E+02  0.69342E+05
 0.22799999E+02  0.70272E+05
 0.22849998E+02  0.71209E+05
 0.22899998E+02  0.72128E+05
 0.22949999E+02  0.73018E+05
 0.22999998E+02  0.73901E+05
 0.23049999E+02  0.74769E+05
 0.23099998E+02  0.75607E+05
 0.23149998E+02  0.76438E+05
 0.23199999E+02  0.77227E+05
 0.23249998E+02  0.77947E+05
 0.23299999E+02  0.78645E+05
 0.23349998E+02  0.79308E+05
 0.23399998E+02  0.79934E+05
 0.23449999E+02  0.80539E+05
 0.23499998E+02  0.81091E+05
 0.23549999E+02  0.81580E+05
 0.23599998E+02  0.82037E+05
 0.23649998E+02  0.82483E+05
 0.23699999E+02  0.82903E+05
 0.23749998E+02  0.83257E+05
 0.23799999E+02  0.83556E+05
 0.23849998E+02  0.83852E+05
 0.23899998E+02  0.84090E+05
 0.23949999E+02  0.84254E+05
 0.23999998E+02  0.84396E+05
 0.24049999E+02  0.84485E+05
 0.24099998E+02  0.84524E+05
 0.24149998E+02  0.84495E+05
 0.24199999E+02  0.84405E+05
 0.24249998E+02  0.84270E+05
 0.24299999E+02  0.84067E+05
 0.24349998E+02  0.83824E+05
 0.24399998E+02  0.83527E+05
 0.24449999E+02  0.83158E+05
 0.24499998E+02  0.82744E+05
 0.24549999E+02  0.82317E+05
 0.24599998E+02  0.81869E+05
 0.24649998E+02  0.81409E+05
 0.24699999E+02  0.80942E+05
 0.24749998E+02  0.80430E+05
 0.24799999E+02  0.79908E+05
 0.24849998E+02  0.79367E+05
 0.24899998E+02  0.78783E+05
 0.24949999E+02  0.78196E+05
 0.24999998E+02  0.77567E+05
 0.25049999E+02  0.76907E+05
 0.25099998E+02  0.76231E+05
 0.25149998E+02  0.75535E+05
 0.25199999E+02  0.74828E+05
 0.25249998E+02  0.74059E+05
 0.25299999E+02  0.73251E+05
 0.25349998E+02  0.72445E+05
 0.25399998E+02  0.71631E+05
 0.25449999E+02  0.70781E+05
 0.25499998E+02  0.69898E+05
 0.25549999E+02  0.68998E+05
 0.25599998E+02  0.68084E+05
 0.25649998E+02  0.67174E+05
 0.25699999E+02  0.66252E+05
 0.25749998E+02  0.65327E+05
 0.25799999E+02  0.64355E+05
 0.25849998E+02  0.63376E+05
 0.25899998E+02  0.62439E+05
 0.25949999E+02  0.61475E+05
 0.25999998E+02  0.60476E+05
 0.26049997E+02  0.59460E+05
 0.26099998E+02  0.58459E+05
 0.26149998E+02  0.57441E+05
 0.26199999E+02  0.56436E+05
 0.26249998E+02  0.55414E+05
 0.26299997E+02  0.54297E+05
 0.26349998E+02  0.53190E+05
 0.26399998E+02  0.52063E+05
 0.26449999E+02  0.50932E+05
 0.26499998E+02  0.49816E+05
 0.26549997E+02  0.48659E+05
 0.26599998E+02  0.47506E+05
 0.26649998E+02  0.46336E+05
 0.26699999E+02  0.45177E+05
 0.26749998E+02  0.44037E+05
 0.26799997E+02  0.42890E+05
 0.26849998E+02  0.41742E+05
 0.26899998E+02  0.40617E+05
 0.26949999E+02  0.39471E+05
 0.26999998E+02  0.38284E+05
 0.27049997E+02  0.37147E+05
 0.27099998E+02  0.36000E+05
 0.27149998E+02  0.34848E+05
 0.27199999E+02  0.33688E+05
 0.27249998E+02  0.32488E+05
 0.27299997E+02  0.31273E+05
 0.27349998E+02  0.29994E+05
 0.27399998E+02  0.28739E+05
 0.27449999E+02  0.27472E+05
 0.27499998E+02  0.26138E+05
 0.27549997E+02  0.24800E+05
 0.27599998E+02  0.23477E+05
 0.27649998E+02  0.22131E+05
 0.27699999E+02  0.20733E+05
 0.27749998E+02  0.19369E+05
 0.27799997E+02  0.17982E+05
 0.27849998E+02  0.16584E+05
 0.27899998E+02  0.15208E+05
 0.27949999E+02  0.13820E+05
 0.27999998E+02  0.12473E+05
 0.28049997E+02  0.11129E+05
 0.28099998E+02  0.98240E+04
 0.28149998E+02  0.85320E+04
 0.28199999E+02  0.72290E+04
 0.28249998E+02  0.59920E+04
 0.28299997E+02  0.47650E+04
 0.28349998E+02  0.35550E+04
 0.28399998E+02  0.24040E+04
 0.28449999E+02  0.12580E+04
 0.28499998E+02  0.73000E+02
 0.28549997E+02 -0.10880E+04
 0.28599998E+02 -0.22360E+04
 0.28649998E+02 -0.33930E+04
 0.28699999E+02 -0.45190E+04
 0.28749998E+02 -0.56650E+04
 0.28799997E+02 -0.68180E+04
 0.28849998E+02 -0.79790E+04
 0.28899998E+02 -0.91470E+04
 0.28949999E+02 -0.10282E+05
 0.28999998E+02 -0.11435E+05
 0.29049999E+02 -0.12617E+05
 0.29099998E+02 -0.13791E+05
 0.29149998E+02 -0.14955E+05
 0.29199997E+02 -0.16129E+05
 0.29249996E+02 -0.17283E+05
 0.29299999E+02 -0.18435E+05
 0.29349998E+02 -0.19619E+05
 0.29399998E+02 -0.20788E+05
 0.29449997E+02 -0.21957E+05
 0.29499996E+02 -0.23136E+05
 0.29549999E+02 -0.24329E+05
 0.29599998E+02 -0.25555E+05
 0.29649998E+02 -0.26773E+05
 0.29699997E+02 -0.28018E+05
 0.29749996E+02 -0.29265E+05
 0.29799999E+02 -0.30458E+05
 0.29849998E+02 -0.31687E+05
 0.29899998E+02 -0.32946E+05
 0.29949997E+02 -0.34195E+05
 0.29999996E+02 -0.35476E+05
 0.30049999E+02 -0.36757E+05
 0.30099998E+02 -0.38003E+05
 0.30149998E+02 -0.39249E+05
 0.30199997E+02 -0.40469E+05
 0.30249996E+02 -0.41673E+05
 0.30299999E+02 -0.42892E+05
 0.30349998E+02 -0.44108E+05
 0.30399998E+02 -0.45345E+05
 0.30449997E+02 -0.46525E+05
 0.30499996E+02 -0.47623E+05
 0.30549999E+02 -0.48725E+05
 0.30599998E+02 -0.49798E+05
 0.30649998E+02 -0.50829E+05
 0.30699997E+02 -0.51848E+05
 0.30749996E+02 -0.52836E+05
 0.30799999E+02 -0.53760E+05
 0.30849998E+02 -0.54689E+05
 0.30899998E+02 -0.55604E+05
 0.30949997E+02 -0.56454E+05
 0.30999996E+02 -0.57304E+05
 0.31049999E+02 -0.58116E+05
 0.31099998E+02 -0.58931E+05
 0.31149998E+02 -0.59792E+05
 0.31199997E+02 -0.60615E+05
 0.31249996E+02 -0.61400E+05
 0.31299999E+02 -0.62187E+05
 0.31349998E+02 -0.62969E+05
 0.31399998E+02 -0.63718E+05
 0.31449997E+02 -0.64403E+05
 0.31499996E+02 -0.65040E+05
 0.31549999E+02 -0.65714E+05
 0.31599998E+02 -0.66385E+05
 0.31649998E+02 -0.66999E+05
 0.31699997E+02 -0.67584E+05
 0.31749996E+02 -0.68107E+05
 0.31799999E+02 -0.68581E+05
 0.31849998E+02 -0.69032E+05
 0.31899998E+02 -0.69499E+05
 0.31949997E+02 -0.69998E+05
 0.31999996E+02 -0.70449E+05
 0.32049999E+02 -0.70870E+05
 0.32099998E+02 -0.71259E+05
 0.32149998E+02 -0.71596E+05
 0.32199997E+02 -0.71957E+05
 0.32249996E+02 -0.72324E+05
 0.32299999E+02 -0.72615E+05
 0.32349998E+02 -0.72878E+05
 0.32399998E+02 -0.73159E+05
 0.32449997E+02 -0.73413E+05
 0.32499996E+02 -0.73638E+05
 0.32549999E+02 -0.73813E+05
 0.32599998E+02 -0.73958E+05
 0.32649998E+02 -0.74095E+05
 0.32699997E+02 -0.74189E+05
 0.32749996E+02 -0.74276E+05
 0.32799999E+02 -0.74327E+05
 0.32849998E+02 -0.74325E+05
 0.32899998E+02 -0.74313E+05
 0.32949997E+02 -0.74239E+05
 0.32999996E+02 -0.74102E+05
 0.33049999E+02 -0.73964E+05
 0.33099998E+02 -0.73805E+05
 0.33149998E+02 -0.73605E+05
 0.33199997E+02 -0.73364E+05
 0.33249996E+02 -0.73071E+05
 0.33299999E+02 -0.72742E+05
 0.33349998E+02 -0.72383E+05
 0.33399998E+02 -0.71978E+05
 0.33449997E+02 -0.71542E+05
 0.33499996E+02 -0.71046E+05
 0.33549999E+02 -0.70475E+05
 0.33599998E+02 -0.69900E+05
 0.33649998E+02 -0.69302E+05
 0.33699997E+02 -0.68662E+05
 0.33749996E+02 -0.68027E+05
 0.33799999E+02 -0.67308E+05
 0.33849998E+02 -0.66486E+05
 0.33899998E+02 -0.65684E+05
 0.33949997E+02 -0.64875E+05
 0.33999996E+02 -0.64018E+05
 0.34049999E+02 -0.63149E+05
 0.34099998E+02 -0.62242E+05
 0.34149998E+02 -0.61313E+05
 0.34199997E+02 -0.60363E+05
 0.34249996E+02 -0.59375E+05
 0.34299999E+02 -0.58406E+05
 0.34349998E+02 -0.57420E+05
 0.34399998E+02 -0.56409E+05
 0.34449997E+02 -0.55373E+05
 0.34499996E+02 -0.54237E+05
 0.34549999E+02 -0.53079E+05
 0.34599998E+02 -0.51927E+05
 0.34649998E+02 -0.50751E+05
 0.34699997E+02 -0.49572E+05
 0.34749996E+02 -0.48318E+05
 0.34799999E+02 -0.46991E+05
 0.34849998E+02 -0.45636E+05
 0.34899998E+02 -0.44284E+05
 0.34949997E+02 -0.42997E+05
 0.34999996E+02 -0.41692E+05
 0.35049999E+02 -0.40330E+05
 0.35099998E+02 -0.38978E+05
 0.35149998E+02 -0.37612E+05
 0.35199997E+02 -0.36214E+05
 0.35249996E+02 -0.34844E+05
 0.35299999E+02 -0.33474E+05
 0.35349998E+02 -0.32052E+05
 0.35399998E+02 -0.30676E+05
 0.35449997E+02 -0.29353E+05
 0.35499996E+02 -0.28047E+05
 0.35549999E+02 -0.26750E+05
 0.35599998E+02 -0.25429E+05
 0.35649998E+02 -0.24130E+05
 0.35699997E+02 -0.22833E+05
 0.35749996E+02 -0.21539E+05
 0.35799999E+02 -0.20294E+05
 0.35849998E+02 -0.19050E+05
 0.35899998E+02 -0.17783E+05
 0.35949997E+02 -0.16559E+05
 0.35999996E+02 -0.15335E+05
 0.36049999E+02 -0.14055E+05
 0.36099998E+02 -0.12823E+05
 0.36149998E+02 -0.11602E+05
 0.36199997E+02 -0.10355E+05
 0.36249996E+02 -0.91490E+04
 0.36299999E+02 -0.79240E+04
 0.36349998E+02 -0.66990E+04
 0.36399998E+02 -0.55050E+04
 0.36449997E+02 -0.43490E+04
 0.36499996E+02 -0.32250E+04
 0.36549999E+02 -0.21050E+04
 0.36599998E+02 -0.10620E+04
 0.36649998E+02 -0.52000E+02
 0.36699997E+02  0.96900E+03
 0.36749996E+02  0.19440E+04
 0.36799999E+02  0.28450E+04
 0.36849998E+02  0.37440E+04
 0.36899998E+02  0.46150E+04
 0.36949997E+02  0.53770E+04
 0.36999996E+02  0.61500E+04
 0.37049999E+02  0.69130E+04
 0.37099998E+02  0.76370E+04
 0.37149998E+02  0.83400E+04
 0.37199997E+02  0.89870E+04
 0.37249996E+02  0.96370E+04
 0.37299999E+02  0.10249E+05
 0.37349998E+02  0.10820E+05
 0.37399998E+02  0.11379E+05
 0.37449997E+02  0.11864E+05
 0.37499996E+02  0.12318E+05
 0.37549999E+02  0.12798E+05
 0.37599998E+02  0.13273E+05
 0.37649998E+02  0.13734E+05
 0.37699997E+02  0.14178E+05
 0.37749996E+02  0.14610E+05
 0.37799999E+02  0.15040E+05
 0.37849998E+02  0.15475E+05
 0.37899998E+02  0.15944E+05
 0.37949997E+02  0.16404E+05
 0.37999996E+02  0.16812E+05
 0.38049999E+02  0.17252E+05
 0.38099998E+02  0.17712E+05
 0.38149998E+02  0.18124E+05
 0.38199997E+02  0.18584E+05
 0.38249996E+02  0.19090E+05
 0.38299999E+02  0.19562E+05
 0.38349998E+02  0.20057E+05
 0.38399998E+02  0.20615E+05
 0.38449997E+02  0.21125E+05
 0.38499996E+02  0.21604E+05
 0.38549999E+02  0.22173E+05
 0.38599998E+02  0.22743E+05
 0.38649998E+02  0.23298E+05
 0.38699997E+02  0.23881E+05
 0.38749996E+02  0.24452E+05
 0.38799999E+02  0.25028E+05
 0.38849998E+02  0.25582E+05
 0.38899998E+02  0.26123E+05
 0.38949997E+02  0.26665E+05
 0.38999996E+02  0.27155E+05
 0.39049999E+02  0.27636E+05
 0.39099998E+02  0.28131E+05
 0.39149998E+02  0.28586E+05
 0.39199997E+02  0.29021E+05
 0.39249996E+02  0.29450E+05
 0.39299999E+02  0.29881E+05
 0.39349998E+02  0.30301E+05
 0.39399998E+02  0.30707E+05
 0.39449997E+02  0.31126E+05
 0.39499996E+02  0.31505E+05
 0.39549999E+02  0.31878E+05
 0.39599998E+02  0.32290E+05
 0.39649998E+02  0.32673E+05
 0.39699997E+02  0.33059E+05
 0.39749996E+02  0.33481E+05
 0.39799999E+02  0.33881E+05
 0.39849998E+02  0.34278E+05
 0.39899998E+02  0.34710E+05
 0.39949997E+02  0.35113E+05
 0.39999996E+02  0.35439E+05
 0.40049999E+02  0.35765E+05
 0.40099998E+02  0.36085E+05
 0.40149998E+02  0.36375E+05
 0.40199997E+02  0.36645E+05
 0.40249996E+02  0.36855E+05
 0.40299999E+02  0.37027E+05
 0.40349998E+02  0.37165E+05
 0.40399998E+02  0.37282E+05
 0.40449997E+02  0.37387E+05
 0.40499996E+02  0.37412E+05
 0.40549999E+02  0.37401E+05
 0.40599998E+02  0.37393E+05
 0.40649998E+02  0.37315E+05
 0.40699997E+02  0.37191E+05
 0.40749996E+02  0.37090E+05
 0.40799999E+02  0.36984E+05
 0.40849998E+02  0.36840E+05
 0.40899998E+02  0.36675E+05
 0.40949997E+02  0.36492E+05
 0.40999996E+02  0.36297E+05
 0.41049999E+02  0.36100E+05
 0.41099998E+02  0.35897E+05
 0.41149998E+02  0.35696E+05
 0.41199997E+02  0.35487E+05
 0.41249996E+02  0.35332E+05
 0.41299999E+02  0.35225E+05
 0.41349998E+02  0.35121E+05
 0.41399998E+02  0.35089E+05
 0.41449997E+02  0.35108E+05
 0.41499996E+02  0.35145E+05
 0.41549999E+02  0.35248E+05
 0.41599998E+02  0.35400E+05
 0.41649998E+02  0.35580E+05
 0.41699997E+02  0.35797E+05
 0.41749996E+02  0.36044E+05
 0.41799995E+02  0.36353E+05
 0.41849998E+02  0.36717E+05
 0.41899998E+02  0.37137E+05
 0.41949997E+02  0.37619E+05
 0.41999996E+02  0.38116E+05
 0.42049995E+02  0.38632E+05
 0.42099998E+02  0.39225E+05
 0.42149998E+02  0.39855E+05
 0.42199997E+02  0.40480E+05
 0.42249996E+02  0.41181E+05
 0.42299995E+02  0.41905E+05
 0.42349998E+02  0.42625E+05
 0.42399998E+02  0.43388E+05
 0.42449997E+02  0.44169E+05
 0.42499996E+02  0.44968E+05
 0.42549995E+02  0.45748E+05
 0.42599998E+02  0.46545E+05
 0.42649998E+02  0.47372E+05
 0.42699997E+02  0.48137E+05
 0.42749996E+02  0.48885E+05
 0.42799995E+02  0.49660E+05
 0.42849998E+02  0.50371E+05
 0.42899998E+02  0.51061E+05
 0.42949997E+02  0.51781E+05
 0.42999996E+02  0.52445E+05
 0.43049995E+02  0.53078E+05
 0.43099998E+02  0.53716E+05
 0.43149998E+02  0.54302E+05
 0.43199997E+02  0.54824E+05
 0.43249996E+02  0.55303E+05
 0.43299995E+02  0.55742E+05
 0.43349998E+02  0.56139E+05
 0.43399998E+02  0.56502E+05
 0.43449997E+02  0.56865E+05
 0.43499996E+02  0.57219E+05
 0.43549995E+02  0.57495E+05
 0.43599998E+02  0.57753E+05
 0.43649998E+02  0.58003E+05
 0.43699997E+02  0.58173E+05
 0.43749996E+02  0.58343E+05
 0.43799995E+02  0.58522E+05
 0.43849998E+02  0.58647E+05
 0.43899998E+02  0.58729E+05
 0.43949997E+02  0.58779E+05
 0.43999996E+02  0.58775E+05
 0.44049995E+02  0.58704E+05
 0.44099998E+02  0.58600E+05
 0.44149998E+02  0.58474E+05
 0.44199997E+02  0.58287E+05
 0.44249996E+02  0.58046E+05
 0.44299995E+02  0.57810E+05
 0.44349998E+02  0.57512E+05
 0.44399998E+02  0.57120E+05
 0.44449997E+02  0.56730E+05
 0.44499996E+02  0.56329E+05
 0.44549995E+02  0.55882E+05
 0.44599998E+02  0.55377E+05
 0.44649998E+02  0.54822E+05
 0.44699997E+02  0.54222E+05
 0.44749996E+02  0.53568E+05
 0.44799995E+02  0.52896E+05
 0.44849998E+02  0.52190E+05
 0.44899998E+02  0.51412E+05
 0.44949997E+02  0.50594E+05
 0.44999996E+02  0.49761E+05
 0.45049995E+02  0.48871E+05
 0.45099998E+02  0.47945E+05
 0.45149998E+02  0.47024E+05
 0.45199997E+02  0.46029E+05
 0.45249996E+02  0.44962E+05
 0.45299995E+02  0.43893E+05
 0.45349998E+02  0.42825E+05
 0.45399998E+02  0.41689E+05
 0.45449997E+02  0.40507E+05
 0.45499996E+02  0.39304E+05
 0.45549995E+02  0.38015E+05
 0.45599998E+02  0.36672E+05
 0.45649998E+02  0.35274E+05
 0.45699997E+02  0.33804E+05
 0.45749996E+02  0.32254E+05
 0.45799995E+02  0.30668E+05
 0.45849998E+02  0.29049E+05
 0.45899998E+02  0.27324E+05
 0.45949997E+02  0.25599E+05
 0.45999996E+02  0.23856E+05
 0.46049995E+02  0.22033E+05
 0.46099998E+02  0.20212E+05
 0.46149998E+02  0.18386E+05
 0.46199997E+02  0.16536E+05
 0.46249996E+02  0.14625E+05
 0.46299995E+02  0.12693E+05
 0.46349998E+02  0.10785E+05
 0.46399998E+02  0.88580E+04
 0.46449997E+02  0.69600E+04
 0.46499996E+02  0.50630E+04
 0.46549995E+02  0.31250E+04
 0.46599998E+02  0.11860E+04
 0.46649998E+02 -0.69800E+03
 0.46699997E+02 -0.25330E+04
 0.46749996E+02 -0.43940E+04
 0.46799995E+02 -0.62140E+04
 0.46849998E+02 -0.79820E+04
 0.46899998E+02 -0.97520E+04
 0.46949997E+02 -0.11497E+05
 0.46999996E+02 -0.13189E+05
 0.47049995E+02 -0.14874E+05
 0.47099998E+02 -0.16536E+05
 0.47149998E+02 -0.18137E+05
 0.47199997E+02 -0.19725E+05
 0.47249996E+02 -0.21302E+05
 0.47299995E+02 -0.22887E+05
 0.47349998E+02 -0.24428E+05
 0.47399998E+02 -0.25923E+05
 0.47449997E+02 -0.27426E+05
 0.47499996E+02 -0.28887E+05
 0.47549995E+02 -0.30360E+05
 0.47599998E+02 -0.31856E+05
 0.47649998E+02 -0.33318E+05
 0.47699997E+02 -0.34752E+05
 0.47749996E+02 -0.36168E+05
 0.47799995E+02 -0.37569E+05
 0.47849998E+02 -0.38949E+05
 0.47899998E+02 -0.40328E+05
 0.47949997E+02 -0.41666E+05
 0.47999996E+02 -0.42939E+05
 0.48049995E+02 -0.44200E+05
 0.48099998E+02 -0.45455E+05
 0.48149998E+02 -0.46682E+05
 0.48199997E+02 -0.47848E+05
 0.48249996E+02 -0.48960E+05
 0.48299995E+02 -0.50042E+05
 0.48349998E+02 -0.51057E+05
 0.48399998E+02 -0.52017E+05
 0.48449997E+02 -0.52974E+05
 0.48499996E+02 -0.53886E+05
 0.48549995E+02 -0.54707E+05
 0.48599998E+02 -0.55454E+05
 0.48649998E+02 -0.56124E+05
 0.48699997E+02 -0.56742E+05
 0.48749996E+02 -0.57298E+05
 0.48799995E+02 -0.57799E+05
 0.48849998E+02 -0.58255E+05
 0.48899998E+02 -0.58640E+05
 0.48949997E+02 -0.59000E+05
 0.48999996E+02 -0.59274E+05
 0.49049995E+02 -0.59494E+05
 0.49099998E+02 -0.59719E+05
 0.49149998E+02 -0.59882E+05
 0.49199997E+02 -0.60035E+05
 0.49249996E+02 -0.60163E+05
 0.49299995E+02 -0.60257E+05
 0.49349998E+02 -0.60353E+05
 0.49399998E+02 -0.60416E+05
 0.49449997E+02 -0.60433E+05
 0.49499996E+02 -0.60417E+05
 0.49549995E+02 -0.60364E+05
 0.49599998E+02 -0.60273E+05
 0.49649998E+02 -0.60183E+05
 0.49699997E+02 -0.60044E+05
 0.49749996E+02 -0.59859E+05
 0.49799995E+02 -0.59640E+05
 0.49849998E+02 -0.59391E+05
 0.49899998E+02 -0.59143E+05
 0.49949997E+02 -0.58877E+05
 0.49999996E+02 -0.58594E+05
 0.50049995E+02 -0.58241E+05
 0.50099998E+02 -0.57862E+05
 0.50149998E+02 -0.57471E+05
 0.50199997E+02 -0.57059E+05
 0.50249996E+02 -0.56667E+05
 0.50299995E+02 -0.56247E+05
 0.50349998E+02 -0.55805E+05
 0.50399998E+02 -0.55313E+05
 0.50449997E+02 -0.54803E+05
 0.50499996E+02 -0.54277E+05
 0.50549995E+02 -0.53690E+05
 0.50599998E+02 -0.53120E+05
 0.50649998E+02 -0.52554E+05
 0.50699997E+02 -0.51966E+05
 0.50749996E+02 -0.51376E+05
 0.50799995E+02 -0.50789E+05
 0.50849998E+02 -0.50172E+05
 0.50899998E+02 -0.49535E+05
 0.50949997E+02 -0.48962E+05
 0.50999996E+02 -0.48424E+05
 0.51049995E+02 -0.47890E+05
 0.51099998E+02 -0.47368E+05
 0.51149998E+02 -0.46850E+05
 0.51199997E+02 -0.46336E+05
 0.51249996E+02 -0.45848E+05
 0.51299995E+02 -0.45451E+05
 0.51349998E+02 -0.45101E+05
 0.51399998E+02 -0.44790E+05
 0.51449997E+02 -0.44524E+05
 0.51499996E+02 -0.44271E+05
 0.51549995E+02 -0.44080E+05
 0.51599998E+02 -0.43956E+05
 0.51649998E+02 -0.43921E+05
 0.51699997E+02 -0.43974E+05
 0.51749996E+02 -0.44073E+05
 0.51799995E+02 -0.44214E+05
 0.51849998E+02 -0.44405E+05
 0.51899998E+02 -0.44662E+05
 0.51949997E+02 -0.44998E+05
 0.51999996E+02 -0.45385E+05
 0.52049995E+02 -0.45815E+05
 0.52099998E+02 -0.46316E+05
 0.52149998E+02 -0.46850E+05
 0.52199997E+02 -0.47412E+05
 0.52249996E+02 -0.48045E+05
 0.52299995E+02 -0.48717E+05
 0.52349998E+02 -0.49444E+05
 0.52399998E+02 -0.50241E+05
 0.52449997E+02 -0.51073E+05
 0.52499996E+02 -0.51955E+05
 0.52549995E+02 -0.52864E+05
 0.52599998E+02 -0.53792E+05
 0.52649998E+02 -0.54790E+05
 0.52699997E+02 -0.55823E+05
 0.52749996E+02 -0.56847E+05
 0.52799995E+02 -0.57893E+05
 0.52849998E+02 -0.58963E+05
 0.52899998E+02 -0.60060E+05
 0.52949997E+02 -0.61178E+05
 0.52999996E+02 -0.62305E+05
 0.53049995E+02 -0.63463E+05
 0.53099998E+02 -0.64620E+05
 0.53149998E+02 -0.65758E+05
 0.53199997E+02 -0.66880E+05
 0.53249996E+02 -0.68010E+05
 0.53299995E+02 -0.69168E+05
 0.53349998E+02 -0.70315E+05
 0.53399998E+02 -0.71444E+05
 0.53449997E+02 -0.72541E+05
 0.53499996E+02 -0.73591E+05
 0.53549995E+02 -0.74584E+05
 0.53599998E+02 -0.75540E+05
 0.53649998E+02 -0.76483E+05
 0.53699997E+02 -0.77379E+05
 0.53749996E+02 -0.78262E+05
 0.53799995E+02 -0.79117E+05
 0.53849998E+02 -0.79900E+05
 0.53899998E+02 -0.80640E+05
 0.53949997E+02 -0.81330E+05
 0.53999996E+02 -0.81979E+05
 0.54049995E+02 -0.82577E+05
 0.54099998E+02 -0.83105E+05
 0.54149998E+02 -0.83591E+05
 0.54199997E+02 -0.84026E+05
 0.54249996E+02 -0.84398E+05
 0.54299995E+02 -0.84716E+05
 0.54349998E+02 -0.84961E+05
 0.54399998E+02 -0.85125E+05
 0.54449997E+02 -0.85228E+05
 0.54499996E+02 -0.85240E+05
 0.54549995E+02 -0.85182E+05
 0.54599998E+02 -0.85085E+05
 0.54649998E+02 -0.84910E+05
 0.54699997E+02 -0.84665E+05
 0.54749996E+02 -0.84370E+05
 0.54799995E+02 -0.84012E+05
 0.54849995E+02 -0.83585E+05
 0.54899998E+02 -0.83097E+05
 0.54949997E+02 -0.82532E+05
 0.54999996E+02 -0.81915E+05
 0.55049995E+02 -0.81247E+05
 0.55099995E+02 -0.80511E+05
 0.55149998E+02 -0.79737E+05
 0.55199997E+02 -0.78915E+05
 0.55249996E+02 -0.78042E+05
 0.55299995E+02 -0.77130E+05
 0.55349995E+02 -0.76171E+05
 0.55399998E+02 -0.75159E+05
 0.55449997E+02 -0.74110E+05
 0.55499996E+02 -0.73008E+05
 0.55549995E+02 -0.71836E+05
 0.55599995E+02 -0.70631E+05
 0.55649998E+02 -0.69382E+05
 0.55699997E+02 -0.68070E+05
 0.55749996E+02 -0.66716E+05
 0.55799995E+02 -0.65321E+05
 0.55849995E+02 -0.63900E+05
 0.55899998E+02 -0.62460E+05
 0.55949997E+02 -0.61000E+05
 0.55999996E+02 -0.59501E+05
 0.56049995E+02 -0.57933E+05
 0.56099995E+02 -0.56336E+05
 0.56149998E+02 -0.54726E+05
 0.56199997E+02 -0.53083E+05
 0.56249996E+02 -0.51442E+05
 0.56299995E+02 -0.49743E+05
 0.56349995E+02 -0.47973E+05
 0.56399998E+02 -0.46198E+05
 0.56449997E+02 -0.44388E+05
 0.56499996E+02 -0.42578E+05
 0.56549995E+02 -0.40739E+05
 0.56599995E+02 -0.38866E+05
 0.56649998E+02 -0.36997E+05
 0.56699997E+02 -0.35081E+05
 0.56749996E+02 -0.33154E+05
 0.56799995E+02 -0.31261E+05
 0.56849995E+02 -0.29388E+05
 0.56899998E+02 -0.27527E+05
 0.56949997E+02 -0.25722E+05
 0.56999996E+02 -0.23919E+05
 0.57049995E+02 -0.22067E+05
 0.57099995E+02 -0.20236E+05
 0.57149998E+02 -0.18436E+05
 0.57199997E+02 -0.16670E+05
 0.57249996E+02 -0.14921E+05
 0.57299995E+02 -0.13185E+05
 0.57349995E+02 -0.11485E+05
 0.57399998E+02 -0.97890E+04
 0.57449997E+02 -0.81330E+04
 0.57499996E+02 -0.65300E+04
 0.57549995E+02 -0.49460E+04
 0.57599995E+02 -0.33980E+04
 0.57649998E+02 -0.18970E+04
 0.57699997E+02 -0.41900E+03
 0.57749996E+02  0.10540E+04
 0.57799995E+02  0.24840E+04
 0.57849995E+02  0.38720E+04
 0.57899998E+02  0.51770E+04
 0.57949997E+02  0.64220E+04
 0.57999996E+02  0.76610E+04
 0.58049995E+02  0.88370E+04
 0.58099995E+02  0.10028E+05
 0.58149998E+02  0.11180E+05
 0.58199997E+02  0.12250E+05
 0.58249996E+02  0.13316E+05
 0.58299995E+02  0.14290E+05
 0.58349995E+02  0.15231E+05
 0.58399998E+02  0.16127E+05
 0.58449997E+02  0.16952E+05
 0.58499996E+02  0.17802E+05
 0.58549995E+02  0.18635E+05
 0.58599995E+02  0.19428E+05
 0.58649998E+02  0.20145E+05
 0.58699997E+02  0.20800E+05
 0.58749996E+02  0.21456E+05
 0.58799995E+02  0.22143E+05
 0.58849995E+02  0.22818E+05
 0.58899998E+02  0.23444E+05
 0.58949997E+02  0.24096E+05
 0.58999996E+02  0.24732E+05
 0.59049995E+02  0.25345E+05
 0.59099995E+02  0.25982E+05
 0.59149998E+02  0.26620E+05
 0.59199997E+02  0.27276E+05
 0.59249996E+02  0.27914E+05
 0.59299995E+02  0.28550E+05
 0.59349995E+02  0.29240E+05
 0.59399998E+02  0.29932E+05
 0.59449997E+02  0.30629E+05
 0.59499996E+02  0.31360E+05
 0.59549995E+02  0.32113E+05
 0.59599995E+02  0.32887E+05
 0.59649998E+02  0.33716E+05
 0.59699997E+02  0.34583E+05
 0.59749996E+02  0.35476E+05
 0.59799995E+02  0.36418E+05
 0.59849995E+02  0.37359E+05
 0.59899998E+02  0.38333E+05
 0.59949997E+02  0.39343E+05
 0.59999996E+02  0.40371E+05
 0.60049995E+02  0.41449E+05
 0.60099995E+02  0.42535E+05
 0.60149998E+02  0.43635E+05
 0.60199997E+02  0.44739E+05
 0.60249996E+02  0.45863E+05
 0.60299995E+02  0.47044E+05
 0.60349995E+02  0.48217E+05
 0.60399998E+02  0.49362E+05
 0.60449997E+02  0.50512E+05
 0.60499996E+02  0.51644E+05
 0.60549995E+02  0.52757E+05
 0.60599995E+02  0.53894E+05
 0.60649998E+02  0.55002E+05
 0.60699997E+02  0.56050E+05
 0.60749996E+02  0.57085E+05
 0.60799995E+02  0.58094E+05
 0.60849995E+02  0.59075E+05
 0.60899998E+02  0.60047E+05
 0.60949997E+02  0.60967E+05
 0.60999996E+02  0.61847E+05
 0.61049995E+02  0.62759E+05
 0.61099998E+02  0.63675E+05
 0.61149994E+02  0.64598E+05
 0.61199997E+02  0.65546E+05
 0.61249992E+02  0.66442E+05
 0.61299995E+02  0.67299E+05
 0.61349998E+02  0.68135E+05
 0.61399994E+02  0.68984E+05
 0.61449997E+02  0.69854E+05
 0.61499992E+02  0.70673E+05
 0.61549995E+02  0.71463E+05
 0.61599998E+02  0.72228E+05
 0.61649994E+02  0.72977E+05
 0.61699997E+02  0.73738E+05
 0.61749992E+02  0.74497E+05
 0.61799995E+02  0.75238E+05
 0.61849998E+02  0.75941E+05
 0.61899994E+02  0.76601E+05
 0.61949997E+02  0.77243E+05
 0.61999992E+02  0.77887E+05
 0.62049995E+02  0.78520E+05
 0.62099998E+02  0.79155E+05
 0.62149994E+02  0.79786E+05
 0.62199997E+02  0.80352E+05
 0.62249992E+02  0.80885E+05
 0.62299995E+02  0.81404E+05
 0.62349998E+02  0.81893E+05
 0.62399994E+02  0.82391E+05
 0.62449997E+02  0.82847E+05
 0.62499992E+02  0.83246E+05
 0.62549995E+02  0.83634E+05
 0.62599998E+02  0.84004E+05
 0.62649994E+02  0.84350E+05
 0.62699997E+02  0.84672E+05
 0.62749992E+02  0.84949E+05
 0.62799995E+02  0.85185E+05
 0.62849998E+02  0.85379E+05
 0.62899994E+02  0.85496E+05
 0.62949997E+02  0.85599E+05
 0.62999992E+02  0.85663E+05
 0.63049995E+02  0.85610E+05
 0.63099998E+02  0.85518E+05
 0.63149994E+02  0.85395E+05
 0.63199997E+02  0.85220E+05
 0.63249992E+02  0.84984E+05
 0.63299995E+02  0.84678E+05
 0.63349998E+02  0.84349E+05
 0.63399994E+02  0.83954E+05
 0.63449997E+02  0.83508E+05
 0.63499992E+02  0.83015E+05
 0.63549995E+02  0.82416E+05
 0.63599998E+02  0.81793E+05
 0.63649994E+02  0.81147E+05
 0.63699997E+02  0.80428E+05
 0.63749992E+02  0.79672E+05
 0.63799995E+02  0.78863E+05
 0.63849998E+02  0.77970E+05
 0.63899994E+02  0.77051E+05
 0.63949997E+02  0.76121E+05
 0.63999992E+02  0.75124E+05
 0.64049995E+02  0.74113E+05
 0.64099998E+02  0.73104E+05
 0.64149994E+02  0.72060E+05
 0.64199997E+02  0.70997E+05
 0.64249992E+02  0.69862E+05
 0.64299995E+02  0.68646E+05
 0.64349998E+02  0.67426E+05
 0.64399994E+02  0.66156E+05
 0.64449997E+02  0.64853E+05
 0.64499992E+02  0.63534E+05
 0.64549995E+02  0.62132E+05
 0.64599998E+02  0.60697E+05
 0.64649994E+02  0.59247E+05
 0.64699997E+02  0.57763E+05
 0.64749992E+02  0.56271E+05
 0.64799995E+02  0.54754E+05
 0.64849998E+02  0.53225E+05
 0.64899994E+02  0.51688E+05
 0.64949997E+02  0.50129E+05
 0.64999992E+02  0.48563E+05
 0.65049995E+02  0.46974E+05
 0.65099998E+02  0.45381E+05
 0.65149994E+02  0.43833E+05
 0.65199997E+02  0.42311E+05
 0.65249992E+02  0.40805E+05
 0.65299995E+02  0.39316E+05
 0.65349998E+02  0.37832E+05
 0.65399994E+02  0.36383E+05
 0.65449997E+02  0.34993E+05
 0.65499992E+02  0.33636E+05
 0.65549995E+02  0.32309E+05
 0.65599998E+02  0.31033E+05
 0.65649994E+02  0.29815E+05
 0.65699997E+02  0.28659E+05
 0.65749992E+02  0.27538E+05
 0.65799995E+02  0.26447E+05
 0.65849998E+02  0.25444E+05
 0.65899994E+02  0.24493E+05
 0.65949997E+02  0.23575E+05
 0.65999992E+02  0.22736E+05
 0.66049995E+02  0.21940E+05
 0.66099998E+02  0.21169E+05
 0.66149994E+02  0.20433E+05
 0.66199997E+02  0.19763E+05
 0.66249992E+02  0.19180E+05
 0.66299995E+02  0.18648E+05
 0.66349998E+02  0.18193E+05
 0.66399994E+02  0.17806E+05
 0.66449997E+02  0.17439E+05
 0.66499992E+02  0.17106E+05
 0.66549995E+02  0.16824E+05
 0.66599998E+02  0.16569E+05
 0.66649994E+02  0.16354E+05
 0.66699997E+02  0.16185E+05
 0.66749992E+02  0.16059E+05
 0.66799995E+02  0.16007E+05
 0.66849998E+02  0.15959E+05
 0.66899994E+02  0.15896E+05
 0.66949997E+02  0.15876E+05
 0.66999992E+02  0.15845E+05
 0.67049995E+02  0.15857E+05
 0.67099998E+02  0.15953E+05
 0.67149994E+02  0.16044E+05
 0.67199997E+02  0.16173E+05
 0.67249992E+02  0.16364E+05
 0.67299995E+02  0.16521E+05
 0.67349998E+02  0.16701E+05
 0.67399994E+02  0.16947E+05
 0.67449997E+02  0.17173E+05
 0.67499992E+02  0.17417E+05
 0.67549995E+02  0.17671E+05
 0.67599998E+02  0.17929E+05
 0.67649994E+02  0.18241E+05
 0.67699997E+02  0.18580E+05
 0.67749992E+02  0.18950E+05
 0.67799995E+02  0.19353E+05
 0.67849998E+02  0.19781E+05
 0.67899994E+02  0.20209E+05
 0.67949997E+02  0.20658E+05
 0.67999992E+02  0.21148E+05
 0.68049995E+02  0.21663E+05
 0.68099998E+02  0.22216E+05
 0.68149994E+02  0.22808E+05
 0.68199997E+02  0.23451E+05
 0.68249992E+02  0.24127E+05
 0.68299995E+02  0.24830E+05
 0.68349998E+02  0.25530E+05
 0.68399994E+02  0.26215E+05
 0.68449997E+02  0.26985E+05
 0.68499992E+02  0.27783E+05
 0.68549995E+02  0.28580E+05
 0.68599998E+02  0.29443E+05
 0.68649994E+02  0.30305E+05
 0.68699997E+02  0.31150E+05
 0.68749992E+02  0.32031E+05
 0.68799995E+02  0.32902E+05
 0.68849998E+02  0.33726E+05
 0.68899994E+02  0.34553E+05
 0.68949997E+02  0.35344E+05
 0.68999992E+02  0.36072E+05
 0.69049995E+02  0.36748E+05
 0.69099998E+02  0.37359E+05
 0.69149994E+02  0.37952E+05
 0.69199997E+02  0.38491E+05
 0.69249992E+02  0.38964E+05
 0.69299995E+02  0.39386E+05
 0.69349998E+02  0.39714E+05
 0.69399994E+02  0.39973E+05
 0.69449997E+02  0.40192E+05
 0.69499992E+02  0.40345E+05
 0.69549995E+02  0.40433E+05
 0.69599998E+02  0.40450E+05
 0.69649994E+02  0.40388E+05
 0.69699997E+02  0.40243E+05
 0.69749992E+02  0.40003E+05
 0.69799995E+02  0.39672E+05
 0.69849998E+02  0.39223E+05
 0.69899994E+02  0.38654E+05
 0.69949997E+02  0.38007E+05
 0.69999992E+02  0.37279E+05
 0.70049995E+02  0.36425E+05
 0.70099998E+02  0.35460E+05
 0.70149994E+02  0.34409E+05
 0.70199997E+02  0.33275E+05
 0.70249992E+02  0.32068E+05
 0.70299995E+02  0.30759E+05
 0.70349998E+02  0.29355E+05
 0.70399994E+02  0.27869E+05
 0.70449997E+02  0.26305E+05
 0.70499992E+02  0.24680E+05
 0.70549995E+02  0.22955E+05
 0.70599998E+02  0.21107E+05
 0.70649994E+02  0.19186E+05
 0.70699997E+02  0.17212E+05
 0.70749992E+02  0.15182E+05
 0.70799995E+02  0.13109E+05
 0.70849998E+02  0.10993E+05
 0.70899994E+02  0.88130E+04
 0.70949997E+02  0.66020E+04
 0.70999992E+02  0.43500E+04
 0.71049995E+02  0.20410E+04
 0.71099998E+02 -0.28200E+03
 0.71149994E+02 -0.26420E+04
 0.71199997E+02 -0.50170E+04
 0.71249992E+02 -0.73940E+04
 0.71299995E+02 -0.97740E+04
 0.71349998E+02 -0.12161E+05
 0.71399994E+02 -0.14599E+05
 0.71449997E+02 -0.17012E+05
 0.71499992E+02 -0.19391E+05
 0.71549995E+02 -0.21806E+05
 0.71599998E+02 -0.24216E+05
 0.71649994E+02 -0.26609E+05
 0.71699997E+02 -0.29000E+05
 0.71749992E+02 -0.31357E+05
 0.71799995E+02 -0.33695E+05
 0.71849998E+02 -0.36014E+05
 0.71899994E+02 -0.38307E+05
 0.71949997E+02 -0.40585E+05
 0.71999992E+02 -0.42839E+05
 0.72049995E+02 -0.45086E+05
 0.72099998E+02 -0.47330E+05
 0.72149994E+02 -0.49544E+05
 0.72199997E+02 -0.51735E+05
 0.72249992E+02 -0.53905E+05
 0.72299995E+02 -0.56011E+05
 0.72349998E+02 -0.58080E+05
 0.72399994E+02 -0.60147E+05
 0.72449997E+02 -0.62186E+05
 0.72499992E+02 -0.64217E+05
 0.72549995E+02 -0.66238E+05
 0.72599998E+02 -0.68220E+05
 0.72649994E+02 -0.70148E+05
 0.72699997E+02 -0.72056E+05
 0.72749992E+02 -0.73935E+05
 0.72799995E+02 -0.75730E+05
 0.72849998E+02 -0.77474E+05
 0.72899994E+02 -0.79173E+05
 0.72949997E+02 -0.80815E+05
 0.72999992E+02 -0.82381E+05
 0.73049995E+02 -0.83872E+05
 0.73099998E+02 -0.85305E+05
 0.73149994E+02 -0.86652E+05
 0.73199997E+02 -0.87941E+05
 0.73249992E+02 -0.89168E+05
 0.73299995E+02 -0.90308E+05
 0.73349998E+02 -0.91383E+05
 0.73399994E+02 -0.92397E+05
 0.73449997E+02 -0.93339E+05
 0.73499992E+02 -0.94228E+05
 0.73549995E+02 -0.95049E+05
 0.73599998E+02 -0.95811E+05
 0.73649994E+02 -0.96534E+05
 0.73699997E+02 -0.97157E+05
 0.73749992E+02 -0.97705E+05
 0.73799995E+02 -0.98197E+05
 0.73849998E+02 -0.98615E+05
 0.73899994E+02 -0.98984E+05
 0.73949997E+02 -0.99286E+05
 0.73999992E+02 -0.99496E+05
 0.74049995E+02 -0.99629E+05
 0.74099998E+02 -0.99695E+05
 0.74149994E+02 -0.99693E+05
 0.74199997E+02 -0.99624E+05
 0.74249992E+02 -0.99488E+05
 0.74299995E+02 -0.99280E+05
 0.74349998E+02 -0.98972E+05
 0.74399994E+02 -0.98597E+05
 0.74449997E+02 -0.98187E+05
 0.74499992E+02 -0.97681E+05
 0.74549995E+02 -0.97089E+05
 0.74599998E+02 -0.96463E+05
 0.74649994E+02 -0.95760E+05
 0.74699997E+02 -0.94984E+05
 0.74749992E+02 -0.94165E+05
 0.74799995E+02 -0.93255E+05
 0.74849998E+02 -0.92297E+05
 0.74899994E+02 -0.91330E+05
 0.74949997E+02 -0.90325E+05
 0.74999992E+02 -0.89299E+05
 0.75049995E+02 -0.88225E+05
 0.75099998E+02 -0.87086E+05
 0.75149994E+02 -0.85945E+05
 0.75199997E+02 -0.84790E+05
 0.75249992E+02 -0.83599E+05
 0.75299995E+02 -0.82402E+05
 0.75349998E+02 -0.81167E+05
 0.75399994E+02 -0.79888E+05
 0.75449997E+02 -0.78600E+05
 0.75499992E+02 -0.77244E+05
 0.75549995E+02 -0.75836E+05
 0.75599998E+02 -0.74447E+05
 0.75649994E+02 -0.73046E+05
 0.75699997E+02 -0.71621E+05
 0.75749992E+02 -0.70158E+05
 0.75799995E+02 -0.68647E+05
 0.75849998E+02 -0.67109E+05
 0.75899994E+02 -0.65537E+05
 0.75949997E+02 -0.63951E+05
 0.75999992E+02 -0.62360E+05
 0.76049995E+02 -0.60733E+05
 0.76099998E+02 -0.59093E+05
 0.76149994E+02 -0.57428E+05
 0.76199997E+02 -0.55727E+05
 0.76249992E+02 -0.54001E+05
 0.76299995E+02 -0.52208E+05
 0.76349998E+02 -0.50404E+05
 0.76399994E+02 -0.48598E+05
 0.76449997E+02 -0.46790E+05
 0.76499992E+02 -0.44970E+05
 0.76549995E+02 -0.43136E+05
 0.76599998E+02 -0.41333E+05
 0.76649994E+02 -0.39536E+05
 0.76699997E+02 -0.37751E+05
 0.76749992E+02 -0.35971E+05
 0.76799995E+02 -0.34212E+05
 0.76849998E+02 -0.32435E+05
 0.76899994E+02 -0.30632E+05
 0.76949997E+02 -0.28897E+05
 0.76999992E+02 -0.27213E+05
 0.77049995E+02 -0.25561E+05
 0.77099998E+02 -0.23951E+05
 0.77149994E+02 -0.22363E+05
 0.77199997E+02 -0.20805E+05
 0.77249992E+02 -0.19299E+05
 0.77299995E+02 -0.17828E+05
 0.77349998E+02 -0.16392E+05
 0.77399994E+02 -0.15004E+05
 0.77449997E+02 -0.13691E+05
 0.77499992E+02 -0.12486E+05
 0.77549995E+02 -0.11324E+05
 0.77599998E+02 -0.10194E+05
 0.77649994E+02 -0.91130E+04
 0.77699997E+02 -0.80570E+04
 0.77749992E+02 -0.70920E+04
 0.77799995E+02 -0.62080E+04
 0.77849998E+02 -0.53990E+04
 0.77899994E+02 -0.46690E+04
 0.77949997E+02 -0.39820E+04
 0.77999992E+02 -0.33560E+04
 0.78049995E+02 -0.27920E+04
 0.78099998E+02 -0.22720E+04
 0.78149994E+02 -0.18320E+04
 0.78199997E+02 -0.14850E+04
 0.78249992E+02 -0.11600E+04
 0.78299995E+02 -0.87800E+03
 0.78349998E+02 -0.66000E+03
 0.78399994E+02 -0.47000E+03
 0.78449997E+02 -0.33100E+03
 0.78499992E+02 -0.24500E+03
 0.78549995E+02 -0.21800E+03
 0.78599998E+02 -0.24200E+03
 0.78649994E+02 -0.31400E+03
 0.78699997E+02 -0.42000E+03
 0.78749992E+02 -0.55000E+03
 0.78799995E+02 -0.72600E+03
 0.78849998E+02 -0.93900E+03
 0.78899994E+02 -0.11850E+04
 0.78949997E+02 -0.14840E+04
 0.78999992E+02 -0.18370E+04
 0.79049995E+02 -0.22160E+04
 0.79099998E+02 -0.26070E+04
 0.79149994E+02 -0.30270E+04
 0.79199997E+02 -0.34670E+04
 0.79249992E+02 -0.39390E+04
 0.79299995E+02 -0.44330E+04
 0.79349998E+02 -0.49190E+04
 0.79399994E+02 -0.54480E+04
 0.79449997E+02 -0.59870E+04
 0.79499992E+02 -0.65070E+04
 0.79549995E+02 -0.70710E+04
 0.79599998E+02 -0.76390E+04
 0.79649994E+02 -0.82000E+04
 0.79699997E+02 -0.87620E+04
 0.79749992E+02 -0.92830E+04
 0.79799995E+02 -0.97640E+04
 0.79849998E+02 -0.10234E+05
 0.79899994E+02 -0.10688E+05
 0.79949997E+02 -0.11111E+05
 0.79999992E+02 -0.11506E+05
 0.80049995E+02 -0.11838E+05
 0.80099998E+02 -0.12095E+05
 0.80149994E+02 -0.12289E+05
 0.80199997E+02 -0.12412E+05
 0.80249992E+02 -0.12476E+05
 0.80299995E+02 -0.12478E+05
 0.80349998E+02 -0.12406E+05
 0.80399994E+02 -0.12275E+05
 0.80449997E+02 -0.12088E+05
 0.80499992E+02 -0.11831E+05
 0.80549995E+02 -0.11512E+05
 0.80599998E+02 -0.11131E+05
 0.80649994E+02 -0.10686E+05
 0.80699997E+02 -0.10212E+05
 0.80749992E+02 -0.96850E+04
 0.80799995E+02 -0.90910E+04
 0.80849998E+02 -0.84280E+04
 0.80899994E+02 -0.77210E+04
 0.80949997E+02 -0.69770E+04
 0.80999992E+02 -0.61880E+04
 0.81049995E+02 -0.53960E+04
 0.81099998E+02 -0.45670E+04
 0.81149994E+02 -0.36500E+04
 0.81199997E+02 -0.26700E+04
 0.81249992E+02 -0.16400E+04
 0.81299995E+02 -0.56500E+03
 0.81349998E+02  0.50900E+03
 0.81399994E+02  0.16170E+04
 0.81449997E+02  0.28040E+04
 0.81499992E+02  0.40100E+04
 0.81549995E+02  0.52320E+04
 0.81599998E+02  0.65140E+04
 0.81649994E+02  0.78440E+04
 0.81699997E+02  0.92200E+04
 0.81749992E+02  0.10683E+05
 0.81799995E+02  0.12222E+05
 0.81849998E+02  0.13801E+05
 0.81899994E+02  0.15412E+05
 0.81949997E+02  0.17077E+05
 0.81999992E+02  0.18805E+05
 0.82049995E+02  0.20565E+05
 0.82099998E+02  0.22378E+05
 0.82149994E+02  0.24240E+05
 0.82199997E+02  0.26141E+05
 0.82249992E+02  0.28081E+05
 0.82299995E+02  0.30037E+05
 0.82349998E+02  0.32034E+05
 0.82399994E+02  0.34054E+05
 0.82449997E+02  0.36077E+05
 0.82499992E+02  0.38100E+05
 0.82549995E+02  0.40095E+05
 0.82599998E+02  0.42068E+05
 0.82649994E+02  0.44050E+05
 0.82699997E+02  0.46045E+05
 0.82749992E+02  0.48027E+05
 0.82799995E+02  0.50010E+05
 0.82849998E+02  0.51959E+05
 0.82899994E+02  0.53870E+05
 0.82949997E+02  0.55773E+05
 0.82999992E+02  0.57660E+05
 0.83049995E+02  0.59522E+05
 0.83099998E+02  0.61330E+05
 0.83149994E+02  0.63118E+05
 0.83199997E+02  0.64898E+05
 0.83249992E+02  0.66683E+05
 0.83299995E+02  0.68495E+05
 0.83349998E+02  0.70294E+05
 0.83399994E+02  0.72079E+05
 0.83449997E+02  0.73841E+05
 0.83499992E+02  0.75595E+05
 0.83549995E+02  0.77341E+05
 0.83599998E+02  0.79067E+05
 0.83649994E+02  0.80784E+05
 0.83699997E+02  0.82514E+05
 0.83749992E+02  0.84259E+05
 0.83799995E+02  0.85993E+05
 0.83849998E+02  0.87699E+05
 0.83899994E+02  0.89379E+05
 0.83949997E+02  0.91041E+05
 0.83999992E+02  0.92662E+05
 0.84049995E+02  0.94252E+05
 0.84099998E+02  0.95812E+05
 0.84149994E+02  0.97323E+05
 0.84199997E+02  0.98775E+05
 0.84249992E+02  0.10015E+06
 0.84299995E+02  0.10151E+06
 0.84349998E+02  0.10286E+06
 0.84399994E+02  0.10413E+06
 0.84449997E+02  0.10536E+06
 0.84499992E+02  0.10654E+06
 0.84549995E+02  0.10764E+06
 0.84599998E+02  0.10866E+06
 0.84649994E+02  0.10963E+06
 0.84699997E+02  0.11052E+06
 0.84749992E+02  0.11136E+06
 0.84799995E+02  0.11217E+06
 0.84849998E+02  0.11290E+06
 0.84899994E+02  0.11353E+06
 0.84949997E+02  0.11409E+06
 0.84999992E+02  0.11458E+06
 0.85049995E+02  0.11500E+06
 0.85099998E+02  0.11535E+06
 0.85149994E+02  0.11561E+06
 0.85199997E+02  0.11577E+06
 0.85249992E+02  0.11584E+06
 0.85299995E+02  0.11582E+06
 0.85349998E+02  0.11572E+06
 0.85399994E+02  0.11553E+06
 0.85449997E+02  0.11519E+06
 0.85499992E+02  0.11472E+06
 0.85549995E+02  0.11415E+06
 0.85599998E+02  0.11348E+06
 0.85649994E+02  0.11268E+06
 0.85699997E+02  0.11176E+06
 0.85749992E+02  0.11071E+06
 0.85799995E+02  0.10957E+06
 0.85849998E+02  0.10836E+06
 0.85899994E+02  0.10705E+06
 0.85949997E+02  0.10563E+06
 0.85999992E+02  0.10413E+06
 0.86049995E+02  0.10253E+06
 0.86099998E+02  0.10085E+06
 0.86149994E+02  0.99073E+05
 0.86199997E+02  0.97214E+05
 0.86249992E+02  0.95304E+05
 0.86299995E+02  0.93356E+05
 0.86349998E+02  0.91344E+05
 0.86399994E+02  0.89270E+05
 0.86449997E+02  0.87131E+05
 0.86499992E+02  0.84914E+05
 0.86549995E+02  0.82620E+05
 0.86599991E+02  0.80260E+05
 0.86649994E+02  0.77859E+05
 0.86699997E+02  0.75422E+05
 0.86749992E+02  0.72976E+05
 0.86799995E+02  0.70469E+05
 0.86849991E+02  0.67894E+05
 0.86899994E+02  0.65295E+05
 0.86949997E+02  0.62669E+05
 0.86999992E+02  0.60036E+05
 0.87049995E+02  0.57378E+05
 0.87099991E+02  0.54706E+05
 0.87149994E+02  0.51999E+05
 0.87199997E+02  0.49277E+05
 0.87249992E+02  0.46545E+05
 0.87299995E+02  0.43827E+05
 0.87349991E+02  0.41174E+05
 0.87399994E+02  0.38525E+05
 0.87449997E+02  0.35865E+05
 0.87499992E+02  0.33187E+05
 0.87549995E+02  0.30515E+05
 0.87599991E+02  0.27864E+05
 0.87649994E+02  0.25241E+05
 0.87699997E+02  0.22649E+05
 0.87749992E+02  0.20055E+05
 0.87799995E+02  0.17489E+05
 0.87849991E+02  0.14928E+05
 0.87899994E+02  0.12367E+05
 0.87949997E+02  0.98280E+04
 0.87999992E+02  0.72910E+04
 0.88049995E+02  0.47530E+04
 0.88099991E+02  0.22280E+04
 0.88149994E+02 -0.26400E+03
 0.88199997E+02 -0.27330E+04
 0.88249992E+02 -0.51730E+04
 0.88299995E+02 -0.75840E+04
 0.88349991E+02 -0.99720E+04
 0.88399994E+02 -0.12316E+05
 0.88449997E+02 -0.14620E+05
 0.88499992E+02 -0.16910E+05
 0.88549995E+02 -0.19190E+05
 0.88599991E+02 -0.21444E+05
 0.88649994E+02 -0.23667E+05
 0.88699997E+02 -0.25845E+05
 0.88749992E+02 -0.27989E+05
 0.88799995E+02 -0.30129E+05
 0.88849991E+02 -0.32217E+05
 0.88899994E+02 -0.34245E+05
 0.88949997E+02 -0.36245E+05
 0.88999992E+02 -0.38206E+05
 0.89049995E+02 -0.40161E+05
 0.89099991E+02 -0.42090E+05
 0.89149994E+02 -0.43944E+05
 0.89199997E+02 -0.45737E+05
 0.89249992E+02 -0.47460E+05
 0.89299995E+02 -0.49109E+05
 0.89349991E+02 -0.50694E+05
 0.89399994E+02 -0.52223E+05
 0.89449997E+02 -0.53668E+05
 0.89499992E+02 -0.55037E+05
 0.89549995E+02 -0.56364E+05
 0.89599991E+02 -0.57633E+05
 0.89649994E+02 -0.58862E+05
 0.89699997E+02 -0.60038E+05
 0.89749992E+02 -0.61137E+05
 0.89799995E+02 -0.62158E+05
 0.89849991E+02 -0.63103E+05
 0.89899994E+02 -0.63982E+05
 0.89949997E+02 -0.64812E+05
 0.89999992E+02 -0.65603E+05
 0.90049995E+02 -0.66345E+05
 0.90099991E+02 -0.67047E+05
 0.90149994E+02 -0.67702E+05
 0.90199997E+02 -0.68296E+05
 0.90249992E+02 -0.68842E+05
 0.90299995E+02 -0.69354E+05
 0.90349991E+02 -0.69815E+05
 0.90399994E+02 -0.70237E+05
 0.90449997E+02 -0.70634E+05
 0.90499992E+02 -0.70984E+05
 0.90549995E+02 -0.71320E+05
 0.90599991E+02 -0.71639E+05
 0.90649994E+02 -0.71918E+05
 0.90699997E+02 -0.72180E+05
 0.90749992E+02 -0.72407E+05
 0.90799995E+02 -0.72570E+05
 0.90849991E+02 -0.72684E+05
 0.90899994E+02 -0.72749E+05
 0.90949997E+02 -0.72757E+05
 0.90999992E+02 -0.72721E+05
 0.91049995E+02 -0.72633E+05
 0.91099991E+02 -0.72490E+05
 0.91149994E+02 -0.72301E+05
 0.91199997E+02 -0.72068E+05
 0.91249992E+02 -0.71791E+05
 0.91299995E+02 -0.71485E+05
 0.91349991E+02 -0.71138E+05
 0.91399994E+02 -0.70716E+05
 0.91449997E+02 -0.70269E+05
 0.91499992E+02 -0.69803E+05
 0.91549995E+02 -0.69287E+05
 0.91599991E+02 -0.68730E+05
 0.91649994E+02 -0.68142E+05
 0.91699997E+02 -0.67524E+05
 0.91749992E+02 -0.66876E+05
 0.91799995E+02 -0.66216E+05
 0.91849991E+02 -0.65530E+05
 0.91899994E+02 -0.64795E+05
 0.91949997E+02 -0.64040E+05
 0.91999992E+02 -0.63281E+05
 0.92049995E+02 -0.62488E+05
 0.92099991E+02 -0.61673E+05
 0.92149994E+02 -0.60848E+05
 0.92199997E+02 -0.59986E+05
 0.92249992E+02 -0.59114E+05
 0.92299995E+02 -0.58229E+05
 0.92349991E+02 -0.57314E+05
 0.92399994E+02 -0.56376E+05
 0.92449997E+02 -0.55408E+05
 0.92499992E+02 -0.54418E+05
 0.92549995E+02 -0.53441E+05
 0.92599991E+02 -0.52492E+05
 0.92649994E+02 -0.51546E+05
 0.92699997E+02 -0.50594E+05
 0.92749992E+02 -0.49653E+05
 0.92799995E+02 -0.48716E+05
 0.92849991E+02 -0.47784E+05
 0.92899994E+02 -0.46873E+05
 0.92949997E+02 -0.45984E+05
 0.92999992E+02 -0.45138E+05
 0.93049995E+02 -0.44313E+05
 0.93099991E+02 -0.43492E+05
 0.93149994E+02 -0.42715E+05
 0.93199997E+02 -0.41956E+05
 0.93249992E+02 -0.41212E+05
 0.93299995E+02 -0.40504E+05
 0.93349991E+02 -0.39811E+05
 0.93399994E+02 -0.39138E+05
 0.93449997E+02 -0.38485E+05
 0.93499992E+02 -0.37850E+05
 0.93549995E+02 -0.37258E+05
 0.93599991E+02 -0.36675E+05
 0.93649994E+02 -0.36087E+05
 0.93699997E+02 -0.35523E+05
 0.93749992E+02 -0.34955E+05
 0.93799995E+02 -0.34368E+05
 0.93849991E+02 -0.33769E+05
 0.93899994E+02 -0.33167E+05
 0.93949997E+02 -0.32552E+05
 0.93999992E+02 -0.31920E+05
 0.94049995E+02 -0.31285E+05
 0.94099991E+02 -0.30614E+05
 0.94149994E+02 -0.29911E+05
 0.94199997E+02 -0.29205E+05
 0.94249992E+02 -0.28488E+05
 0.94299995E+02 -0.27737E+05
 0.94349991E+02 -0.26958E+05
 0.94399994E+02 -0.26168E+05
 0.94449997E+02 -0.25372E+05
 0.94499992E+02 -0.24583E+05
 0.94549995E+02 -0.23829E+05
 0.94599991E+02 -0.23096E+05
 0.94649994E+02 -0.22349E+05
 0.94699997E+02 -0.21594E+05
 0.94749992E+02 -0.20842E+05
 0.94799995E+02 -0.20121E+05
 0.94849991E+02 -0.19426E+05
 0.94899994E+02 -0.18742E+05
 0.94949997E+02 -0.18081E+05
 0.94999992E+02 -0.17430E+05
 0.95049995E+02 -0.16776E+05
 0.95099991E+02 -0.16110E+05
 0.95149994E+02 -0.15442E+05
 0.95199997E+02 -0.14768E+05
 0.95249992E+02 -0.14116E+05
 0.95299995E+02 -0.13491E+05
 0.95349991E+02 -0.12880E+05
 0.95399994E+02 -0.12289E+05
 0.95449997E+02 -0.11699E+05
 0.95499992E+02 -0.11138E+05
 0.95549995E+02 -0.10599E+05
 0.95599991E+02 -0.10096E+05
 0.95649994E+02 -0.96520E+04
 0.95699997E+02 -0.92380E+04
 0.95749992E+02 -0.88350E+04
 0.95799995E+02 -0.84320E+04
 0.95849991E+02 -0.80700E+04
 0.95899994E+02 -0.77560E+04
 0.95949997E+02 -0.74780E+04
 0.95999992E+02 -0.72220E+04
 0.96049995E+02 -0.69830E+04
 0.96099991E+02 -0.67660E+04
 0.96149994E+02 -0.65670E+04
 0.96199997E+02 -0.64040E+04
 0.96249992E+02 -0.62550E+04
 0.96299995E+02 -0.61290E+04
 0.96349991E+02 -0.60130E+04
 0.96399994E+02 -0.58720E+04
 0.96449997E+02 -0.57520E+04
 0.96499992E+02 -0.56590E+04
 0.96549995E+02 -0.55850E+04
 0.96599991E+02 -0.55050E+04
 0.96649994E+02 -0.54080E+04
 0.96699997E+02 -0.53340E+04
 0.96749992E+02 -0.52770E+04
 0.96799995E+02 -0.52270E+04
 0.96849991E+02 -0.51620E+04
 0.96899994E+02 -0.50860E+04
 0.96949997E+02 -0.50160E+04
 0.96999992E+02 -0.49470E+04
 0.97049995E+02 -0.48770E+04
 0.97099991E+02 -0.47920E+04
 0.97149994E+02 -0.47090E+04
 0.97199997E+02 -0.46250E+04
 0.97249992E+02 -0.45170E+04
 0.97299995E+02 -0.43910E+04
 0.97349991E+02 -0.42450E+04
 0.97399994E+02 -0.40790E+04
 0.97449997E+02 -0.39060E+04
 0.97499992E+02 -0.37180E+04
 0.97549995E+02 -0.35180E+04
 0.97599991E+02 -0.33280E+04
 0.97649994E+02 -0.31330E+04
 0.97699997E+02 -0.29170E+04
 0.97749992E+02 -0.26530E+04
 0.97799995E+02 -0.23580E+04
 0.97849991E+02 -0.21050E+04
 0.97899994E+02 -0.18400E+04
 0.97949997E+02 -0.15690E+04
 0.97999992E+02 -0.12950E+04
 0.98049995E+02 -0.96700E+03
 0.98099991E+02 -0.63200E+03
 0.98149994E+02 -0.26200E+03
 0.98199997E+02  0.15000E+03
 0.98249992E+02  0.60900E+03
 0.98299995E+02  0.11240E+04
 0.98349991E+02  0.16270E+04
 0.98399994E+02  0.21410E+04
 0.98449997E+02  0.26930E+04
 0.98499992E+02  0.32870E+04
 0.98549995E+02  0.39390E+04
 0.98599991E+02  0.46170E+04
 0.98649994E+02  0.52960E+04
 0.98699997E+02  0.60240E+04
 0.98749992E+02  0.68050E+04
 0.98799995E+02  0.76340E+04
 0.98849991E+02  0.85130E+04
 0.98899994E+02  0.94030E+04
 0.98949997E+02  0.10355E+05
 0.98999992E+02  0.11354E+05
 0.99049995E+02  0.12349E+05
 0.99099991E+02  0.13375E+05
 0.99149994E+02  0.14425E+05
 0.99199997E+02  0.15470E+05
 0.99249992E+02  0.16520E+05
 0.99299995E+02  0.17580E+05
 0.99349991E+02  0.18629E+05
 0.99399994E+02  0.19659E+05
 0.99449997E+02  0.20677E+05
 0.99499992E+02  0.21665E+05
 0.99549995E+02  0.22629E+05
 0.99599991E+02  0.23576E+05
 0.99649994E+02  0.24501E+05
 0.99699997E+02  0.25412E+05
 0.99749992E+02  0.26268E+05
 0.99799995E+02  0.27050E+05
 0.99849991E+02  0.27812E+05
 0.99899994E+02  0.28561E+05
 0.99949997E+02  0.29281E+05
 0.99999992E+02  0.29961E+05
 0.10005000E+03  0.30602E+05
 0.10009999E+03  0.31192E+05
 0.10014999E+03  0.31721E+05
 0.10020000E+03  0.32205E+05
 0.10024999E+03  0.32644E+05
 0.10030000E+03  0.33067E+05
 0.10034999E+03  0.33487E+05
 0.10039999E+03  0.33875E+05
 0.10045000E+03  0.34199E+05
 0.10049999E+03  0.34496E+05
 0.10055000E+03  0.34796E+05
 0.10059999E+03  0.35067E+05
 0.10064999E+03  0.35325E+05
 0.10070000E+03  0.35565E+05
 0.10074999E+03  0.35806E+05
 0.10080000E+03  0.36056E+05
 0.10084999E+03  0.36244E+05
 0.10089999E+03  0.36395E+05
 0.10095000E+03  0.36518E+05
 0.10099999E+03  0.36608E+05
 0.10105000E+03  0.36710E+05
 0.10109999E+03  0.36801E+05
 0.10114999E+03  0.36848E+05
 0.10120000E+03  0.36866E+05
 0.10124999E+03  0.36886E+05
 0.10130000E+03  0.36895E+05
 0.10134999E+03  0.36889E+05
 0.10139999E+03  0.36861E+05
 0.10145000E+03  0.36817E+05
 0.10149999E+03  0.36750E+05
 0.10155000E+03  0.36641E+05
 0.10159999E+03  0.36521E+05
 0.10164999E+03  0.36375E+05
 0.10170000E+03  0.36219E+05
 0.10174999E+03  0.36065E+05
 0.10180000E+03  0.35904E+05
 0.10184999E+03  0.35722E+05
 0.10189999E+03  0.35483E+05
 0.10195000E+03  0.35197E+05
 0.10199999E+03  0.34871E+05
 0.10205000E+03  0.34550E+05
 0.10209999E+03  0.34242E+05
 0.10214999E+03  0.33925E+05
 0.10220000E+03  0.33588E+05
 0.10224999E+03  0.33212E+05
 0.10230000E+03  0.32835E+05
 0.10234999E+03  0.32445E+05
 0.10239999E+03  0.32039E+05
 0.10245000E+03  0.31660E+05
 0.10249999E+03  0.31296E+05
 0.10255000E+03  0.30923E+05
 0.10259999E+03  0.30548E+05
 0.10264999E+03  0.30170E+05
 0.10270000E+03  0.29803E+05
 0.10274999E+03  0.29478E+05
 0.10280000E+03  0.29163E+05
 0.10284999E+03  0.28877E+05
 0.10289999E+03  0.28624E+05
 0.10295000E+03  0.28393E+05
 0.10299999E+03  0.28164E+05
 0.10305000E+03  0.27922E+05
 0.10309999E+03  0.27725E+05
 0.10314999E+03  0.27577E+05
 0.10320000E+03  0.27451E+05
 0.10324999E+03  0.27320E+05
 0.10330000E+03  0.27191E+05
 0.10334999E+03  0.27088E+05
 0.10339999E+03  0.27008E+05
 0.10345000E+03  0.26950E+05
 0.10349999E+03  0.26887E+05
 0.10355000E+03  0.26815E+05
 0.10359999E+03  0.26763E+05
 0.10364999E+03  0.26703E+05
 0.10370000E+03  0.26603E+05
 0.10374999E+03  0.26479E+05
 0.10380000E+03  0.26350E+05
 0.10384999E+03  0.26192E+05
 0.10389999E+03  0.25993E+05
 0.10395000E+03  0.25799E+05
 0.10399999E+03  0.25603E+05
 0.10405000E+03  0.25384E+05
 0.10409999E+03  0.25136E+05
 0.10414999E+03  0.24871E+05
 0.10420000E+03  0.24586E+05
 0.10424999E+03  0.24297E+05
 0.10430000E+03  0.24017E+05
 0.10434999E+03  0.23709E+05
 0.10439999E+03  0.23395E+05
 0.10445000E+03  0.23061E+05
 0.10449999E+03  0.22718E+05
 0.10455000E+03  0.22361E+05
 0.10459999E+03  0.21989E+05
 0.10464999E+03  0.21621E+05
 0.10470000E+03  0.21202E+05
 0.10474999E+03  0.20747E+05
 0.10480000E+03  0.20280E+05
 0.10484999E+03  0.19820E+05
 0.10489999E+03  0.19348E+05
 0.10495000E+03  0.18851E+05
 0.10499999E+03  0.18344E+05
 0.10505000E+03  0.17817E+05
 0.10509999E+03  0.17294E+05
 0.10514999E+03  0.16753E+05
 0.10520000E+03  0.16195E+05
 0.10524999E+03  0.15632E+05
 0.10530000E+03  0.15078E+05
 0.10534999E+03  0.14552E+05
 0.10539999E+03  0.14002E+05
 0.10545000E+03  0.13449E+05
 0.10549999E+03  0.12901E+05
 0.10555000E+03  0.12337E+05
 0.10559999E+03  0.11777E+05
 0.10564999E+03  0.11221E+05
 0.10570000E+03  0.10672E+05
 0.10574999E+03  0.10137E+05
 0.10580000E+03  0.96280E+04
 0.10584999E+03  0.91050E+04
 0.10589999E+03  0.85820E+04
 0.10595000E+03  0.80950E+04
 0.10599999E+03  0.75990E+04
 0.10605000E+03  0.70780E+04
 0.10609999E+03  0.65590E+04
 0.10614999E+03  0.60670E+04
 0.10620000E+03  0.55900E+04
 0.10624999E+03  0.51270E+04
 0.10630000E+03  0.46870E+04
 0.10634999E+03  0.42900E+04
 0.10639999E+03  0.39040E+04
 0.10645000E+03  0.35210E+04
 0.10649999E+03  0.31390E+04
 0.10655000E+03  0.27320E+04
 0.10659999E+03  0.23580E+04
 0.10664999E+03  0.19950E+04
 0.10670000E+03  0.16420E+04
 0.10674999E+03  0.13120E+04
 0.10680000E+03  0.97500E+03
 0.10684999E+03  0.67200E+03
 0.10689999E+03  0.38700E+03
 0.10695000E+03  0.11300E+03
 0.10699999E+03 -0.15100E+03
 0.10705000E+03 -0.40700E+03
 0.10709999E+03 -0.62700E+03
 0.10714999E+03 -0.81200E+03
 0.10720000E+03 -0.98200E+03
 0.10724999E+03 -0.11470E+04
 0.10730000E+03 -0.12740E+04
 0.10734999E+03 -0.13930E+04
 0.10739999E+03 -0.15030E+04
 0.10745000E+03 -0.15750E+04
 0.10749999E+03 -0.16440E+04
 0.10755000E+03 -0.17210E+04
 0.10759999E+03 -0.18200E+04
 0.10764999E+03 -0.19320E+04
 0.10770000E+03 -0.20280E+04
 0.10774999E+03 -0.21090E+04
 0.10780000E+03 -0.21810E+04
 0.10784999E+03 -0.22300E+04
 0.10789999E+03 -0.22470E+04
 0.10795000E+03 -0.22620E+04
 0.10799999E+03 -0.22940E+04
 0.10805000E+03 -0.23440E+04
 0.10809999E+03 -0.23700E+04
 0.10814999E+03 -0.23650E+04
 0.10820000E+03 -0.23770E+04
 0.10824999E+03 -0.23920E+04
 0.10830000E+03 -0.24150E+04
 0.10834999E+03 -0.24460E+04
 0.10839999E+03 -0.24930E+04
 0.10845000E+03 -0.25590E+04
 0.10849999E+03 -0.26030E+04
 0.10855000E+03 -0.26720E+04
 0.10859999E+03 -0.27770E+04
 0.10864999E+03 -0.28490E+04
 0.10870000E+03 -0.28940E+04
 0.10874999E+03 -0.29430E+04
 0.10880000E+03 -0.29990E+04
 0.10884999E+03 -0.30720E+04
 0.10889999E+03 -0.31700E+04
 0.10895000E+03 -0.32720E+04
 0.10899999E+03 -0.33760E+04
 0.10905000E+03 -0.35000E+04
 0.10909999E+03 -0.36430E+04
 0.10914999E+03 -0.37990E+04
 0.10920000E+03 -0.39610E+04
 0.10924999E+03 -0.41580E+04
 0.10930000E+03 -0.43960E+04
 0.10934999E+03 -0.46280E+04
 0.10939999E+03 -0.48610E+04
 0.10945000E+03 -0.51120E+04
 0.10949999E+03 -0.53830E+04
 0.10955000E+03 -0.56920E+04
 0.10959999E+03 -0.60220E+04
 0.10964999E+03 -0.63580E+04
 0.10970000E+03 -0.67030E+04
 0.10974999E+03 -0.70610E+04
 0.10980000E+03 -0.74090E+04
 0.10984999E+03 -0.77570E+04
 0.10989999E+03 -0.81360E+04
 0.10995000E+03 -0.85320E+04
 0.10999999E+03 -0.89460E+04
 0.11005000E+03 -0.93610E+04
 0.11009999E+03 -0.97640E+04
 0.11014999E+03 -0.10157E+05
 0.11020000E+03 -0.10531E+05
 0.11024999E+03 -0.10922E+05
 0.11030000E+03 -0.11319E+05
 0.11034999E+03 -0.11683E+05
 0.11039999E+03 -0.12043E+05
 0.11045000E+03 -0.12398E+05
 0.11049999E+03 -0.12742E+05
 0.11055000E+03 -0.13084E+05
 0.11059999E+03 -0.13418E+05
 0.11064999E+03 -0.13746E+05
 0.11070000E+03 -0.14058E+05
 0.11074999E+03 -0.14354E+05
 0.11080000E+03 -0.14659E+05
 0.11084999E+03 -0.14976E+05
 0.11089999E+03 -0.15292E+05
 0.11095000E+03 -0.15588E+05
 0.11099999E+03 -0.15864E+05
 0.11105000E+03 -0.16162E+05
 0.11109999E+03 -0.16468E+05
 0.11114999E+03 -0.16758E+05
 0.11120000E+03 -0.17062E+05
 0.11124999E+03 -0.17385E+05
 0.11130000E+03 -0.17735E+05
 0.11134999E+03 -0.18068E+05
 0.11139999E+03 -0.18368E+05
 0.11145000E+03 -0.18699E+05
 0.11149999E+03 -0.19055E+05
 0.11155000E+03 -0.19417E+05
 0.11159999E+03 -0.19785E+05
 0.11164999E+03 -0.20181E+05
 0.11170000E+03 -0.20577E+05
 0.11174999E+03 -0.20931E+05
 0.11180000E+03 -0.21298E+05
 0.11184999E+03 -0.21688E+05
 0.11189999E+03 -0.22090E+05
 0.11195000E+03 -0.22496E+05
 0.11199999E+03 -0.22874E+05
 0.11205000E+03 -0.23243E+05
 0.11209999E+03 -0.23617E+05
 0.11214999E+03 -0.23975E+05
 0.11220000E+03 -0.24328E+05
 0.11224999E+03 -0.24679E+05
 0.11230000E+03 -0.25009E+05
 0.11234999E+03 -0.25313E+05
 0.11239999E+03 -0.25605E+05
 0.11244999E+03 -0.25903E+05
 0.11249999E+03 -0.26200E+05
 0.11255000E+03 -0.26511E+05
 0.11259999E+03 -0.26827E+05
 0.11264999E+03 -0.27108E+05
 0.11269999E+03 -0.27363E+05
 0.11274999E+03 -0.27621E+05
 0.11280000E+03 -0.27868E+05
 0.11284999E+03 -0.28125E+05
 0.11289999E+03 -0.28403E+05
 0.11294999E+03 -0.28651E+05
 0.11299999E+03 -0.28898E+05
 0.11305000E+03 -0.29138E+05
 0.11309999E+03 -0.29345E+05
 0.11314999E+03 -0.29571E+05
 0.11319999E+03 -0.29795E+05
 0.11324999E+03 -0.30004E+05
 0.11330000E+03 -0.30232E+05
 0.11334999E+03 -0.30456E+05
 0.11339999E+03 -0.30656E+05
 0.11344999E+03 -0.30837E+05
 0.11349999E+03 -0.31004E+05
 0.11355000E+03 -0.31153E+05
 0.11359999E+03 -0.31302E+05
 0.11364999E+03 -0.31440E+05
 0.11369999E+03 -0.31525E+05
 0.11374999E+03 -0.31577E+05
 0.11380000E+03 -0.31614E+05
 0.11384999E+03 -0.31623E+05
 0.11389999E+03 -0.31596E+05
 0.11394999E+03 -0.31555E+05
 0.11399999E+03 -0.31473E+05
 0.11405000E+03 -0.31349E+05
 0.11409999E+03 -0.31223E+05
 0.11414999E+03 -0.31090E+05
 0.11419999E+03 -0.30941E+05
 0.11424999E+03 -0.30756E+05
 0.11430000E+03 -0.30568E+05
 0.11434999E+03 -0.30378E+05
 0.11439999E+03 -0.30164E+05
 0.11444999E+03 -0.29924E+05
 0.11449999E+03 -0.29685E+05
 0.11455000E+03 -0.29467E+05
 0.11459999E+03 -0.29235E+05
 0.11464999E+03 -0.29026E+05
 0.11469999E+03 -0.28851E+05
 0.11474999E+03 -0.28671E+05
 0.11480000E+03 -0.28512E+05
 0.11484999E+03 -0.28381E+05
 0.11489999E+03 -0.28252E+05
 0.11494999E+03 -0.28139E+05
 0.11499999E+03 -0.28056E+05
 0.11505000E+03 -0.27980E+05
 0.11509999E+03 -0.27919E+05
 0.11514999E+03 -0.27901E+05
 0.11519999E+03 -0.27914E+05
 0.11524999E+03 -0.27942E+05
 0.11530000E+03 -0.28008E+05
 0.11534999E+03 -0.28084E+05
 0.11539999E+03 -0.28134E+05
 0.11544999E+03 -0.28205E+05
 0.11549999E+03 -0.28312E+05
 0.11555000E+03 -0.28445E+05
 0.11559999E+03 -0.28599E+05
 0.11564999E+03 -0.28749E+05
 0.11569999E+03 -0.28907E+05
 0.11574999E+03 -0.29083E+05
 0.11580000E+03 -0.29271E+05
 0.11584999E+03 -0.29466E+05
 0.11589999E+03 -0.29680E+05
 0.11594999E+03 -0.29912E+05
 0.11599999E+03 -0.30130E+05
 0.11605000E+03 -0.30341E+05
 0.11609999E+03 -0.30569E+05
 0.11614999E+03 -0.30784E+05
 0.11619999E+03 -0.30950E+05
 0.11624999E+03 -0.31118E+05
 0.11630000E+03 -0.31308E+05
 0.11634999E+03 -0.31474E+05
 0.11639999E+03 -0.31602E+05
 0.11644999E+03 -0.31689E+05
 0.11649999E+03 -0.31752E+05
 0.11655000E+03 -0.31797E+05
 0.11659999E+03 -0.31867E+05
 0.11664999E+03 -0.31997E+05
 0.11669999E+03 -0.32133E+05
 0.11674999E+03 -0.32228E+05
 0.11680000E+03 -0.32287E+05
 0.11684999E+03 -0.32366E+05
 0.11689999E+03 -0.32473E+05
 0.11694999E+03 -0.32597E+05
 0.11699999E+03 -0.32743E+05
 0.11705000E+03 -0.32873E+05
 0.11709999E+03 -0.32955E+05
 0.11714999E+03 -0.32988E+05
 0.11719999E+03 -0.33054E+05
 0.11724999E+03 -0.33172E+05
 0.11730000E+03 -0.33293E+05
 0.11734999E+03 -0.33388E+05
 0.11739999E+03 -0.33375E+05
 0.11744999E+03 -0.33280E+05
 0.11749999E+03 -0.33151E+05
 0.11755000E+03 -0.33059E+05
 0.11759999E+03 -0.33020E+05
 0.11764999E+03 -0.32953E+05
 0.11769999E+03 -0.32871E+05
 0.11774999E+03 -0.32792E+05
 0.11780000E+03 -0.32706E+05
 0.11784999E+03 -0.32604E+05
 0.11789999E+03 -0.32540E+05
 0.11794999E+03 -0.32493E+05
 0.11799999E+03 -0.32272E+05
 0.11805000E+03 -0.31720E+05
 0.11809999E+03 -0.30874E+05
 0.11814999E+03 -0.29945E+05
 0.11819999E+03 -0.29152E+05
 0.11824999E+03 -0.28597E+05
 0.11830000E+03 -0.28182E+05
 0.11834999E+03 -0.27730E+05
 0.11839999E+03 -0.27202E+05
 0.11844999E+03 -0.26652E+05
 0.11849999E+03 -0.26137E+05
 0.11855000E+03 -0.25648E+05
 0.11859999E+03 -0.25203E+05
 0.11864999E+03 -0.24851E+05
 0.11869999E+03 -0.24530E+05
 0.11874999E+03 -0.24152E+05
 0.11880000E+03 -0.23742E+05
 0.11884999E+03 -0.23445E+05
 0.11889999E+03 -0.23205E+05
 0.11894999E+03 -0.22861E+05
 0.11899999E+03 -0.22362E+05
 0.11905000E+03 -0.21727E+05
 0.11909999E+03 -0.21191E+05
 0.11914999E+03 -0.20865E+05
 0.11919999E+03 -0.20448E+05
 0.11924999E+03 -0.19557E+05
 0.11930000E+03 -0.17996E+05
 0.11934999E+03 -0.15783E+05
 0.11939999E+03 -0.13221E+05
 0.11944999E+03 -0.10779E+05
 0.11949999E+03 -0.87040E+04
 0.11955000E+03 -0.69790E+04
 0.11959999E+03 -0.54800E+04
 0.11964999E+03 -0.42890E+04
 0.11969999E+03 -0.36400E+04
 0.11974999E+03 -0.36000E+04
 0.11980000E+03 -0.41110E+04
 0.11984999E+03 -0.49990E+04
 0.11989999E+03 -0.58750E+04
 0.11994999E+03 -0.60130E+04
 0.11999999E+03 -0.47290E+04
 0.12005000E+03 -0.17270E+04
 0.12009999E+03  0.25600E+04
 0.12014999E+03  0.67420E+04
 0.12019999E+03  0.94370E+04
 0.12024999E+03  0.99600E+04
 0.12030000E+03  0.85320E+04
 0.12034999E+03  0.61910E+04
 0.12039999E+03  0.41240E+04
 0.12044999E+03  0.30910E+04
 0.12049999E+03  0.32290E+04
 0.12055000E+03  0.44430E+04
 0.12059999E+03  0.64340E+04
 0.12064999E+03  0.85010E+04
 0.12069999E+03  0.98460E+04
 0.12074999E+03  0.10050E+05
 0.12080000E+03  0.94240E+04
 0.12084999E+03  0.88000E+04
 0.12089999E+03  0.89940E+04
 0.12094999E+03  0.10469E+05
 0.12099999E+03  0.13221E+05
 0.12105000E+03  0.16680E+05
 0.12109999E+03  0.19892E+05
 0.12114999E+03  0.22151E+05
 0.12119999E+03  0.23415E+05
 0.12124999E+03  0.24187E+05
 0.12130000E+03  0.25199E+05
 0.12134999E+03  0.26940E+05
 0.12139999E+03  0.28951E+05
 0.12144999E+03  0.30155E+05
 0.12149999E+03  0.30165E+05
 0.12155000E+03  0.29346E+05
 0.12159999E+03  0.28142E+05
 0.12164999E+03  0.26956E+05
 0.12169999E+03  0.26053E+05
 0.12174999E+03  0.25586E+05
 0.12180000E+03  0.25624E+05
 0.12184999E+03  0.26069E+05
 0.12189999E+03  0.26996E+05
 0.12194999E+03  0.28219E+05
 0.12199999E+03  0.28739E+05
 0.12205000E+03  0.28211E+05
 0.12209999E+03  0.27408E+05
 0.12214999E+03  0.26580E+05
 0.12219999E+03  0.24988E+05
 0.12224999E+03  0.22153E+05
 0.12230000E+03  0.18626E+05
 0.12234999E+03  0.15214E+05
 0.12239999E+03  0.12450E+05
 0.12244999E+03  0.10474E+05
 0.12249999E+03  0.89340E+04
 0.12255000E+03  0.77670E+04
 0.12259999E+03  0.74040E+04
 0.12264999E+03  0.79890E+04
 0.12269999E+03  0.91280E+04
 0.12274999E+03  0.10319E+05
 0.12280000E+03  0.11241E+05
 0.12284999E+03  0.11722E+05
 0.12289999E+03  0.11019E+05
 0.12294999E+03  0.80500E+04
 0.12299999E+03  0.34880E+04
 0.12305000E+03 -0.85100E+03
 0.12309999E+03 -0.42370E+04
 0.12314999E+03 -0.61290E+04
 0.12319999E+03 -0.57900E+04
 0.12324999E+03 -0.36340E+04
 0.12330000E+03 -0.88800E+03
 0.12334999E+03  0.91400E+03
 0.12339999E+03 -0.70000E+01
 0.12344999E+03 -0.49700E+04
 0.12349999E+03 -0.13696E+05
 0.12355000E+03 -0.23847E+05
 0.12359999E+03 -0.32864E+05
 0.12364999E+03 -0.39158E+05
 0.12369999E+03 -0.41692E+05
 0.12374999E+03 -0.40484E+05
 0.12380000E+03 -0.36637E+05
 0.12384999E+03 -0.31579E+05
 0.12389999E+03 -0.26932E+05
 0.12394999E+03 -0.23817E+05
 0.12399999E+03 -0.22379E+05
 0.12405000E+03 -0.22382E+05
 0.12409999E+03 -0.23410E+05
 0.12414999E+03 -0.25525E+05
 0.12419999E+03 -0.29440E+05
 0.12424999E+03 -0.34647E+05
 0.12430000E+03 -0.38855E+05
 0.12434999E+03 -0.39687E+05
 0.12439999E+03 -0.36297E+05
 0.12444999E+03 -0.29691E+05
 0.12449999E+03 -0.21325E+05
 0.12455000E+03 -0.12822E+05
 0.12459999E+03 -0.60220E+04
 0.12464999E+03 -0.22710E+04
 0.12469999E+03 -0.28530E+04
 0.12474999E+03 -0.80050E+04
 0.12480000E+03 -0.15879E+05
 0.12484999E+03 -0.23518E+05
 0.12489999E+03 -0.28239E+05
 0.12494999E+03 -0.28808E+05
 0.12499999E+03 -0.25223E+05
 0.12504999E+03 -0.18316E+05
 0.12509999E+03 -0.10481E+05
 0.12514999E+03 -0.43820E+04
 0.12520000E+03 -0.10880E+04
 0.12524998E+03 -0.11930E+04
 0.12529999E+03 -0.47910E+04
 0.12534999E+03 -0.10627E+05
 0.12539999E+03 -0.16956E+05
 0.12545000E+03 -0.21763E+05
 0.12549998E+03 -0.23002E+05
 0.12554999E+03 -0.19752E+05
 0.12559999E+03 -0.12785E+05
 0.12564999E+03 -0.40930E+04
 0.12570000E+03  0.39080E+04
 0.12574998E+03  0.95720E+04
 0.12579999E+03  0.13030E+05
 0.12584999E+03  0.15183E+05
 0.12589999E+03  0.15728E+05
 0.12595000E+03  0.14210E+05
 0.12599998E+03  0.11867E+05
 0.12604999E+03  0.95480E+04
 0.12609999E+03  0.71010E+04
 0.12614999E+03  0.53960E+04
 0.12620000E+03  0.50300E+04
 0.12624998E+03  0.52650E+04
 0.12629999E+03  0.63560E+04
 0.12634999E+03  0.90850E+04
 0.12639999E+03  0.11633E+05
 0.12645000E+03  0.11318E+05
 0.12649998E+03  0.79540E+04
 0.12654999E+03  0.26210E+04
 0.12659999E+03 -0.36690E+04
 0.12664999E+03 -0.90720E+04
 0.12670000E+03 -0.11299E+05
 0.12674998E+03 -0.89670E+04
 0.12679999E+03 -0.19680E+04
 0.12684999E+03  0.84620E+04
 0.12689999E+03  0.19828E+05
 0.12695000E+03  0.29372E+05
 0.12699998E+03  0.34214E+05
 0.12704999E+03  0.32262E+05
 0.12709999E+03  0.24460E+05
 0.12714999E+03  0.13230E+05
 0.12720000E+03  0.14220E+04
 0.12724998E+03 -0.71180E+04
 0.12729999E+03 -0.10299E+05
 0.12734999E+03 -0.87780E+04
 0.12739999E+03 -0.42930E+04
 0.12745000E+03  0.10450E+04
 0.12749998E+03  0.51550E+04
 0.12754999E+03  0.68340E+04
 0.12759999E+03  0.59890E+04
 0.12764999E+03  0.37390E+04
 0.12770000E+03  0.22630E+04
 0.12774998E+03  0.32820E+04
 0.12779999E+03  0.71890E+04
 0.12784999E+03  0.12765E+05
 0.12789999E+03  0.17259E+05
 0.12795000E+03  0.18987E+05
 0.12799998E+03  0.19206E+05
 0.12804999E+03  0.19668E+05
 0.12809999E+03  0.21092E+05
 0.12814999E+03  0.23884E+05
 0.12820000E+03  0.26972E+05
 0.12824998E+03  0.27929E+05
 0.12829999E+03  0.25988E+05
 0.12834999E+03  0.22748E+05
 0.12839999E+03  0.19148E+05
 0.12845000E+03  0.14163E+05
 0.12849998E+03  0.69620E+04
 0.12854999E+03 -0.13300E+04
 0.12859999E+03 -0.84320E+04
 0.12864999E+03 -0.12416E+05
 0.12870000E+03 -0.12159E+05
 0.12874998E+03 -0.78410E+04
 0.12879999E+03 -0.14720E+04
 0.12884999E+03  0.39600E+04
 0.12889999E+03  0.64060E+04
 0.12895000E+03  0.59360E+04
 0.12899998E+03  0.41140E+04
 0.12904999E+03  0.27420E+04
 0.12909999E+03  0.27230E+04
 0.12914999E+03  0.35020E+04
 0.12920000E+03  0.43300E+04
 0.12924998E+03  0.59490E+04
 0.12929999E+03  0.10089E+05
 0.12934999E+03  0.17015E+05
 0.12939999E+03  0.24350E+05
 0.12945000E+03  0.29119E+05
 0.12949998E+03  0.30333E+05
 0.12954999E+03  0.28618E+05
 0.12959999E+03  0.24947E+05
 0.12964999E+03  0.20716E+05
 0.12970000E+03  0.17239E+05
 0.12974998E+03  0.16277E+05
 0.12979999E+03  0.19865E+05
 0.12984999E+03  0.27277E+05
 0.12989999E+03  0.34605E+05
 0.12995000E+03  0.37799E+05
 0.12999998E+03  0.35547E+05
 0.13004999E+03  0.28451E+05
 0.13009999E+03  0.17969E+05
 0.13014999E+03  0.71640E+04
 0.13020000E+03 -0.14670E+04
 0.13024998E+03 -0.66080E+04
 0.13029999E+03 -0.77570E+04
 0.13034999E+03 -0.63150E+04
 0.13039999E+03 -0.42060E+04
 0.13045000E+03 -0.32470E+04
 0.13049998E+03 -0.57290E+04
 0.13054999E+03 -0.11990E+05
 0.13059999E+03 -0.17755E+05
 0.13064999E+03 -0.18176E+05
 0.13070000E+03 -0.12453E+05
 0.13074998E+03 -0.27220E+04
 0.13079999E+03  0.70340E+04
 0.13084999E+03  0.13379E+05
 0.13089999E+03  0.15829E+05
 0.13095000E+03  0.15645E+05
 0.13099998E+03  0.14391E+05
 0.13104999E+03  0.12230E+05
 0.13109999E+03  0.80200E+04
 0.13114999E+03  0.16670E+04
 0.13120000E+03 -0.58780E+04
 0.13124998E+03 -0.13620E+05
 0.13129999E+03 -0.20543E+05
 0.13134999E+03 -0.26324E+05
 0.13139999E+03 -0.32779E+05
 0.13145000E+03 -0.42430E+05
 0.13149998E+03 -0.53331E+05
 0.13154999E+03 -0.59470E+05
 0.13159999E+03 -0.57837E+05
 0.13164999E+03 -0.49835E+05
 0.13170000E+03 -0.37958E+05
 0.13174998E+03 -0.26066E+05
 0.13179999E+03 -0.18678E+05
 0.13184999E+03 -0.16115E+05
 0.13189999E+03 -0.15283E+05
 0.13195000E+03 -0.14880E+05
 0.13199998E+03 -0.14680E+05
 0.13204999E+03 -0.14047E+05
 0.13209999E+03 -0.12908E+05
 0.13214999E+03 -0.11421E+05
 0.13220000E+03 -0.10273E+05
 0.13224998E+03 -0.10261E+05
 0.13229999E+03 -0.10963E+05
 0.13234999E+03 -0.12089E+05
 0.13239999E+03 -0.13513E+05
 0.13245000E+03 -0.13585E+05
 0.13249998E+03 -0.10752E+05
 0.13254999E+03 -0.54280E+04
 0.13259999E+03  0.78100E+03
 0.13264999E+03  0.56820E+04
 0.13270000E+03  0.58280E+04
 0.13274998E+03 -0.82800E+03
 0.13279999E+03 -0.12366E+05
 0.13284999E+03 -0.25101E+05
 0.13289999E+03 -0.35046E+05
 0.13295000E+03 -0.40505E+05
 0.13299998E+03 -0.42985E+05
 0.13304999E+03 -0.44834E+05
 0.13309999E+03 -0.47801E+05
 0.13314999E+03 -0.51461E+05
 0.13320000E+03 -0.54794E+05
 0.13324998E+03 -0.56176E+05
 0.13329999E+03 -0.54149E+05
 0.13334999E+03 -0.49414E+05
 0.13339999E+03 -0.41811E+05
 0.13345000E+03 -0.33020E+05
 0.13349998E+03 -0.27797E+05
 0.13354999E+03 -0.27148E+05
 0.13359999E+03 -0.28089E+05
 0.13364999E+03 -0.27891E+05
 0.13370000E+03 -0.24784E+05
 0.13374998E+03 -0.18872E+05
 0.13379999E+03 -0.13612E+05
 0.13384999E+03 -0.12208E+05
 0.13389999E+03 -0.14512E+05
 0.13395000E+03 -0.19680E+05
 0.13399998E+03 -0.27330E+05
 0.13404999E+03 -0.36535E+05
 0.13409999E+03 -0.45699E+05
 0.13414999E+03 -0.52712E+05
 0.13420000E+03 -0.56101E+05
 0.13424998E+03 -0.55607E+05
 0.13429999E+03 -0.52825E+05
 0.13434999E+03 -0.50912E+05
 0.13439999E+03 -0.50257E+05
 0.13445000E+03 -0.49262E+05
 0.13449998E+03 -0.48807E+05
 0.13454999E+03 -0.50109E+05
 0.13459999E+03 -0.52305E+05
 0.13464999E+03 -0.52670E+05
 0.13470000E+03 -0.49560E+05
 0.13474998E+03 -0.44507E+05
 0.13479999E+03 -0.39069E+05
 0.13484999E+03 -0.33080E+05
 0.13489999E+03 -0.25112E+05
 0.13495000E+03 -0.14620E+05
 0.13499998E+03 -0.40470E+04
 0.13504999E+03  0.35570E+04
 0.13509999E+03  0.82740E+04
 0.13514999E+03  0.13054E+05
 0.13520000E+03  0.18633E+05
 0.13524998E+03  0.23117E+05
 0.13529999E+03  0.26284E+05
 0.13534999E+03  0.28004E+05
 0.13539999E+03  0.27924E+05
 0.13545000E+03  0.26501E+05
 0.13549998E+03  0.22151E+05
 0.13554999E+03  0.14279E+05
 0.13559999E+03  0.49800E+04
 0.13564999E+03 -0.33440E+04
 0.13570000E+03 -0.66280E+04
 0.13574998E+03 -0.14030E+04
 0.13579999E+03  0.10313E+05
 0.13584999E+03  0.22024E+05
 0.13589999E+03  0.29524E+05
 0.13595000E+03  0.33235E+05
 0.13599998E+03  0.34742E+05
 0.13604999E+03  0.35599E+05
 0.13609999E+03  0.37756E+05
 0.13614999E+03  0.42119E+05
 0.13620000E+03  0.45812E+05
 0.13624998E+03  0.44107E+05
 0.13629999E+03  0.35140E+05
 0.13634999E+03  0.21581E+05
 0.13639999E+03  0.88400E+04
 0.13645000E+03 -0.40500E+03
 0.13649998E+03 -0.65150E+04
 0.13654999E+03 -0.85670E+04
 0.13659999E+03 -0.63690E+04
 0.13664999E+03 -0.19790E+04
 0.13670000E+03  0.19530E+04
 0.13674998E+03  0.26100E+04
 0.13679999E+03  0.73600E+03
 0.13684999E+03  0.77200E+03
 0.13689999E+03  0.42220E+04
 0.13695000E+03  0.91860E+04
 0.13699998E+03  0.14840E+05
 0.13704999E+03  0.22556E+05
 0.13709999E+03  0.33234E+05
 0.13714999E+03  0.43663E+05
 0.13720000E+03  0.48343E+05
 0.13724998E+03  0.45525E+05
 0.13729999E+03  0.37476E+05
 0.13734999E+03  0.25055E+05
 0.13739999E+03  0.67750E+04
 0.13745000E+03 -0.16654E+05
 0.13749998E+03 -0.39393E+05
 0.13754999E+03 -0.53492E+05
 0.13759999E+03 -0.54652E+05
 0.13764999E+03 -0.45583E+05
 0.13770000E+03 -0.34165E+05
 0.13774998E+03 -0.26352E+05
 0.13779999E+03 -0.23333E+05
 0.13784999E+03 -0.24610E+05
 0.13789999E+03 -0.29444E+05
 0.13795000E+03 -0.34315E+05
 0.13799998E+03 -0.33759E+05
 0.13804999E+03 -0.27445E+05
 0.13809999E+03 -0.20244E+05
 0.13814999E+03 -0.16634E+05
 0.13820000E+03 -0.18386E+05
 0.13824998E+03 -0.23979E+05
 0.13829999E+03 -0.31350E+05
 0.13834999E+03 -0.39909E+05
 0.13839999E+03 -0.47683E+05
 0.13845000E+03 -0.51327E+05
 0.13849998E+03 -0.49087E+05
 0.13854999E+03 -0.42149E+05
 0.13859999E+03 -0.34489E+05
 0.13864999E+03 -0.29087E+05
 0.13870000E+03 -0.25926E+05
 0.13874998E+03 -0.24715E+05
 0.13879999E+03 -0.24419E+05
 0.13884999E+03 -0.21889E+05
 0.13889999E+03 -0.14470E+05
 0.13895000E+03 -0.31510E+04
 0.13899998E+03  0.74300E+04
 0.13904999E+03  0.11532E+05
 0.13909999E+03  0.57940E+04
 0.13914999E+03 -0.69450E+04
 0.13920000E+03 -0.20462E+05
 0.13924998E+03 -0.29431E+05
 0.13929999E+03 -0.28802E+05
 0.13934999E+03 -0.17949E+05
 0.13939999E+03 -0.30750E+04
 0.13945000E+03  0.80060E+04
 0.13949998E+03  0.10466E+05
 0.13954999E+03  0.51970E+04
 0.13959999E+03 -0.25760E+04
 0.13964999E+03 -0.84620E+04
 0.13970000E+03 -0.10205E+05
 0.13974998E+03 -0.80200E+04
 0.13979999E+03 -0.46690E+04
 0.13984999E+03 -0.19690E+04
 0.13989999E+03  0.22700E+03
 0.13995000E+03  0.18940E+04
 0.13999998E+03  0.23860E+04
 0.14004999E+03  0.21190E+04
 0.14009999E+03 -0.69000E+02
 0.14014999E+03 -0.80900E+04
 0.14020000E+03 -0.23437E+05
 0.14024998E+03 -0.42786E+05
 0.14029999E+03 -0.59385E+05
 0.14034999E+03 -0.68053E+05
 0.14039999E+03 -0.67651E+05
 0.14045000E+03 -0.60869E+05
 0.14049998E+03 -0.52014E+05
 0.14054999E+03 -0.42170E+05
 0.14059999E+03 -0.32143E+05
 0.14064999E+03 -0.23466E+05
 0.14070000E+03 -0.15307E+05
 0.14074998E+03 -0.76920E+04
 0.14079999E+03 -0.29150E+04
 0.14084999E+03 -0.30670E+04
 0.14089999E+03 -0.76970E+04
 0.14095000E+03 -0.14833E+05
 0.14099998E+03 -0.25576E+05
 0.14104999E+03 -0.39676E+05
 0.14109999E+03 -0.51051E+05
 0.14114999E+03 -0.54580E+05
 0.14120000E+03 -0.49217E+05
 0.14124998E+03 -0.37885E+05
 0.14129999E+03 -0.25856E+05
 0.14134999E+03 -0.16344E+05
 0.14139999E+03 -0.93650E+04
 0.14145000E+03 -0.30440E+04
 0.14149998E+03  0.29900E+04
 0.14154999E+03  0.85490E+04
 0.14159999E+03  0.14711E+05
 0.14164999E+03  0.20813E+05
 0.14170000E+03  0.24147E+05
 0.14174998E+03  0.23611E+05
 0.14179999E+03  0.20916E+05
 0.14184999E+03  0.16959E+05
 0.14189999E+03  0.12366E+05
 0.14195000E+03  0.84630E+04
 0.14199998E+03  0.46150E+04
 0.14204999E+03  0.13090E+04
 0.14209999E+03  0.12410E+04
 0.14214999E+03  0.39940E+04
 0.14220000E+03  0.77120E+04
 0.14224998E+03  0.13305E+05
 0.14229999E+03  0.19833E+05
 0.14234999E+03  0.24304E+05
 0.14239999E+03  0.25821E+05
 0.14245000E+03  0.22156E+05
 0.14249998E+03  0.11544E+05
 0.14254999E+03 -0.14200E+04
 0.14259999E+03 -0.10522E+05
 0.14264999E+03 -0.14317E+05
 0.14270000E+03 -0.15406E+05
 0.14274998E+03 -0.16878E+05
 0.14279999E+03 -0.21598E+05
 0.14284999E+03 -0.32478E+05
 0.14289999E+03 -0.48310E+05
 0.14295000E+03 -0.62311E+05
 0.14299998E+03 -0.68607E+05
 0.14304999E+03 -0.67682E+05
 0.14309999E+03 -0.62706E+05
 0.14314999E+03 -0.56035E+05
 0.14320000E+03 -0.50801E+05
 0.14324998E+03 -0.48817E+05
 0.14329999E+03 -0.50476E+05
 0.14334999E+03 -0.56676E+05
 0.14339999E+03 -0.67059E+05
 0.14345000E+03 -0.80601E+05
 0.14349998E+03 -0.94094E+05
 0.14354999E+03 -0.10263E+06
 0.14359999E+03 -0.10619E+06
 0.14364999E+03 -0.10693E+06
 0.14370000E+03 -0.10446E+06
 0.14374998E+03 -0.98587E+05
 0.14379999E+03 -0.91018E+05
 0.14384999E+03 -0.84908E+05
 0.14389999E+03 -0.82112E+05
 0.14395000E+03 -0.79975E+05
 0.14399998E+03 -0.75380E+05
 0.14404999E+03 -0.68869E+05
 0.14409999E+03 -0.60302E+05
 0.14414999E+03 -0.48419E+05
 0.14420000E+03 -0.35042E+05
 0.14424998E+03 -0.22634E+05
 0.14429999E+03 -0.12405E+05
 0.14434999E+03 -0.63230E+04
 0.14439999E+03 -0.35190E+04
 0.14445000E+03 -0.23700E+03
 0.14449998E+03  0.41650E+04
 0.14454999E+03  0.92480E+04
 0.14459999E+03  0.14618E+05
 0.14464999E+03  0.18772E+05
 0.14470000E+03  0.21286E+05
 0.14474998E+03  0.22077E+05
 0.14479999E+03  0.21523E+05
 0.14484999E+03  0.20365E+05
 0.14489999E+03  0.19281E+05
 0.14495000E+03  0.20410E+05
 0.14499998E+03  0.24976E+05
 0.14504999E+03  0.32341E+05
 0.14509999E+03  0.39809E+05
 0.14514999E+03  0.42548E+05
 0.14520000E+03  0.38684E+05
 0.14524998E+03  0.29096E+05
 0.14529999E+03  0.17361E+05
 0.14534999E+03  0.10196E+05
 0.14539999E+03  0.10038E+05
 0.14545000E+03  0.14020E+05
 0.14549998E+03  0.17807E+05
 0.14554999E+03  0.17533E+05
 0.14559999E+03  0.13590E+05
 0.14564999E+03  0.10366E+05
 0.14570000E+03  0.10543E+05
 0.14574998E+03  0.13994E+05
 0.14579999E+03  0.21908E+05
 0.14584999E+03  0.35649E+05
 0.14589999E+03  0.52138E+05
 0.14595000E+03  0.66222E+05
 0.14599998E+03  0.76994E+05
 0.14604999E+03  0.88315E+05
 0.14609999E+03  0.10419E+06
 0.14614999E+03  0.12423E+06
 0.14620000E+03  0.14353E+06
 0.14624998E+03  0.15716E+06
 0.14629999E+03  0.16226E+06
 0.14634999E+03  0.15850E+06
 0.14639999E+03  0.14806E+06
 0.14645000E+03  0.13260E+06
 0.14649998E+03  0.11347E+06
 0.14654999E+03  0.92527E+05
 0.14659999E+03  0.72221E+05
 0.14664999E+03  0.56884E+05
 0.14670000E+03  0.48822E+05
 0.14674998E+03  0.46080E+05
 0.14679999E+03  0.45498E+05
 0.14684999E+03  0.43988E+05
 0.14689999E+03  0.38574E+05
 0.14695000E+03  0.29211E+05
 0.14699998E+03  0.18825E+05
 0.14704999E+03  0.87290E+04
 0.14709999E+03 -0.12030E+04
 0.14714999E+03 -0.11923E+05
 0.14720000E+03 -0.26067E+05
 0.14724998E+03 -0.43928E+05
 0.14729999E+03 -0.60462E+05
 0.14734999E+03 -0.68911E+05
 0.14739999E+03 -0.66494E+05
 0.14745000E+03 -0.56383E+05
 0.14749998E+03 -0.46070E+05
 0.14754999E+03 -0.42822E+05
 0.14759999E+03 -0.47667E+05
 0.14764999E+03 -0.56039E+05
 0.14770000E+03 -0.64960E+05
 0.14774998E+03 -0.72974E+05
 0.14779999E+03 -0.76468E+05
 0.14784999E+03 -0.71594E+05
 0.14789999E+03 -0.58003E+05
 0.14795000E+03 -0.39346E+05
 0.14799998E+03 -0.18160E+05
 0.14804999E+03  0.45940E+04
 0.14809999E+03  0.25992E+05
 0.14814999E+03  0.41244E+05
 0.14820000E+03  0.45971E+05
 0.14824998E+03  0.40619E+05
 0.14829999E+03  0.28215E+05
 0.14834999E+03  0.10809E+05
 0.14839999E+03 -0.88040E+04
 0.14845000E+03 -0.29118E+05
 0.14849998E+03 -0.46801E+05
 0.14854999E+03 -0.53984E+05
 0.14859999E+03 -0.48761E+05
 0.14864999E+03 -0.39362E+05
 0.14870000E+03 -0.35137E+05
 0.14874998E+03 -0.39429E+05
 0.14879999E+03 -0.50233E+05
 0.14884999E+03 -0.63528E+05
 0.14889999E+03 -0.75132E+05
 0.14895000E+03 -0.80738E+05
 0.14899998E+03 -0.77443E+05
 0.14904999E+03 -0.68132E+05
 0.14909999E+03 -0.61505E+05
 0.14914999E+03 -0.65623E+05
 0.14920000E+03 -0.79665E+05
 0.14924998E+03 -0.95583E+05
 0.14929999E+03 -0.10827E+06
 0.14934999E+03 -0.11767E+06
 0.14939999E+03 -0.12594E+06
 0.14945000E+03 -0.13458E+06
 0.14949998E+03 -0.14230E+06
 0.14954999E+03 -0.14741E+06
 0.14959999E+03 -0.14937E+06
 0.14964999E+03 -0.14702E+06
 0.14970000E+03 -0.13831E+06
 0.14974998E+03 -0.12285E+06
 0.14979999E+03 -0.10331E+06
 0.14984999E+03 -0.83076E+05
 0.14989999E+03 -0.64107E+05
 0.14995000E+03 -0.48251E+05
