-0.30000000E+01  0.35534E+05
-0.29500000E+01  0.35776E+05
-0.29000001E+01  0.36011E+05
-0.28499999E+01  0.36230E+05
-0.28000000E+01  0.36453E+05
-0.27500000E+01  0.36676E+05
-0.27000000E+01  0.36882E+05
-0.26500001E+01  0.37070E+05
-0.25999999E+01  0.37239E+05
-0.25500000E+01  0.37401E+05
-0.25000000E+01  0.37545E+05
-0.24500000E+01  0.37675E+05
-0.24000001E+01  0.37791E+05
-0.23499999E+01  0.37890E+05
-0.23000002E+01  0.37991E+05
-0.22500000E+01  0.38088E+05
-0.22000000E+01  0.38160E+05
-0.21500001E+01  0.38210E+05
-0.20999999E+01  0.38257E+05
-0.20500002E+01  0.38302E+05
-0.20000000E+01  0.38327E+05
-0.19500000E+01  0.38331E+05
-0.19000001E+01  0.38321E+05
-0.18500000E+01  0.38286E+05
-0.18000001E+01  0.38244E+05
-0.17500001E+01  0.38189E+05
-0.17000000E+01  0.38101E+05
-0.16500001E+01  0.38003E+05
-0.16000001E+01  0.37896E+05
-0.15500001E+01  0.37764E+05
-0.15000001E+01  0.37631E+05
-0.14500000E+01  0.37515E+05
-0.14000001E+01  0.37370E+05
-0.13500001E+01  0.37199E+05
-0.13000001E+01  0.37028E+05
-0.12500001E+01  0.36856E+05
-0.12000000E+01  0.36676E+05
-0.11500001E+01  0.36484E+05
-0.11000001E+01  0.36287E+05
-0.10500001E+01  0.36074E+05
-0.10000001E+01  0.35867E+05
-0.95000005E+00  0.35651E+05
-0.90000010E+00  0.35423E+05
-0.85000014E+00  0.35196E+05
-0.80000019E+00  0.34941E+05
-0.75000024E+00  0.34664E+05
-0.70000005E+00  0.34367E+05
-0.65000010E+00  0.34052E+05
-0.60000014E+00  0.33730E+05
-0.55000019E+00  0.33414E+05
-0.50000024E+00  0.33098E+05
-0.45000005E+00  0.32764E+05
-0.40000010E+00  0.32417E+05
-0.35000014E+00  0.32057E+05
-0.30000019E+00  0.31695E+05
-0.25000024E+00  0.31333E+05
-0.20000029E+00  0.30965E+05
-0.15000010E+00  0.30593E+05
-0.10000014E+00  0.30219E+05
-0.50000191E-01  0.29843E+05
-0.23841858E-06  0.29473E+05
 0.49999714E-01  0.29117E+05
 0.99999905E-01  0.28762E+05
 0.14999986E+00  0.28406E+05
 0.19999981E+00  0.28065E+05
 0.24999976E+00  0.27728E+05
 0.29999971E+00  0.27387E+05
 0.34999990E+00  0.27057E+05
 0.39999986E+00  0.26740E+05
 0.44999981E+00  0.26421E+05
 0.49999976E+00  0.26107E+05
 0.54999971E+00  0.25792E+05
 0.59999990E+00  0.25471E+05
 0.64999986E+00  0.25149E+05
 0.69999981E+00  0.24822E+05
 0.74999976E+00  0.24503E+05
 0.79999971E+00  0.24177E+05
 0.84999967E+00  0.23832E+05
 0.89999986E+00  0.23478E+05
 0.94999981E+00  0.23107E+05
 0.99999976E+00  0.22729E+05
 0.10499997E+01  0.22345E+05
 0.10999999E+01  0.21959E+05
 0.11499996E+01  0.21563E+05
 0.11999998E+01  0.21146E+05
 0.12499995E+01  0.20718E+05
 0.12999997E+01  0.20282E+05
 0.13499999E+01  0.19833E+05
 0.13999996E+01  0.19369E+05
 0.14499998E+01  0.18882E+05
 0.14999995E+01  0.18377E+05
 0.15499997E+01  0.17856E+05
 0.15999999E+01  0.17319E+05
 0.16499996E+01  0.16774E+05
 0.16999998E+01  0.16223E+05
 0.17499995E+01  0.15660E+05
 0.17999997E+01  0.15082E+05
 0.18499999E+01  0.14476E+05
 0.18999996E+01  0.13843E+05
 0.19499998E+01  0.13203E+05
 0.19999995E+01  0.12558E+05
 0.20499997E+01  0.11905E+05
 0.20999999E+01  0.11238E+05
 0.21499996E+01  0.10562E+05
 0.21999998E+01  0.98900E+04
 0.22499995E+01  0.92050E+04
 0.22999997E+01  0.85150E+04
 0.23499999E+01  0.78240E+04
 0.23999996E+01  0.71260E+04
 0.24499998E+01  0.64210E+04
 0.24999995E+01  0.57090E+04
 0.25499997E+01  0.49980E+04
 0.25999994E+01  0.42610E+04
 0.26499996E+01  0.35010E+04
 0.26999998E+01  0.27330E+04
 0.27499995E+01  0.19500E+04
 0.27999997E+01  0.11630E+04
 0.28499994E+01  0.37600E+03
 0.28999996E+01 -0.42000E+03
 0.29499998E+01 -0.12390E+04
 0.29999995E+01 -0.20670E+04
 0.30499997E+01 -0.28890E+04
 0.30999994E+01 -0.37290E+04
 0.31499996E+01 -0.45770E+04
 0.31999998E+01 -0.54320E+04
 0.32499995E+01 -0.62920E+04
 0.32999997E+01 -0.71560E+04
 0.33499994E+01 -0.80330E+04
 0.33999996E+01 -0.89000E+04
 0.34499998E+01 -0.97770E+04
 0.34999995E+01 -0.10683E+05
 0.35499997E+01 -0.11606E+05
 0.35999994E+01 -0.12549E+05
 0.36499996E+01 -0.13505E+05
 0.36999998E+01 -0.14470E+05
 0.37499995E+01 -0.15448E+05
 0.37999997E+01 -0.16439E+05
 0.38499994E+01 -0.17448E+05
 0.38999996E+01 -0.18460E+05
 0.39499998E+01 -0.19467E+05
 0.39999995E+01 -0.20484E+05
 0.40499997E+01 -0.21490E+05
 0.40999994E+01 -0.22491E+05
 0.41499996E+01 -0.23500E+05
 0.41999998E+01 -0.24522E+05
 0.42499995E+01 -0.25561E+05
 0.42999997E+01 -0.26597E+05
 0.43499994E+01 -0.27639E+05
 0.43999996E+01 -0.28693E+05
 0.44499993E+01 -0.29766E+05
 0.44999995E+01 -0.30849E+05
 0.45499997E+01 -0.31935E+05
 0.45999994E+01 -0.33009E+05
 0.46499996E+01 -0.34079E+05
 0.46999993E+01 -0.35182E+05
 0.47499995E+01 -0.36297E+05
 0.47999997E+01 -0.37432E+05
 0.48499994E+01 -0.38571E+05
 0.48999996E+01 -0.39699E+05
 0.49499993E+01 -0.40822E+05
 0.49999995E+01 -0.41930E+05
 0.50499992E+01 -0.43040E+05
 0.50999994E+01 -0.44147E+05
 0.51499996E+01 -0.45249E+05
 0.51999998E+01 -0.46333E+05
 0.52499990E+01 -0.47410E+05
 0.52999992E+01 -0.48471E+05
 0.53499994E+01 -0.49499E+05
 0.53999996E+01 -0.50497E+05
 0.54499998E+01 -0.51469E+05
 0.54999990E+01 -0.52430E+05
 0.55499992E+01 -0.53386E+05
 0.55999994E+01 -0.54314E+05
 0.56499996E+01 -0.55218E+05
 0.56999998E+01 -0.56124E+05
 0.57499990E+01 -0.57005E+05
 0.57999992E+01 -0.57876E+05
 0.58499994E+01 -0.58742E+05
 0.58999996E+01 -0.59595E+05
 0.59499998E+01 -0.60443E+05
 0.59999990E+01 -0.61291E+05
 0.60499992E+01 -0.62131E+05
 0.60999994E+01 -0.62950E+05
 0.61499996E+01 -0.63784E+05
 0.61999998E+01 -0.64607E+05
 0.62499990E+01 -0.65412E+05
 0.62999992E+01 -0.66206E+05
 0.63499994E+01 -0.66977E+05
 0.63999996E+01 -0.67743E+05
 0.64499998E+01 -0.68505E+05
 0.64999990E+01 -0.69262E+05
 0.65499992E+01 -0.69991E+05
 0.65999994E+01 -0.70714E+05
 0.66499996E+01 -0.71420E+05
 0.66999998E+01 -0.72086E+05
 0.67499990E+01 -0.72757E+05
 0.67999992E+01 -0.73419E+05
 0.68499994E+01 -0.74045E+05
 0.68999996E+01 -0.74652E+05
 0.69499998E+01 -0.75243E+05
 0.69999990E+01 -0.75825E+05
 0.70499992E+01 -0.76398E+05
 0.70999994E+01 -0.76953E+05
 0.71499996E+01 -0.77489E+05
 0.71999998E+01 -0.77990E+05
 0.72499990E+01 -0.78469E+05
 0.72999992E+01 -0.78943E+05
 0.73499994E+01 -0.79386E+05
 0.73999996E+01 -0.79794E+05
 0.74499998E+01 -0.80192E+05
 0.74999990E+01 -0.80556E+05
 0.75499992E+01 -0.80866E+05
 0.75999994E+01 -0.81137E+05
 0.76499996E+01 -0.81378E+05
 0.76999998E+01 -0.81595E+05
 0.77499990E+01 -0.81778E+05
 0.77999992E+01 -0.81935E+05
 0.78499994E+01 -0.82040E+05
 0.78999996E+01 -0.82103E+05
 0.79499998E+01 -0.82137E+05
 0.79999990E+01 -0.82114E+05
 0.80499992E+01 -0.82070E+05
 0.80999994E+01 -0.81983E+05
 0.81499996E+01 -0.81854E+05
 0.81999989E+01 -0.81704E+05
 0.82499990E+01 -0.81520E+05
 0.82999992E+01 -0.81319E+05
 0.83499994E+01 -0.81089E+05
 0.83999996E+01 -0.80827E+05
 0.84499989E+01 -0.80526E+05
 0.84999990E+01 -0.80199E+05
 0.85499992E+01 -0.79853E+05
 0.85999994E+01 -0.79479E+05
 0.86499996E+01 -0.79092E+05
 0.86999989E+01 -0.78680E+05
 0.87499990E+01 -0.78250E+05
 0.87999992E+01 -0.77785E+05
 0.88499994E+01 -0.77287E+05
 0.88999996E+01 -0.76776E+05
 0.89499989E+01 -0.76239E+05
 0.89999990E+01 -0.75671E+05
 0.90499992E+01 -0.75072E+05
 0.90999994E+01 -0.74451E+05
 0.91499996E+01 -0.73791E+05
 0.91999989E+01 -0.73097E+05
 0.92499990E+01 -0.72384E+05
 0.92999992E+01 -0.71638E+05
 0.93499994E+01 -0.70862E+05
 0.93999996E+01 -0.70054E+05
 0.94499989E+01 -0.69213E+05
 0.94999990E+01 -0.68345E+05
 0.95499992E+01 -0.67436E+05
 0.95999994E+01 -0.66476E+05
 0.96499996E+01 -0.65468E+05
 0.96999989E+01 -0.64422E+05
 0.97499990E+01 -0.63355E+05
 0.97999992E+01 -0.62261E+05
 0.98499994E+01 -0.61147E+05
 0.98999996E+01 -0.60017E+05
 0.99499989E+01 -0.58866E+05
 0.99999990E+01 -0.57682E+05
 0.10049999E+02 -0.56469E+05
 0.10099999E+02 -0.55257E+05
 0.10150000E+02 -0.54027E+05
 0.10199999E+02 -0.52792E+05
 0.10249999E+02 -0.51544E+05
 0.10299999E+02 -0.50284E+05
 0.10349999E+02 -0.49039E+05
 0.10400000E+02 -0.47747E+05
 0.10449999E+02 -0.46443E+05
 0.10499999E+02 -0.45147E+05
 0.10549999E+02 -0.43805E+05
 0.10599999E+02 -0.42431E+05
 0.10650000E+02 -0.41063E+05
 0.10699999E+02 -0.39686E+05
 0.10749999E+02 -0.38266E+05
 0.10799999E+02 -0.36832E+05
 0.10849999E+02 -0.35381E+05
 0.10900000E+02 -0.33909E+05
 0.10949999E+02 -0.32427E+05
 0.10999999E+02 -0.30920E+05
 0.11049999E+02 -0.29397E+05
 0.11099999E+02 -0.27846E+05
 0.11150000E+02 -0.26278E+05
 0.11199999E+02 -0.24698E+05
 0.11249999E+02 -0.23108E+05
 0.11299999E+02 -0.21528E+05
 0.11349999E+02 -0.19920E+05
 0.11400000E+02 -0.18277E+05
 0.11449999E+02 -0.16625E+05
 0.11499999E+02 -0.14954E+05
 0.11549999E+02 -0.13294E+05
 0.11599999E+02 -0.11632E+05
 0.11649999E+02 -0.99660E+04
 0.11699999E+02 -0.83100E+04
 0.11749999E+02 -0.66390E+04
 0.11799999E+02 -0.49690E+04
 0.11849999E+02 -0.33030E+04
 0.11899999E+02 -0.16400E+04
 0.11949999E+02  0.20000E+02
 0.11999999E+02  0.16900E+04
 0.12049999E+02  0.33660E+04
 0.12099999E+02  0.50440E+04
 0.12149999E+02  0.67250E+04
 0.12199999E+02  0.84210E+04
 0.12249999E+02  0.10127E+05
 0.12299999E+02  0.11860E+05
 0.12349999E+02  0.13605E+05
 0.12399999E+02  0.15348E+05
 0.12449999E+02  0.17104E+05
 0.12499999E+02  0.18869E+05
 0.12549999E+02  0.20627E+05
 0.12599999E+02  0.22379E+05
 0.12649999E+02  0.24152E+05
 0.12699999E+02  0.25929E+05
 0.12749999E+02  0.27674E+05
 0.12799999E+02  0.29418E+05
 0.12849999E+02  0.31184E+05
 0.12899999E+02  0.32935E+05
 0.12949999E+02  0.34674E+05
 0.12999999E+02  0.36423E+05
 0.13049999E+02  0.38158E+05
 0.13099998E+02  0.39864E+05
 0.13150000E+02  0.41550E+05
 0.13199999E+02  0.43219E+05
 0.13249998E+02  0.44866E+05
 0.13299999E+02  0.46485E+05
 0.13349998E+02  0.48069E+05
 0.13400000E+02  0.49603E+05
 0.13449999E+02  0.51112E+05
 0.13499998E+02  0.52599E+05
 0.13549999E+02  0.54067E+05
 0.13599998E+02  0.55535E+05
 0.13650000E+02  0.56953E+05
 0.13699999E+02  0.58329E+05
 0.13749998E+02  0.59675E+05
 0.13799999E+02  0.60966E+05
 0.13849998E+02  0.62236E+05
 0.13900000E+02  0.63480E+05
 0.13949999E+02  0.64682E+05
 0.13999998E+02  0.65860E+05
 0.14049999E+02  0.67021E+05
 0.14099998E+02  0.68145E+05
 0.14150000E+02  0.69237E+05
 0.14199999E+02  0.70306E+05
 0.14249998E+02  0.71326E+05
 0.14299999E+02  0.72301E+05
 0.14349998E+02  0.73250E+05
 0.14400000E+02  0.74171E+05
 0.14449999E+02  0.75040E+05
 0.14499998E+02  0.75872E+05
 0.14549999E+02  0.76677E+05
 0.14599998E+02  0.77451E+05
 0.14650000E+02  0.78193E+05
 0.14699999E+02  0.78899E+05
 0.14749998E+02  0.79561E+05
 0.14799999E+02  0.80189E+05
 0.14849998E+02  0.80787E+05
 0.14900000E+02  0.81325E+05
 0.14949999E+02  0.81824E+05
 0.14999998E+02  0.82275E+05
 0.15049999E+02  0.82674E+05
 0.15099998E+02  0.83033E+05
 0.15150000E+02  0.83328E+05
 0.15199999E+02  0.83567E+05
 0.15249998E+02  0.83765E+05
 0.15299999E+02  0.83935E+05
 0.15349998E+02  0.84057E+05
 0.15400000E+02  0.84120E+05
 0.15449999E+02  0.84131E+05
 0.15499998E+02  0.84083E+05
 0.15549999E+02  0.83994E+05
 0.15599998E+02  0.83857E+05
 0.15650000E+02  0.83670E+05
 0.15699999E+02  0.83443E+05
 0.15749998E+02  0.83167E+05
 0.15799999E+02  0.82848E+05
 0.15849998E+02  0.82506E+05
 0.15900000E+02  0.82130E+05
 0.15949999E+02  0.81715E+05
 0.15999998E+02  0.81258E+05
 0.16049999E+02  0.80752E+05
 0.16099998E+02  0.80220E+05
 0.16150000E+02  0.79672E+05
 0.16199999E+02  0.79100E+05
 0.16249998E+02  0.78504E+05
 0.16299999E+02  0.77897E+05
 0.16349998E+02  0.77260E+05
 0.16400000E+02  0.76585E+05
 0.16449999E+02  0.75890E+05
 0.16499998E+02  0.75194E+05
 0.16549999E+02  0.74495E+05
 0.16599998E+02  0.73769E+05
 0.16650000E+02  0.73030E+05
 0.16699999E+02  0.72284E+05
 0.16749998E+02  0.71526E+05
 0.16799999E+02  0.70765E+05
 0.16849998E+02  0.69994E+05
 0.16900000E+02  0.69211E+05
 0.16949999E+02  0.68408E+05
 0.16999998E+02  0.67594E+05
 0.17049999E+02  0.66761E+05
 0.17099998E+02  0.65914E+05
 0.17150000E+02  0.65059E+05
 0.17199999E+02  0.64182E+05
 0.17249998E+02  0.63305E+05
 0.17299999E+02  0.62407E+05
 0.17349998E+02  0.61492E+05
 0.17400000E+02  0.60592E+05
 0.17449999E+02  0.59681E+05
 0.17499998E+02  0.58757E+05
 0.17549999E+02  0.57824E+05
 0.17599998E+02  0.56868E+05
 0.17650000E+02  0.55889E+05
 0.17699999E+02  0.54896E+05
 0.17749998E+02  0.53912E+05
 0.17799999E+02  0.52939E+05
 0.17849998E+02  0.51961E+05
 0.17900000E+02  0.50956E+05
 0.17949999E+02  0.49947E+05
 0.17999998E+02  0.48967E+05
 0.18049999E+02  0.47967E+05
 0.18099998E+02  0.46941E+05
 0.18150000E+02  0.45903E+05
 0.18199999E+02  0.44858E+05
 0.18249998E+02  0.43825E+05
 0.18299999E+02  0.42784E+05
 0.18349998E+02  0.41731E+05
 0.18400000E+02  0.40661E+05
 0.18449999E+02  0.39559E+05
 0.18499998E+02  0.38450E+05
 0.18549999E+02  0.37336E+05
 0.18599998E+02  0.36195E+05
 0.18650000E+02  0.35037E+05
 0.18699999E+02  0.33871E+05
 0.18749998E+02  0.32704E+05
 0.18799999E+02  0.31540E+05
 0.18849998E+02  0.30365E+05
 0.18900000E+02  0.29170E+05
 0.18949999E+02  0.27954E+05
 0.18999998E+02  0.26746E+05
 0.19049999E+02  0.25528E+05
 0.19099998E+02  0.24258E+05
 0.19150000E+02  0.22963E+05
 0.19199999E+02  0.21686E+05
 0.19249998E+02  0.20415E+05
 0.19299999E+02  0.19109E+05
 0.19349998E+02  0.17782E+05
 0.19399998E+02  0.16439E+05
 0.19449999E+02  0.15079E+05
 0.19499998E+02  0.13718E+05
 0.19549999E+02  0.12371E+05
 0.19599998E+02  0.11039E+05
 0.19649998E+02  0.97100E+04
 0.19699999E+02  0.83580E+04
 0.19749998E+02  0.70000E+04
 0.19799999E+02  0.56450E+04
 0.19849998E+02  0.42640E+04
 0.19899998E+02  0.28710E+04
 0.19949999E+02  0.14840E+04
 0.19999998E+02  0.10600E+03
 0.20049999E+02 -0.12730E+04
 0.20099998E+02 -0.26380E+04
 0.20149998E+02 -0.40070E+04
 0.20199999E+02 -0.54050E+04
 0.20249998E+02 -0.67890E+04
 0.20299999E+02 -0.81650E+04
 0.20349998E+02 -0.95320E+04
 0.20399998E+02 -0.10889E+05
 0.20449999E+02 -0.12229E+05
 0.20499998E+02 -0.13565E+05
 0.20549999E+02 -0.14894E+05
 0.20599998E+02 -0.16184E+05
 0.20649998E+02 -0.17465E+05
 0.20699999E+02 -0.18726E+05
 0.20749998E+02 -0.19958E+05
 0.20799999E+02 -0.21172E+05
 0.20849998E+02 -0.22374E+05
 0.20899998E+02 -0.23542E+05
 0.20949999E+02 -0.24682E+05
 0.20999998E+02 -0.25808E+05
 0.21049999E+02 -0.26896E+05
 0.21099998E+02 -0.27958E+05
 0.21149998E+02 -0.29019E+05
 0.21199999E+02 -0.30095E+05
 0.21249998E+02 -0.31134E+05
 0.21299999E+02 -0.32161E+05
 0.21349998E+02 -0.33180E+05
 0.21399998E+02 -0.34171E+05
 0.21449999E+02 -0.35157E+05
 0.21499998E+02 -0.36091E+05
 0.21549999E+02 -0.37017E+05
 0.21599998E+02 -0.37939E+05
 0.21649998E+02 -0.38801E+05
 0.21699999E+02 -0.39664E+05
 0.21749998E+02 -0.40568E+05
 0.21799999E+02 -0.41414E+05
 0.21849998E+02 -0.42209E+05
 0.21899998E+02 -0.43018E+05
 0.21949999E+02 -0.43785E+05
 0.21999998E+02 -0.44554E+05
 0.22049999E+02 -0.45312E+05
 0.22099998E+02 -0.46031E+05
 0.22149998E+02 -0.46730E+05
 0.22199999E+02 -0.47392E+05
 0.22249998E+02 -0.48003E+05
 0.22299999E+02 -0.48590E+05
 0.22349998E+02 -0.49192E+05
 0.22399998E+02 -0.49724E+05
 0.22449999E+02 -0.50203E+05
 0.22499998E+02 -0.50682E+05
 0.22549999E+02 -0.51116E+05
 0.22599998E+02 -0.51483E+05
 0.22649998E+02 -0.51831E+05
 0.22699999E+02 -0.52163E+05
 0.22749998E+02 -0.52436E+05
 0.22799999E+02 -0.52680E+05
 0.22849998E+02 -0.52893E+05
 0.22899998E+02 -0.53052E+05
 0.22949999E+02 -0.53198E+05
 0.22999998E+02 -0.53377E+05
 0.23049999E+02 -0.53522E+05
 0.23099998E+02 -0.53549E+05
 0.23149998E+02 -0.53505E+05
 0.23199999E+02 -0.53466E+05
 0.23249998E+02 -0.53416E+05
 0.23299999E+02 -0.53332E+05
 0.23349998E+02 -0.53293E+05
 0.23399998E+02 -0.53260E+05
 0.23449999E+02 -0.53115E+05
 0.23499998E+02 -0.52892E+05
 0.23549999E+02 -0.52667E+05
 0.23599998E+02 -0.52466E+05
 0.23649998E+02 -0.52232E+05
 0.23699999E+02 -0.51948E+05
 0.23749998E+02 -0.51637E+05
 0.23799999E+02 -0.51304E+05
 0.23849998E+02 -0.51003E+05
 0.23899998E+02 -0.50685E+05
 0.23949999E+02 -0.50332E+05
 0.23999998E+02 -0.49960E+05
 0.24049999E+02 -0.49545E+05
 0.24099998E+02 -0.49120E+05
 0.24149998E+02 -0.48679E+05
 0.24199999E+02 -0.48196E+05
 0.24249998E+02 -0.47720E+05
 0.24299999E+02 -0.47274E+05
 0.24349998E+02 -0.46750E+05
 0.24399998E+02 -0.46143E+05
 0.24449999E+02 -0.45521E+05
 0.24499998E+02 -0.44932E+05
 0.24549999E+02 -0.44374E+05
 0.24599998E+02 -0.43754E+05
 0.24649998E+02 -0.43085E+05
 0.24699999E+02 -0.42397E+05
 0.24749998E+02 -0.41700E+05
 0.24799999E+02 -0.40954E+05
 0.24849998E+02 -0.40151E+05
 0.24899998E+02 -0.39324E+05
 0.24949999E+02 -0.38509E+05
 0.24999998E+02 -0.37751E+05
 0.25049999E+02 -0.36979E+05
 0.25099998E+02 -0.36169E+05
 0.25149998E+02 -0.35305E+05
 0.25199999E+02 -0.34379E+05
 0.25249998E+02 -0.33453E+05
 0.25299999E+02 -0.32547E+05
 0.25349998E+02 -0.31653E+05
 0.25399998E+02 -0.30727E+05
 0.25449999E+02 -0.29764E+05
 0.25499998E+02 -0.28801E+05
 0.25549999E+02 -0.27855E+05
 0.25599998E+02 -0.26925E+05
 0.25649998E+02 -0.26011E+05
 0.25699999E+02 -0.25115E+05
 0.25749998E+02 -0.24192E+05
 0.25799999E+02 -0.23241E+05
 0.25849998E+02 -0.22332E+05
 0.25899998E+02 -0.21459E+05
 0.25949999E+02 -0.20591E+05
 0.25999998E+02 -0.19721E+05
 0.26049997E+02 -0.18824E+05
 0.26099998E+02 -0.17924E+05
 0.26149998E+02 -0.17070E+05
 0.26199999E+02 -0.16266E+05
 0.26249998E+02 -0.15521E+05
 0.26299997E+02 -0.14814E+05
 0.26349998E+02 -0.14083E+05
 0.26399998E+02 -0.13352E+05
 0.26449999E+02 -0.12634E+05
 0.26499998E+02 -0.11943E+05
 0.26549997E+02 -0.11320E+05
 0.26599998E+02 -0.10718E+05
 0.26649998E+02 -0.10090E+05
 0.26699999E+02 -0.94240E+04
 0.26749998E+02 -0.87500E+04
 0.26799997E+02 -0.81440E+04
 0.26849998E+02 -0.75960E+04
 0.26899998E+02 -0.70730E+04
 0.26949999E+02 -0.65820E+04
 0.26999998E+02 -0.60970E+04
 0.27049997E+02 -0.56030E+04
 0.27099998E+02 -0.51000E+04
 0.27149998E+02 -0.46150E+04
 0.27199999E+02 -0.41420E+04
 0.27249998E+02 -0.36750E+04
 0.27299997E+02 -0.32220E+04
 0.27349998E+02 -0.27470E+04
 0.27399998E+02 -0.22950E+04
 0.27449999E+02 -0.19090E+04
 0.27499998E+02 -0.15700E+04
 0.27549997E+02 -0.12490E+04
 0.27599998E+02 -0.94400E+03
 0.27649998E+02 -0.65900E+03
 0.27699999E+02 -0.37200E+03
 0.27749998E+02 -0.12100E+03
 0.27799997E+02  0.77000E+02
 0.27849998E+02  0.26700E+03
 0.27899998E+02  0.47900E+03
 0.27949999E+02  0.67800E+03
 0.27999998E+02  0.83700E+03
 0.28049997E+02  0.99100E+03
 0.28099998E+02  0.11450E+04
 0.28149998E+02  0.13150E+04
 0.28199999E+02  0.14750E+04
 0.28249998E+02  0.15860E+04
 0.28299997E+02  0.16500E+04
 0.28349998E+02  0.16960E+04
 0.28399998E+02  0.17630E+04
 0.28449999E+02  0.18350E+04
 0.28499998E+02  0.18790E+04
 0.28549997E+02  0.18980E+04
 0.28599998E+02  0.19330E+04
 0.28649998E+02  0.20040E+04
 0.28699999E+02  0.21100E+04
 0.28749998E+02  0.22200E+04
 0.28799997E+02  0.22900E+04
 0.28849998E+02  0.23300E+04
 0.28899998E+02  0.23570E+04
 0.28949999E+02  0.23930E+04
 0.28999998E+02  0.24610E+04
 0.29049999E+02  0.25510E+04
 0.29099998E+02  0.26660E+04
 0.29149998E+02  0.27640E+04
 0.29199997E+02  0.28570E+04
 0.29249996E+02  0.29780E+04
 0.29299999E+02  0.30890E+04
 0.29349998E+02  0.31850E+04
 0.29399998E+02  0.32600E+04
 0.29449997E+02  0.33240E+04
 0.29499996E+02  0.33760E+04
 0.29549999E+02  0.34100E+04
 0.29599998E+02  0.34280E+04
 0.29649998E+02  0.34400E+04
 0.29699997E+02  0.34750E+04
 0.29749996E+02  0.35180E+04
 0.29799999E+02  0.35170E+04
 0.29849998E+02  0.34760E+04
 0.29899998E+02  0.34270E+04
 0.29949997E+02  0.33160E+04
 0.29999996E+02  0.31940E+04
 0.30049999E+02  0.31360E+04
 0.30099998E+02  0.30980E+04
 0.30149998E+02  0.30430E+04
 0.30199997E+02  0.29830E+04
 0.30249996E+02  0.29120E+04
 0.30299999E+02  0.28050E+04
 0.30349998E+02  0.27110E+04
 0.30399998E+02  0.26010E+04
 0.30449997E+02  0.24640E+04
 0.30499996E+02  0.23370E+04
 0.30549999E+02  0.21910E+04
 0.30599998E+02  0.20680E+04
 0.30649998E+02  0.19590E+04
 0.30699997E+02  0.17790E+04
 0.30749996E+02  0.15900E+04
 0.30799999E+02  0.14490E+04
 0.30849998E+02  0.13030E+04
 0.30899998E+02  0.11410E+04
 0.30949997E+02  0.97900E+03
 0.30999996E+02  0.82600E+03
 0.31049999E+02  0.69000E+03
 0.31099998E+02  0.55500E+03
 0.31149998E+02  0.41900E+03
 0.31199997E+02  0.35000E+03
 0.31249996E+02  0.36700E+03
 0.31299999E+02  0.36700E+03
 0.31349998E+02  0.31400E+03
 0.31399998E+02  0.22200E+03
 0.31449997E+02  0.11300E+03
 0.31499996E+02  0.65000E+02
 0.31549999E+02  0.59000E+02
 0.31599998E+02  0.75000E+02
 0.31649998E+02  0.55000E+02
 0.31699997E+02 -0.30000E+02
 0.31749996E+02 -0.44000E+02
 0.31799999E+02 -0.31000E+02
 0.31849998E+02 -0.49000E+02
 0.31899998E+02 -0.10500E+03
 0.31949997E+02 -0.22700E+03
 0.31999996E+02 -0.37300E+03
 0.32049999E+02 -0.49400E+03
 0.32099998E+02 -0.54600E+03
 0.32149998E+02 -0.66000E+03
 0.32199997E+02 -0.87700E+03
 0.32249996E+02 -0.11130E+04
 0.32299999E+02 -0.13420E+04
 0.32349998E+02 -0.15590E+04
 0.32399998E+02 -0.17670E+04
 0.32449997E+02 -0.19350E+04
 0.32499996E+02 -0.21580E+04
 0.32549999E+02 -0.24640E+04
 0.32599998E+02 -0.27480E+04
 0.32649998E+02 -0.29710E+04
 0.32699997E+02 -0.31260E+04
 0.32749996E+02 -0.33180E+04
 0.32799999E+02 -0.36270E+04
 0.32849998E+02 -0.39410E+04
 0.32899998E+02 -0.41900E+04
 0.32949997E+02 -0.44190E+04
 0.32999996E+02 -0.46360E+04
 0.33049999E+02 -0.48730E+04
 0.33099998E+02 -0.51050E+04
 0.33149998E+02 -0.52820E+04
 0.33199997E+02 -0.54530E+04
 0.33249996E+02 -0.56200E+04
 0.33299999E+02 -0.57930E+04
 0.33349998E+02 -0.59790E+04
 0.33399998E+02 -0.61670E+04
 0.33449997E+02 -0.63460E+04
 0.33499996E+02 -0.64680E+04
 0.33549999E+02 -0.65900E+04
 0.33599998E+02 -0.67800E+04
 0.33649998E+02 -0.70140E+04
 0.33699997E+02 -0.72440E+04
 0.33749996E+02 -0.74520E+04
 0.33799999E+02 -0.76780E+04
 0.33849998E+02 -0.79250E+04
 0.33899998E+02 -0.81450E+04
 0.33949997E+02 -0.83360E+04
 0.33999996E+02 -0.85360E+04
 0.34049999E+02 -0.87580E+04
 0.34099998E+02 -0.89970E+04
 0.34149998E+02 -0.92100E+04
 0.34199997E+02 -0.94140E+04
 0.34249996E+02 -0.96770E+04
 0.34299999E+02 -0.99620E+04
 0.34349998E+02 -0.10196E+05
 0.34399998E+02 -0.10382E+05
 0.34449997E+02 -0.10518E+05
 0.34499996E+02 -0.10675E+05
 0.34549999E+02 -0.10933E+05
 0.34599998E+02 -0.11128E+05
 0.34649998E+02 -0.11277E+05
 0.34699997E+02 -0.11469E+05
 0.34749996E+02 -0.11567E+05
 0.34799999E+02 -0.11615E+05
 0.34849998E+02 -0.11676E+05
 0.34899998E+02 -0.11760E+05
 0.34949997E+02 -0.11835E+05
 0.34999996E+02 -0.11864E+05
 0.35049999E+02 -0.11918E+05
 0.35099998E+02 -0.11940E+05
 0.35149998E+02 -0.11898E+05
 0.35199997E+02 -0.11854E+05
 0.35249996E+02 -0.11788E+05
 0.35299999E+02 -0.11696E+05
 0.35349998E+02 -0.11581E+05
 0.35399998E+02 -0.11419E+05
 0.35449997E+02 -0.11208E+05
 0.35499996E+02 -0.11011E+05
 0.35549999E+02 -0.10810E+05
 0.35599998E+02 -0.10527E+05
 0.35649998E+02 -0.10232E+05
 0.35699997E+02 -0.99580E+04
 0.35749996E+02 -0.96590E+04
 0.35799999E+02 -0.92860E+04
 0.35849998E+02 -0.88770E+04
 0.35899998E+02 -0.85000E+04
 0.35949997E+02 -0.81730E+04
 0.35999996E+02 -0.78580E+04
 0.36049999E+02 -0.74640E+04
 0.36099998E+02 -0.70650E+04
 0.36149998E+02 -0.66490E+04
 0.36199997E+02 -0.61860E+04
 0.36249996E+02 -0.57600E+04
 0.36299999E+02 -0.53270E+04
 0.36349998E+02 -0.49100E+04
 0.36399998E+02 -0.44830E+04
 0.36449997E+02 -0.40030E+04
 0.36499996E+02 -0.35540E+04
 0.36549999E+02 -0.30890E+04
 0.36599998E+02 -0.25930E+04
 0.36649998E+02 -0.21120E+04
 0.36699997E+02 -0.16260E+04
 0.36749996E+02 -0.10870E+04
 0.36799999E+02 -0.49100E+03
 0.36849998E+02  0.10200E+03
 0.36899998E+02  0.68600E+03
 0.36949997E+02  0.12600E+04
 0.36999996E+02  0.18180E+04
 0.37049999E+02  0.23740E+04
 0.37099998E+02  0.29590E+04
 0.37149998E+02  0.35990E+04
 0.37199997E+02  0.42410E+04
 0.37249996E+02  0.48510E+04
 0.37299999E+02  0.54570E+04
 0.37349998E+02  0.61060E+04
 0.37399998E+02  0.67640E+04
 0.37449997E+02  0.74210E+04
 0.37499996E+02  0.81460E+04
 0.37549999E+02  0.88970E+04
 0.37599998E+02  0.96740E+04
 0.37649998E+02  0.10446E+05
 0.37699997E+02  0.11166E+05
 0.37749996E+02  0.11871E+05
 0.37799999E+02  0.12583E+05
 0.37849998E+02  0.13320E+05
 0.37899998E+02  0.14086E+05
 0.37949997E+02  0.14858E+05
 0.37999996E+02  0.15607E+05
 0.38049999E+02  0.16360E+05
 0.38099998E+02  0.17093E+05
 0.38149998E+02  0.17803E+05
 0.38199997E+02  0.18506E+05
 0.38249996E+02  0.19201E+05
 0.38299999E+02  0.19913E+05
 0.38349998E+02  0.20581E+05
 0.38399998E+02  0.21238E+05
 0.38449997E+02  0.21922E+05
 0.38499996E+02  0.22602E+05
 0.38549999E+02  0.23257E+05
 0.38599998E+02  0.23899E+05
 0.38649998E+02  0.24568E+05
 0.38699997E+02  0.25232E+05
 0.38749996E+02  0.25880E+05
 0.38799999E+02  0.26504E+05
 0.38849998E+02  0.27133E+05
 0.38899998E+02  0.27781E+05
 0.38949997E+02  0.28392E+05
 0.38999996E+02  0.28942E+05
 0.39049999E+02  0.29457E+05
 0.39099998E+02  0.29985E+05
 0.39149998E+02  0.30519E+05
 0.39199997E+02  0.31016E+05
 0.39249996E+02  0.31490E+05
 0.39299999E+02  0.31975E+05
 0.39349998E+02  0.32458E+05
 0.39399998E+02  0.32912E+05
 0.39449997E+02  0.33344E+05
 0.39499996E+02  0.33755E+05
 0.39549999E+02  0.34143E+05
 0.39599998E+02  0.34530E+05
 0.39649998E+02  0.34902E+05
 0.39699997E+02  0.35250E+05
 0.39749996E+02  0.35612E+05
 0.39799999E+02  0.35980E+05
 0.39849998E+02  0.36331E+05
 0.39899998E+02  0.36663E+05
 0.39949997E+02  0.36976E+05
 0.39999996E+02  0.37305E+05
 0.40049999E+02  0.37660E+05
 0.40099998E+02  0.37973E+05
 0.40149998E+02  0.38260E+05
 0.40199997E+02  0.38547E+05
 0.40249996E+02  0.38807E+05
 0.40299999E+02  0.39057E+05
 0.40349998E+02  0.39277E+05
 0.40399998E+02  0.39463E+05
 0.40449997E+02  0.39669E+05
 0.40499996E+02  0.39894E+05
 0.40549999E+02  0.40075E+05
 0.40599998E+02  0.40218E+05
 0.40649998E+02  0.40380E+05
 0.40699997E+02  0.40554E+05
 0.40749996E+02  0.40750E+05
 0.40799999E+02  0.40925E+05
 0.40849998E+02  0.41076E+05
 0.40899998E+02  0.41257E+05
 0.40949997E+02  0.41441E+05
 0.40999996E+02  0.41630E+05
 0.41049999E+02  0.41851E+05
 0.41099998E+02  0.42098E+05
 0.41149998E+02  0.42361E+05
 0.41199997E+02  0.42631E+05
 0.41249996E+02  0.42901E+05
 0.41299999E+02  0.43182E+05
 0.41349998E+02  0.43496E+05
 0.41399998E+02  0.43822E+05
 0.41449997E+02  0.44146E+05
 0.41499996E+02  0.44487E+05
 0.41549999E+02  0.44847E+05
 0.41599998E+02  0.45223E+05
 0.41649998E+02  0.45594E+05
 0.41699997E+02  0.45953E+05
 0.41749996E+02  0.46328E+05
 0.41799995E+02  0.46699E+05
 0.41849998E+02  0.47045E+05
 0.41899998E+02  0.47409E+05
 0.41949997E+02  0.47792E+05
 0.41999996E+02  0.48151E+05
 0.42049995E+02  0.48483E+05
 0.42099998E+02  0.48768E+05
 0.42149998E+02  0.49007E+05
 0.42199997E+02  0.49261E+05
 0.42249996E+02  0.49528E+05
 0.42299995E+02  0.49764E+05
 0.42349998E+02  0.49995E+05
 0.42399998E+02  0.50209E+05
 0.42449997E+02  0.50393E+05
 0.42499996E+02  0.50545E+05
 0.42549995E+02  0.50685E+05
 0.42599998E+02  0.50817E+05
 0.42649998E+02  0.50915E+05
 0.42699997E+02  0.51016E+05
 0.42749996E+02  0.51080E+05
 0.42799995E+02  0.51112E+05
 0.42849998E+02  0.51163E+05
 0.42899998E+02  0.51189E+05
 0.42949997E+02  0.51175E+05
 0.42999996E+02  0.51141E+05
 0.43049995E+02  0.51064E+05
 0.43099998E+02  0.50947E+05
 0.43149998E+02  0.50837E+05
 0.43199997E+02  0.50714E+05
 0.43249996E+02  0.50568E+05
 0.43299995E+02  0.50414E+05
 0.43349998E+02  0.50213E+05
 0.43399998E+02  0.49985E+05
 0.43449997E+02  0.49742E+05
 0.43499996E+02  0.49445E+05
 0.43549995E+02  0.49108E+05
 0.43599998E+02  0.48771E+05
 0.43649998E+02  0.48419E+05
 0.43699997E+02  0.48027E+05
 0.43749996E+02  0.47596E+05
 0.43799995E+02  0.47129E+05
 0.43849998E+02  0.46630E+05
 0.43899998E+02  0.46099E+05
 0.43949997E+02  0.45530E+05
 0.43999996E+02  0.44928E+05
 0.44049995E+02  0.44288E+05
 0.44099998E+02  0.43613E+05
 0.44149998E+02  0.42900E+05
 0.44199997E+02  0.42122E+05
 0.44249996E+02  0.41305E+05
 0.44299995E+02  0.40473E+05
 0.44349998E+02  0.39599E+05
 0.44399998E+02  0.38680E+05
 0.44449997E+02  0.37734E+05
 0.44499996E+02  0.36754E+05
 0.44549995E+02  0.35744E+05
 0.44599998E+02  0.34716E+05
 0.44649998E+02  0.33688E+05
 0.44699997E+02  0.32648E+05
 0.44749996E+02  0.31580E+05
 0.44799995E+02  0.30500E+05
 0.44849998E+02  0.29401E+05
 0.44899998E+02  0.28273E+05
 0.44949997E+02  0.27145E+05
 0.44999996E+02  0.26000E+05
 0.45049995E+02  0.24819E+05
 0.45099998E+02  0.23652E+05
 0.45149998E+02  0.22473E+05
 0.45199997E+02  0.21267E+05
 0.45249996E+02  0.20043E+05
 0.45299995E+02  0.18782E+05
 0.45349998E+02  0.17500E+05
 0.45399998E+02  0.16207E+05
 0.45449997E+02  0.14905E+05
 0.45499996E+02  0.13593E+05
 0.45549995E+02  0.12271E+05
 0.45599998E+02  0.10932E+05
 0.45649998E+02  0.95870E+04
 0.45699997E+02  0.82550E+04
 0.45749996E+02  0.69000E+04
 0.45799995E+02  0.55410E+04
 0.45849998E+02  0.42020E+04
 0.45899998E+02  0.28430E+04
 0.45949997E+02  0.14990E+04
 0.45999996E+02  0.15700E+03
 0.46049995E+02 -0.11810E+04
 0.46099998E+02 -0.25120E+04
 0.46149998E+02 -0.38670E+04
 0.46199997E+02 -0.52020E+04
 0.46249996E+02 -0.65600E+04
 0.46299995E+02 -0.79200E+04
 0.46349998E+02 -0.92480E+04
 0.46399998E+02 -0.10580E+05
 0.46449997E+02 -0.11888E+05
 0.46499996E+02 -0.13195E+05
 0.46549995E+02 -0.14509E+05
 0.46599998E+02 -0.15798E+05
 0.46649998E+02 -0.17057E+05
 0.46699997E+02 -0.18299E+05
 0.46749996E+02 -0.19530E+05
 0.46799995E+02 -0.20739E+05
 0.46849998E+02 -0.21928E+05
 0.46899998E+02 -0.23104E+05
 0.46949997E+02 -0.24263E+05
 0.46999996E+02 -0.25383E+05
 0.47049995E+02 -0.26460E+05
 0.47099998E+02 -0.27505E+05
 0.47149998E+02 -0.28547E+05
 0.47199997E+02 -0.29549E+05
 0.47249996E+02 -0.30506E+05
 0.47299995E+02 -0.31446E+05
 0.47349998E+02 -0.32352E+05
 0.47399998E+02 -0.33240E+05
 0.47449997E+02 -0.34097E+05
 0.47499996E+02 -0.34947E+05
 0.47549995E+02 -0.35768E+05
 0.47599998E+02 -0.36561E+05
 0.47649998E+02 -0.37361E+05
 0.47699997E+02 -0.38102E+05
 0.47749996E+02 -0.38844E+05
 0.47799995E+02 -0.39608E+05
 0.47849998E+02 -0.40331E+05
 0.47899998E+02 -0.41023E+05
 0.47949997E+02 -0.41695E+05
 0.47999996E+02 -0.42336E+05
 0.48049995E+02 -0.42963E+05
 0.48099998E+02 -0.43607E+05
 0.48149998E+02 -0.44198E+05
 0.48199997E+02 -0.44768E+05
 0.48249996E+02 -0.45357E+05
 0.48299995E+02 -0.45883E+05
 0.48349998E+02 -0.46398E+05
 0.48399998E+02 -0.46942E+05
 0.48449997E+02 -0.47436E+05
 0.48499996E+02 -0.47860E+05
 0.48549995E+02 -0.48281E+05
 0.48599998E+02 -0.48734E+05
 0.48649998E+02 -0.49215E+05
 0.48699997E+02 -0.49657E+05
 0.48749996E+02 -0.50026E+05
 0.48799995E+02 -0.50429E+05
 0.48849998E+02 -0.50814E+05
 0.48899998E+02 -0.51142E+05
 0.48949997E+02 -0.51464E+05
 0.48999996E+02 -0.51758E+05
 0.49049995E+02 -0.52076E+05
 0.49099998E+02 -0.52422E+05
 0.49149998E+02 -0.52713E+05
 0.49199997E+02 -0.52932E+05
 0.49249996E+02 -0.53186E+05
 0.49299995E+02 -0.53487E+05
 0.49349998E+02 -0.53745E+05
 0.49399998E+02 -0.53955E+05
 0.49449997E+02 -0.54147E+05
 0.49499996E+02 -0.54364E+05
 0.49549995E+02 -0.54564E+05
 0.49599998E+02 -0.54702E+05
 0.49649998E+02 -0.54806E+05
 0.49699997E+02 -0.54906E+05
 0.49749996E+02 -0.54989E+05
 0.49799995E+02 -0.55057E+05
 0.49849998E+02 -0.55121E+05
 0.49899998E+02 -0.55120E+05
 0.49949997E+02 -0.55061E+05
 0.49999996E+02 -0.54928E+05
 0.50049995E+02 -0.54761E+05
 0.50099998E+02 -0.54651E+05
 0.50149998E+02 -0.54551E+05
 0.50199997E+02 -0.54416E+05
 0.50249996E+02 -0.54218E+05
 0.50299995E+02 -0.53949E+05
 0.50349998E+02 -0.53628E+05
 0.50399998E+02 -0.53288E+05
 0.50449997E+02 -0.52974E+05
 0.50499996E+02 -0.52675E+05
 0.50549995E+02 -0.52342E+05
 0.50599998E+02 -0.51937E+05
 0.50649998E+02 -0.51468E+05
 0.50699997E+02 -0.50952E+05
 0.50749996E+02 -0.50423E+05
 0.50799995E+02 -0.49924E+05
 0.50849998E+02 -0.49414E+05
 0.50899998E+02 -0.48871E+05
 0.50949997E+02 -0.48279E+05
 0.50999996E+02 -0.47635E+05
 0.51049995E+02 -0.46995E+05
 0.51099998E+02 -0.46374E+05
 0.51149998E+02 -0.45710E+05
 0.51199997E+02 -0.45018E+05
 0.51249996E+02 -0.44333E+05
 0.51299995E+02 -0.43637E+05
 0.51349998E+02 -0.42947E+05
 0.51399998E+02 -0.42217E+05
 0.51449997E+02 -0.41425E+05
 0.51499996E+02 -0.40632E+05
 0.51549995E+02 -0.39851E+05
 0.51599998E+02 -0.39079E+05
 0.51649998E+02 -0.38312E+05
 0.51699997E+02 -0.37537E+05
 0.51749996E+02 -0.36727E+05
 0.51799995E+02 -0.35917E+05
 0.51849998E+02 -0.35098E+05
 0.51899998E+02 -0.34229E+05
 0.51949997E+02 -0.33393E+05
 0.51999996E+02 -0.32611E+05
 0.52049995E+02 -0.31804E+05
 0.52099998E+02 -0.30978E+05
 0.52149998E+02 -0.30158E+05
 0.52199997E+02 -0.29342E+05
 0.52249996E+02 -0.28510E+05
 0.52299995E+02 -0.27654E+05
 0.52349998E+02 -0.26839E+05
 0.52399998E+02 -0.26010E+05
 0.52449997E+02 -0.25137E+05
 0.52499996E+02 -0.24305E+05
 0.52549995E+02 -0.23450E+05
 0.52599998E+02 -0.22606E+05
 0.52649998E+02 -0.21806E+05
 0.52699997E+02 -0.20985E+05
 0.52749996E+02 -0.20173E+05
 0.52799995E+02 -0.19372E+05
 0.52849998E+02 -0.18576E+05
 0.52899998E+02 -0.17797E+05
 0.52949997E+02 -0.17025E+05
 0.52999996E+02 -0.16246E+05
 0.53049995E+02 -0.15469E+05
 0.53099998E+02 -0.14702E+05
 0.53149998E+02 -0.13965E+05
 0.53199997E+02 -0.13260E+05
 0.53249996E+02 -0.12548E+05
 0.53299995E+02 -0.11845E+05
 0.53349998E+02 -0.11155E+05
 0.53399998E+02 -0.10471E+05
 0.53449997E+02 -0.98040E+04
 0.53499996E+02 -0.91380E+04
 0.53549995E+02 -0.84820E+04
 0.53599998E+02 -0.78260E+04
 0.53649998E+02 -0.71840E+04
 0.53699997E+02 -0.65790E+04
 0.53749996E+02 -0.59610E+04
 0.53799995E+02 -0.53430E+04
 0.53849998E+02 -0.47570E+04
 0.53899998E+02 -0.41720E+04
 0.53949997E+02 -0.35860E+04
 0.53999996E+02 -0.30350E+04
 0.54049995E+02 -0.25080E+04
 0.54099998E+02 -0.19750E+04
 0.54149998E+02 -0.14390E+04
 0.54199997E+02 -0.91200E+03
 0.54249996E+02 -0.41200E+03
 0.54299995E+02  0.82000E+02
 0.54349998E+02  0.59400E+03
 0.54399998E+02  0.10930E+04
 0.54449997E+02  0.15660E+04
 0.54499996E+02  0.20180E+04
 0.54549995E+02  0.24500E+04
 0.54599998E+02  0.28520E+04
 0.54649998E+02  0.32210E+04
 0.54699997E+02  0.35860E+04
 0.54749996E+02  0.39410E+04
 0.54799995E+02  0.42560E+04
 0.54849995E+02  0.45250E+04
 0.54899998E+02  0.47850E+04
 0.54949997E+02  0.50210E+04
 0.54999996E+02  0.52150E+04
 0.55049995E+02  0.54120E+04
 0.55099995E+02  0.55860E+04
 0.55149998E+02  0.57480E+04
 0.55199997E+02  0.58960E+04
 0.55249996E+02  0.60180E+04
 0.55299995E+02  0.61430E+04
 0.55349995E+02  0.62430E+04
 0.55399998E+02  0.63300E+04
 0.55449997E+02  0.64320E+04
 0.55499996E+02  0.65210E+04
 0.55549995E+02  0.66000E+04
 0.55599995E+02  0.66580E+04
 0.55649998E+02  0.66930E+04
 0.55699997E+02  0.67390E+04
 0.55749996E+02  0.67660E+04
 0.55799995E+02  0.67470E+04
 0.55849995E+02  0.67150E+04
 0.55899998E+02  0.66890E+04
 0.55949997E+02  0.66360E+04
 0.55999996E+02  0.65550E+04
 0.56049995E+02  0.64640E+04
 0.56099995E+02  0.63460E+04
 0.56149998E+02  0.62010E+04
 0.56199997E+02  0.60150E+04
 0.56249996E+02  0.58040E+04
 0.56299995E+02  0.55850E+04
 0.56349995E+02  0.53310E+04
 0.56399998E+02  0.50620E+04
 0.56449997E+02  0.47840E+04
 0.56499996E+02  0.45080E+04
 0.56549995E+02  0.42300E+04
 0.56599995E+02  0.39080E+04
 0.56649998E+02  0.35640E+04
 0.56699997E+02  0.31970E+04
 0.56749996E+02  0.28290E+04
 0.56799995E+02  0.24720E+04
 0.56849995E+02  0.20820E+04
 0.56899998E+02  0.16820E+04
 0.56949997E+02  0.12730E+04
 0.56999996E+02  0.85600E+03
 0.57049995E+02  0.42900E+03
 0.57099995E+02 -0.15000E+02
 0.57149998E+02 -0.45100E+03
 0.57199997E+02 -0.86300E+03
 0.57249996E+02 -0.12580E+04
 0.57299995E+02 -0.16900E+04
 0.57349995E+02 -0.21380E+04
 0.57399998E+02 -0.25440E+04
 0.57449997E+02 -0.29330E+04
 0.57499996E+02 -0.33070E+04
 0.57549995E+02 -0.36530E+04
 0.57599995E+02 -0.39850E+04
 0.57649998E+02 -0.43080E+04
 0.57699997E+02 -0.46480E+04
 0.57749996E+02 -0.49940E+04
 0.57799995E+02 -0.53050E+04
 0.57849995E+02 -0.56120E+04
 0.57899998E+02 -0.59340E+04
 0.57949997E+02 -0.62460E+04
 0.57999996E+02 -0.64850E+04
 0.58049995E+02 -0.66710E+04
 0.58099995E+02 -0.68820E+04
 0.58149998E+02 -0.70850E+04
 0.58199997E+02 -0.72730E+04
 0.58249996E+02 -0.74830E+04
 0.58299995E+02 -0.76460E+04
 0.58349995E+02 -0.77430E+04
 0.58399998E+02 -0.78980E+04
 0.58449997E+02 -0.80600E+04
 0.58499996E+02 -0.81810E+04
 0.58549995E+02 -0.82950E+04
 0.58599995E+02 -0.83820E+04
 0.58649998E+02 -0.84450E+04
 0.58699997E+02 -0.84790E+04
 0.58749996E+02 -0.85450E+04
 0.58799995E+02 -0.85960E+04
 0.58849995E+02 -0.86440E+04
 0.58899998E+02 -0.86840E+04
 0.58949997E+02 -0.86320E+04
 0.58999996E+02 -0.85520E+04
 0.59049995E+02 -0.84670E+04
 0.59099995E+02 -0.84000E+04
 0.59149998E+02 -0.82990E+04
 0.59199997E+02 -0.81620E+04
 0.59249996E+02 -0.80250E+04
 0.59299995E+02 -0.78390E+04
 0.59349995E+02 -0.76280E+04
 0.59399998E+02 -0.74120E+04
 0.59449997E+02 -0.71830E+04
 0.59499996E+02 -0.69210E+04
 0.59549995E+02 -0.66510E+04
 0.59599995E+02 -0.63900E+04
 0.59649998E+02 -0.60780E+04
 0.59699997E+02 -0.57470E+04
 0.59749996E+02 -0.54020E+04
 0.59799995E+02 -0.50200E+04
 0.59849995E+02 -0.46490E+04
 0.59899998E+02 -0.42870E+04
 0.59949997E+02 -0.38840E+04
 0.59999996E+02 -0.34410E+04
 0.60049995E+02 -0.29710E+04
 0.60099995E+02 -0.25090E+04
 0.60149998E+02 -0.20520E+04
 0.60199997E+02 -0.15630E+04
 0.60249996E+02 -0.10640E+04
 0.60299995E+02 -0.53800E+03
 0.60349995E+02  0.23000E+02
 0.60399998E+02  0.57000E+03
 0.60449997E+02  0.11310E+04
 0.60499996E+02  0.17200E+04
 0.60549995E+02  0.23290E+04
 0.60599995E+02  0.29700E+04
 0.60649998E+02  0.36250E+04
 0.60699997E+02  0.42710E+04
 0.60749996E+02  0.49380E+04
 0.60799995E+02  0.56420E+04
 0.60849995E+02  0.63640E+04
 0.60899998E+02  0.70810E+04
 0.60949997E+02  0.77780E+04
 0.60999996E+02  0.84950E+04
 0.61049995E+02  0.92230E+04
 0.61099998E+02  0.99210E+04
 0.61149994E+02  0.10611E+05
 0.61199997E+02  0.11316E+05
 0.61249992E+02  0.12042E+05
 0.61299995E+02  0.12784E+05
 0.61349998E+02  0.13540E+05
 0.61399994E+02  0.14309E+05
 0.61449997E+02  0.15067E+05
 0.61499992E+02  0.15788E+05
 0.61549995E+02  0.16481E+05
 0.61599998E+02  0.17160E+05
 0.61649994E+02  0.17835E+05
 0.61699997E+02  0.18536E+05
 0.61749992E+02  0.19266E+05
 0.61799995E+02  0.19971E+05
 0.61849998E+02  0.20633E+05
 0.61899994E+02  0.21286E+05
 0.61949997E+02  0.21942E+05
 0.61999992E+02  0.22598E+05
 0.62049995E+02  0.23258E+05
 0.62099998E+02  0.23920E+05
 0.62149994E+02  0.24556E+05
 0.62199997E+02  0.25144E+05
 0.62249992E+02  0.25715E+05
 0.62299995E+02  0.26306E+05
 0.62349998E+02  0.26923E+05
 0.62399994E+02  0.27508E+05
 0.62449997E+02  0.28041E+05
 0.62499992E+02  0.28572E+05
 0.62549995E+02  0.29098E+05
 0.62599998E+02  0.29636E+05
 0.62649994E+02  0.30181E+05
 0.62699997E+02  0.30675E+05
 0.62749992E+02  0.31132E+05
 0.62799995E+02  0.31586E+05
 0.62849998E+02  0.32075E+05
 0.62899994E+02  0.32591E+05
 0.62949997E+02  0.33077E+05
 0.62999992E+02  0.33496E+05
 0.63049995E+02  0.33892E+05
 0.63099998E+02  0.34308E+05
 0.63149994E+02  0.34705E+05
 0.63199997E+02  0.35065E+05
 0.63249992E+02  0.35404E+05
 0.63299995E+02  0.35749E+05
 0.63349998E+02  0.36088E+05
 0.63399994E+02  0.36424E+05
 0.63449997E+02  0.36753E+05
 0.63499992E+02  0.37035E+05
 0.63549995E+02  0.37296E+05
 0.63599998E+02  0.37540E+05
 0.63649994E+02  0.37770E+05
 0.63699997E+02  0.37988E+05
 0.63749992E+02  0.38191E+05
 0.63799995E+02  0.38398E+05
 0.63849998E+02  0.38595E+05
 0.63899994E+02  0.38772E+05
 0.63949997E+02  0.38925E+05
 0.63999992E+02  0.39059E+05
 0.64049995E+02  0.39167E+05
 0.64099998E+02  0.39272E+05
 0.64149994E+02  0.39395E+05
 0.64199997E+02  0.39495E+05
 0.64249992E+02  0.39597E+05
 0.64299995E+02  0.39667E+05
 0.64349998E+02  0.39680E+05
 0.64399994E+02  0.39680E+05
 0.64449997E+02  0.39704E+05
 0.64499992E+02  0.39720E+05
 0.64549995E+02  0.39664E+05
 0.64599998E+02  0.39612E+05
 0.64649994E+02  0.39575E+05
 0.64699997E+02  0.39502E+05
 0.64749992E+02  0.39367E+05
 0.64799995E+02  0.39216E+05
 0.64849998E+02  0.39087E+05
 0.64899994E+02  0.38935E+05
 0.64949997E+02  0.38794E+05
 0.64999992E+02  0.38643E+05
 0.65049995E+02  0.38483E+05
 0.65099998E+02  0.38298E+05
 0.65149994E+02  0.38052E+05
 0.65199997E+02  0.37836E+05
 0.65249992E+02  0.37639E+05
 0.65299995E+02  0.37406E+05
 0.65349998E+02  0.37157E+05
 0.65399994E+02  0.36920E+05
 0.65449997E+02  0.36700E+05
 0.65499992E+02  0.36478E+05
 0.65549995E+02  0.36256E+05
 0.65599998E+02  0.36025E+05
 0.65649994E+02  0.35779E+05
 0.65699997E+02  0.35530E+05
 0.65749992E+02  0.35298E+05
 0.65799995E+02  0.35063E+05
 0.65849998E+02  0.34797E+05
 0.65899994E+02  0.34523E+05
 0.65949997E+02  0.34250E+05
 0.65999992E+02  0.33974E+05
 0.66049995E+02  0.33668E+05
 0.66099998E+02  0.33349E+05
 0.66149994E+02  0.33041E+05
 0.66199997E+02  0.32705E+05
 0.66249992E+02  0.32361E+05
 0.66299995E+02  0.32001E+05
 0.66349998E+02  0.31626E+05
 0.66399994E+02  0.31257E+05
 0.66449997E+02  0.30871E+05
 0.66499992E+02  0.30477E+05
 0.66549995E+02  0.30070E+05
 0.66599998E+02  0.29642E+05
 0.66649994E+02  0.29217E+05
 0.66699997E+02  0.28797E+05
 0.66749992E+02  0.28342E+05
 0.66799995E+02  0.27856E+05
 0.66849998E+02  0.27366E+05
 0.66899994E+02  0.26876E+05
 0.66949997E+02  0.26390E+05
 0.66999992E+02  0.25888E+05
 0.67049995E+02  0.25379E+05
 0.67099998E+02  0.24857E+05
 0.67149994E+02  0.24294E+05
 0.67199997E+02  0.23715E+05
 0.67249992E+02  0.23143E+05
 0.67299995E+02  0.22576E+05
 0.67349998E+02  0.21983E+05
 0.67399994E+02  0.21377E+05
 0.67449997E+02  0.20789E+05
 0.67499992E+02  0.20176E+05
 0.67549995E+02  0.19531E+05
 0.67599998E+02  0.18890E+05
 0.67649994E+02  0.18233E+05
 0.67699997E+02  0.17566E+05
 0.67749992E+02  0.16896E+05
 0.67799995E+02  0.16203E+05
 0.67849998E+02  0.15502E+05
 0.67899994E+02  0.14811E+05
 0.67949997E+02  0.14130E+05
 0.67999992E+02  0.13426E+05
 0.68049995E+02  0.12716E+05
 0.68099998E+02  0.12009E+05
 0.68149994E+02  0.11288E+05
 0.68199997E+02  0.10578E+05
 0.68249992E+02  0.98600E+04
 0.68299995E+02  0.91370E+04
 0.68349998E+02  0.84140E+04
 0.68399994E+02  0.76770E+04
 0.68449997E+02  0.69520E+04
 0.68499992E+02  0.62290E+04
 0.68549995E+02  0.55000E+04
 0.68599998E+02  0.47780E+04
 0.68649994E+02  0.40480E+04
 0.68699997E+02  0.33280E+04
 0.68749992E+02  0.26150E+04
 0.68799995E+02  0.18910E+04
 0.68849998E+02  0.11620E+04
 0.68899994E+02  0.43600E+03
 0.68949997E+02 -0.29900E+03
 0.68999992E+02 -0.10380E+04
 0.69049995E+02 -0.17680E+04
 0.69099998E+02 -0.25040E+04
 0.69149994E+02 -0.32460E+04
 0.69199997E+02 -0.40110E+04
 0.69249992E+02 -0.47740E+04
 0.69299995E+02 -0.55380E+04
 0.69349998E+02 -0.63280E+04
 0.69399994E+02 -0.71130E+04
 0.69449997E+02 -0.78980E+04
 0.69499992E+02 -0.86680E+04
 0.69549995E+02 -0.94240E+04
 0.69599998E+02 -0.10201E+05
 0.69649994E+02 -0.10993E+05
 0.69699997E+02 -0.11803E+05
 0.69749992E+02 -0.12632E+05
 0.69799995E+02 -0.13471E+05
 0.69849998E+02 -0.14327E+05
 0.69899994E+02 -0.15176E+05
 0.69949997E+02 -0.16012E+05
 0.69999992E+02 -0.16859E+05
 0.70049995E+02 -0.17693E+05
 0.70099998E+02 -0.18505E+05
 0.70149994E+02 -0.19311E+05
 0.70199997E+02 -0.20121E+05
 0.70249992E+02 -0.20934E+05
 0.70299995E+02 -0.21732E+05
 0.70349998E+02 -0.22539E+05
 0.70399994E+02 -0.23349E+05
 0.70449997E+02 -0.24140E+05
 0.70499992E+02 -0.24913E+05
 0.70549995E+02 -0.25671E+05
 0.70599998E+02 -0.26425E+05
 0.70649994E+02 -0.27175E+05
 0.70699997E+02 -0.27929E+05
 0.70749992E+02 -0.28675E+05
 0.70799995E+02 -0.29398E+05
 0.70849998E+02 -0.30106E+05
 0.70899994E+02 -0.30803E+05
 0.70949997E+02 -0.31496E+05
 0.70999992E+02 -0.32159E+05
 0.71049995E+02 -0.32816E+05
 0.71099998E+02 -0.33466E+05
 0.71149994E+02 -0.34096E+05
 0.71199997E+02 -0.34737E+05
 0.71249992E+02 -0.35360E+05
 0.71299995E+02 -0.35977E+05
 0.71349998E+02 -0.36578E+05
 0.71399994E+02 -0.37144E+05
 0.71449997E+02 -0.37709E+05
 0.71499992E+02 -0.38263E+05
 0.71549995E+02 -0.38809E+05
 0.71599998E+02 -0.39325E+05
 0.71649994E+02 -0.39819E+05
 0.71699997E+02 -0.40319E+05
 0.71749992E+02 -0.40790E+05
 0.71799995E+02 -0.41225E+05
 0.71849998E+02 -0.41624E+05
 0.71899994E+02 -0.41996E+05
 0.71949997E+02 -0.42359E+05
 0.71999992E+02 -0.42701E+05
 0.72049995E+02 -0.43032E+05
 0.72099998E+02 -0.43329E+05
 0.72149994E+02 -0.43610E+05
 0.72199997E+02 -0.43898E+05
 0.72249992E+02 -0.44150E+05
 0.72299995E+02 -0.44370E+05
 0.72349998E+02 -0.44572E+05
 0.72399994E+02 -0.44745E+05
 0.72449997E+02 -0.44887E+05
 0.72499992E+02 -0.45004E+05
 0.72549995E+02 -0.45094E+05
 0.72599998E+02 -0.45158E+05
 0.72649994E+02 -0.45190E+05
 0.72699997E+02 -0.45200E+05
 0.72749992E+02 -0.45190E+05
 0.72799995E+02 -0.45140E+05
 0.72849998E+02 -0.45049E+05
 0.72899994E+02 -0.44939E+05
 0.72949997E+02 -0.44808E+05
 0.72999992E+02 -0.44656E+05
 0.73049995E+02 -0.44481E+05
 0.73099998E+02 -0.44281E+05
 0.73149994E+02 -0.44051E+05
 0.73199997E+02 -0.43788E+05
 0.73249992E+02 -0.43522E+05
 0.73299995E+02 -0.43245E+05
 0.73349998E+02 -0.42946E+05
 0.73399994E+02 -0.42637E+05
 0.73449997E+02 -0.42302E+05
 0.73499992E+02 -0.41937E+05
 0.73549995E+02 -0.41567E+05
 0.73599998E+02 -0.41184E+05
 0.73649994E+02 -0.40759E+05
 0.73699997E+02 -0.40313E+05
 0.73749992E+02 -0.39844E+05
 0.73799995E+02 -0.39351E+05
 0.73849998E+02 -0.38833E+05
 0.73899994E+02 -0.38276E+05
 0.73949997E+02 -0.37711E+05
 0.73999992E+02 -0.37144E+05
 0.74049995E+02 -0.36552E+05
 0.74099998E+02 -0.35927E+05
 0.74149994E+02 -0.35274E+05
 0.74199997E+02 -0.34587E+05
 0.74249992E+02 -0.33884E+05
 0.74299995E+02 -0.33175E+05
 0.74349998E+02 -0.32451E+05
 0.74399994E+02 -0.31721E+05
 0.74449997E+02 -0.30965E+05
 0.74499992E+02 -0.30192E+05
 0.74549995E+02 -0.29409E+05
 0.74599998E+02 -0.28618E+05
 0.74649994E+02 -0.27824E+05
 0.74699997E+02 -0.27014E+05
 0.74749992E+02 -0.26196E+05
 0.74799995E+02 -0.25368E+05
 0.74849998E+02 -0.24527E+05
 0.74899994E+02 -0.23669E+05
 0.74949997E+02 -0.22789E+05
 0.74999992E+02 -0.21899E+05
 0.75049995E+02 -0.20994E+05
 0.75099998E+02 -0.20070E+05
 0.75149994E+02 -0.19120E+05
 0.75199997E+02 -0.18166E+05
 0.75249992E+02 -0.17215E+05
 0.75299995E+02 -0.16252E+05
 0.75349998E+02 -0.15287E+05
 0.75399994E+02 -0.14317E+05
 0.75449997E+02 -0.13339E+05
 0.75499992E+02 -0.12349E+05
 0.75549995E+02 -0.11341E+05
 0.75599998E+02 -0.10326E+05
 0.75649994E+02 -0.93070E+04
 0.75699997E+02 -0.82870E+04
 0.75749992E+02 -0.72710E+04
 0.75799995E+02 -0.62570E+04
 0.75849998E+02 -0.52420E+04
 0.75899994E+02 -0.42320E+04
 0.75949997E+02 -0.32390E+04
 0.75999992E+02 -0.22450E+04
 0.76049995E+02 -0.12480E+04
 0.76099998E+02 -0.25500E+03
 0.76149994E+02  0.74000E+03
 0.76199997E+02  0.17390E+04
 0.76249992E+02  0.27270E+04
 0.76299995E+02  0.37200E+04
 0.76349998E+02  0.47170E+04
 0.76399994E+02  0.56900E+04
 0.76449997E+02  0.66600E+04
 0.76499992E+02  0.76280E+04
 0.76549995E+02  0.85900E+04
 0.76599998E+02  0.95490E+04
 0.76649994E+02  0.10497E+05
 0.76699997E+02  0.11440E+05
 0.76749992E+02  0.12360E+05
 0.76799995E+02  0.13260E+05
 0.76849998E+02  0.14157E+05
 0.76899994E+02  0.15047E+05
 0.76949997E+02  0.15935E+05
 0.76999992E+02  0.16822E+05
 0.77049995E+02  0.17686E+05
 0.77099998E+02  0.18530E+05
 0.77149994E+02  0.19383E+05
 0.77199997E+02  0.20227E+05
 0.77249992E+02  0.21031E+05
 0.77299995E+02  0.21800E+05
 0.77349998E+02  0.22559E+05
 0.77399994E+02  0.23327E+05
 0.77449997E+02  0.24083E+05
 0.77499992E+02  0.24817E+05
 0.77549995E+02  0.25542E+05
 0.77599998E+02  0.26253E+05
 0.77649994E+02  0.26943E+05
 0.77699997E+02  0.27611E+05
 0.77749992E+02  0.28264E+05
 0.77799995E+02  0.28904E+05
 0.77849998E+02  0.29520E+05
 0.77899994E+02  0.30110E+05
 0.77949997E+02  0.30669E+05
 0.77999992E+02  0.31205E+05
 0.78049995E+02  0.31727E+05
 0.78099998E+02  0.32226E+05
 0.78149994E+02  0.32687E+05
 0.78199997E+02  0.33108E+05
 0.78249992E+02  0.33510E+05
 0.78299995E+02  0.33889E+05
 0.78349998E+02  0.34248E+05
 0.78399994E+02  0.34592E+05
 0.78449997E+02  0.34911E+05
 0.78499992E+02  0.35214E+05
 0.78549995E+02  0.35505E+05
 0.78599998E+02  0.35784E+05
 0.78649994E+02  0.36031E+05
 0.78699997E+02  0.36240E+05
 0.78749992E+02  0.36432E+05
 0.78799995E+02  0.36610E+05
 0.78849998E+02  0.36775E+05
 0.78899994E+02  0.36921E+05
 0.78949997E+02  0.37041E+05
 0.78999992E+02  0.37133E+05
 0.79049995E+02  0.37196E+05
 0.79099998E+02  0.37225E+05
 0.79149994E+02  0.37227E+05
 0.79199997E+02  0.37203E+05
 0.79249992E+02  0.37159E+05
 0.79299995E+02  0.37110E+05
 0.79349998E+02  0.37024E+05
 0.79399994E+02  0.36901E+05
 0.79449997E+02  0.36769E+05
 0.79499992E+02  0.36639E+05
 0.79549995E+02  0.36510E+05
 0.79599998E+02  0.36371E+05
 0.79649994E+02  0.36223E+05
 0.79699997E+02  0.36075E+05
 0.79749992E+02  0.35923E+05
 0.79799995E+02  0.35744E+05
 0.79849998E+02  0.35540E+05
 0.79899994E+02  0.35315E+05
 0.79949997E+02  0.35078E+05
 0.79999992E+02  0.34836E+05
 0.80049995E+02  0.34566E+05
 0.80099998E+02  0.34251E+05
 0.80149994E+02  0.33905E+05
 0.80199997E+02  0.33554E+05
 0.80249992E+02  0.33184E+05
 0.80299995E+02  0.32799E+05
 0.80349998E+02  0.32405E+05
 0.80399994E+02  0.31978E+05
 0.80449997E+02  0.31513E+05
 0.80499992E+02  0.31006E+05
 0.80549995E+02  0.30474E+05
 0.80599998E+02  0.29941E+05
 0.80649994E+02  0.29383E+05
 0.80699997E+02  0.28791E+05
 0.80749992E+02  0.28180E+05
 0.80799995E+02  0.27562E+05
 0.80849998E+02  0.26954E+05
 0.80899994E+02  0.26351E+05
 0.80949997E+02  0.25707E+05
 0.80999992E+02  0.25019E+05
 0.81049995E+02  0.24300E+05
 0.81099998E+02  0.23556E+05
 0.81149994E+02  0.22807E+05
 0.81199997E+02  0.22059E+05
 0.81249992E+02  0.21304E+05
 0.81299995E+02  0.20515E+05
 0.81349998E+02  0.19710E+05
 0.81399994E+02  0.18907E+05
 0.81449997E+02  0.18078E+05
 0.81499992E+02  0.17232E+05
 0.81549995E+02  0.16374E+05
 0.81599998E+02  0.15504E+05
 0.81649994E+02  0.14631E+05
 0.81699997E+02  0.13737E+05
 0.81749992E+02  0.12818E+05
 0.81799995E+02  0.11864E+05
 0.81849998E+02  0.10885E+05
 0.81899994E+02  0.99290E+04
 0.81949997E+02  0.89980E+04
 0.81999992E+02  0.80740E+04
 0.82049995E+02  0.71550E+04
 0.82099998E+02  0.62300E+04
 0.82149994E+02  0.52840E+04
 0.82199997E+02  0.43110E+04
 0.82249992E+02  0.33230E+04
 0.82299995E+02  0.23300E+04
 0.82349998E+02  0.13320E+04
 0.82399994E+02  0.33400E+03
 0.82449997E+02 -0.67200E+03
 0.82499992E+02 -0.17080E+04
 0.82549995E+02 -0.27660E+04
 0.82599998E+02 -0.38260E+04
 0.82649994E+02 -0.48890E+04
 0.82699997E+02 -0.59510E+04
 0.82749992E+02 -0.70290E+04
 0.82799995E+02 -0.81250E+04
 0.82849998E+02 -0.92270E+04
 0.82899994E+02 -0.10337E+05
 0.82949997E+02 -0.11442E+05
 0.82999992E+02 -0.12538E+05
 0.83049995E+02 -0.13601E+05
 0.83099998E+02 -0.14639E+05
 0.83149994E+02 -0.15670E+05
 0.83199997E+02 -0.16687E+05
 0.83249992E+02 -0.17715E+05
 0.83299995E+02 -0.18772E+05
 0.83349998E+02 -0.19819E+05
 0.83399994E+02 -0.20842E+05
 0.83449997E+02 -0.21874E+05
 0.83499992E+02 -0.22888E+05
 0.83549995E+02 -0.23887E+05
 0.83599998E+02 -0.24872E+05
 0.83649994E+02 -0.25833E+05
 0.83699997E+02 -0.26768E+05
 0.83749992E+02 -0.27671E+05
 0.83799995E+02 -0.28578E+05
 0.83849998E+02 -0.29493E+05
 0.83899994E+02 -0.30404E+05
 0.83949997E+02 -0.31298E+05
 0.83999992E+02 -0.32149E+05
 0.84049995E+02 -0.32955E+05
 0.84099998E+02 -0.33729E+05
 0.84149994E+02 -0.34500E+05
 0.84199997E+02 -0.35275E+05
 0.84249992E+02 -0.36047E+05
 0.84299995E+02 -0.36791E+05
 0.84349998E+02 -0.37478E+05
 0.84399994E+02 -0.38128E+05
 0.84449997E+02 -0.38782E+05
 0.84499992E+02 -0.39442E+05
 0.84549995E+02 -0.40071E+05
 0.84599998E+02 -0.40680E+05
 0.84649994E+02 -0.41277E+05
 0.84699997E+02 -0.41876E+05
 0.84749992E+02 -0.42482E+05
 0.84799995E+02 -0.43084E+05
 0.84849998E+02 -0.43681E+05
 0.84899994E+02 -0.44242E+05
 0.84949997E+02 -0.44776E+05
 0.84999992E+02 -0.45296E+05
 0.85049995E+02 -0.45805E+05
 0.85099998E+02 -0.46307E+05
 0.85149994E+02 -0.46816E+05
 0.85199997E+02 -0.47318E+05
 0.85249992E+02 -0.47768E+05
 0.85299995E+02 -0.48165E+05
 0.85349998E+02 -0.48520E+05
 0.85399994E+02 -0.48856E+05
 0.85449997E+02 -0.49165E+05
 0.85499992E+02 -0.49436E+05
 0.85549995E+02 -0.49663E+05
 0.85599998E+02 -0.49823E+05
 0.85649994E+02 -0.49932E+05
 0.85699997E+02 -0.50007E+05
 0.85749992E+02 -0.50059E+05
 0.85799995E+02 -0.50106E+05
 0.85849998E+02 -0.50123E+05
 0.85899994E+02 -0.50068E+05
 0.85949997E+02 -0.49973E+05
 0.85999992E+02 -0.49873E+05
 0.86049995E+02 -0.49735E+05
 0.86099998E+02 -0.49566E+05
 0.86149994E+02 -0.49375E+05
 0.86199997E+02 -0.49143E+05
 0.86249992E+02 -0.48889E+05
 0.86299995E+02 -0.48615E+05
 0.86349998E+02 -0.48312E+05
 0.86399994E+02 -0.47989E+05
 0.86449997E+02 -0.47658E+05
 0.86499992E+02 -0.47313E+05
 0.86549995E+02 -0.46950E+05
 0.86599991E+02 -0.46571E+05
 0.86649994E+02 -0.46157E+05
 0.86699997E+02 -0.45723E+05
 0.86749992E+02 -0.45284E+05
 0.86799995E+02 -0.44848E+05
 0.86849991E+02 -0.44405E+05
 0.86899994E+02 -0.43933E+05
 0.86949997E+02 -0.43467E+05
 0.86999992E+02 -0.43018E+05
 0.87049995E+02 -0.42553E+05
 0.87099991E+02 -0.42064E+05
 0.87149994E+02 -0.41553E+05
 0.87199997E+02 -0.41014E+05
 0.87249992E+02 -0.40436E+05
 0.87299995E+02 -0.39849E+05
 0.87349991E+02 -0.39280E+05
 0.87399994E+02 -0.38695E+05
 0.87449997E+02 -0.38079E+05
 0.87499992E+02 -0.37448E+05
 0.87549995E+02 -0.36815E+05
 0.87599991E+02 -0.36187E+05
 0.87649994E+02 -0.35550E+05
 0.87699997E+02 -0.34893E+05
 0.87749992E+02 -0.34216E+05
 0.87799995E+02 -0.33512E+05
 0.87849991E+02 -0.32771E+05
 0.87899994E+02 -0.32013E+05
 0.87949997E+02 -0.31268E+05
 0.87999992E+02 -0.30520E+05
 0.88049995E+02 -0.29763E+05
 0.88099991E+02 -0.29016E+05
 0.88149994E+02 -0.28257E+05
 0.88199997E+02 -0.27474E+05
 0.88249992E+02 -0.26700E+05
 0.88299995E+02 -0.25923E+05
 0.88349991E+02 -0.25142E+05
 0.88399994E+02 -0.24358E+05
 0.88449997E+02 -0.23580E+05
 0.88499992E+02 -0.22815E+05
 0.88549995E+02 -0.22051E+05
 0.88599991E+02 -0.21307E+05
 0.88649994E+02 -0.20605E+05
 0.88699997E+02 -0.19943E+05
 0.88749992E+02 -0.19284E+05
 0.88799995E+02 -0.18622E+05
 0.88849991E+02 -0.17968E+05
 0.88899994E+02 -0.17335E+05
 0.88949997E+02 -0.16707E+05
 0.88999992E+02 -0.16077E+05
 0.89049995E+02 -0.15453E+05
 0.89099991E+02 -0.14818E+05
 0.89149994E+02 -0.14190E+05
 0.89199997E+02 -0.13560E+05
 0.89249992E+02 -0.12945E+05
 0.89299995E+02 -0.12351E+05
 0.89349991E+02 -0.11752E+05
 0.89399994E+02 -0.11171E+05
 0.89449997E+02 -0.10594E+05
 0.89499992E+02 -0.10035E+05
 0.89549995E+02 -0.94910E+04
 0.89599991E+02 -0.89510E+04
 0.89649994E+02 -0.84210E+04
 0.89699997E+02 -0.78950E+04
 0.89749992E+02 -0.73680E+04
 0.89799995E+02 -0.68350E+04
 0.89849991E+02 -0.63120E+04
 0.89899994E+02 -0.58050E+04
 0.89949997E+02 -0.53190E+04
 0.89999992E+02 -0.48400E+04
 0.90049995E+02 -0.43440E+04
 0.90099991E+02 -0.38420E+04
 0.90149994E+02 -0.33580E+04
 0.90199997E+02 -0.29030E+04
 0.90249992E+02 -0.24630E+04
 0.90299995E+02 -0.20360E+04
 0.90349991E+02 -0.16290E+04
 0.90399994E+02 -0.12430E+04
 0.90449997E+02 -0.84600E+03
 0.90499992E+02 -0.43500E+03
 0.90549995E+02 -0.39000E+02
 0.90599991E+02  0.33900E+03
 0.90649994E+02  0.68500E+03
 0.90699997E+02  0.10080E+04
 0.90749992E+02  0.13300E+04
 0.90799995E+02  0.16400E+04
 0.90849991E+02  0.19190E+04
 0.90899994E+02  0.21740E+04
 0.90949997E+02  0.24130E+04
 0.90999992E+02  0.26430E+04
 0.91049995E+02  0.28660E+04
 0.91099991E+02  0.30690E+04
 0.91149994E+02  0.32370E+04
 0.91199997E+02  0.33840E+04
 0.91249992E+02  0.35050E+04
 0.91299995E+02  0.36010E+04
 0.91349991E+02  0.36860E+04
 0.91399994E+02  0.37620E+04
 0.91449997E+02  0.38450E+04
 0.91499992E+02  0.39260E+04
 0.91549995E+02  0.40010E+04
 0.91599991E+02  0.40710E+04
 0.91649994E+02  0.41270E+04
 0.91699997E+02  0.41730E+04
 0.91749992E+02  0.42140E+04
 0.91799995E+02  0.42480E+04
 0.91849991E+02  0.42640E+04
 0.91899994E+02  0.42630E+04
 0.91949997E+02  0.42540E+04
 0.91999992E+02  0.42440E+04
 0.92049995E+02  0.42360E+04
 0.92099991E+02  0.42130E+04
 0.92149994E+02  0.41750E+04
 0.92199997E+02  0.41130E+04
 0.92249992E+02  0.40280E+04
 0.92299995E+02  0.39520E+04
 0.92349991E+02  0.38680E+04
 0.92399994E+02  0.37700E+04
 0.92449997E+02  0.36860E+04
 0.92499992E+02  0.36150E+04
 0.92549995E+02  0.35470E+04
 0.92599991E+02  0.34760E+04
 0.92649994E+02  0.33970E+04
 0.92699997E+02  0.33120E+04
 0.92749992E+02  0.32410E+04
 0.92799995E+02  0.32000E+04
 0.92849991E+02  0.31640E+04
 0.92899994E+02  0.31080E+04
 0.92949997E+02  0.30510E+04
 0.92999992E+02  0.29980E+04
 0.93049995E+02  0.29300E+04
 0.93099991E+02  0.28540E+04
 0.93149994E+02  0.27890E+04
 0.93199997E+02  0.27310E+04
 0.93249992E+02  0.26660E+04
 0.93299995E+02  0.26140E+04
 0.93349991E+02  0.25790E+04
 0.93399994E+02  0.25490E+04
 0.93449997E+02  0.25370E+04
 0.93499992E+02  0.25400E+04
 0.93549995E+02  0.25530E+04
 0.93599991E+02  0.25750E+04
 0.93649994E+02  0.25990E+04
 0.93699997E+02  0.26210E+04
 0.93749992E+02  0.26500E+04
 0.93799995E+02  0.26970E+04
 0.93849991E+02  0.27580E+04
 0.93899994E+02  0.28480E+04
 0.93949997E+02  0.29650E+04
 0.93999992E+02  0.30790E+04
 0.94049995E+02  0.31810E+04
 0.94099991E+02  0.32870E+04
 0.94149994E+02  0.33910E+04
 0.94199997E+02  0.35040E+04
 0.94249992E+02  0.36610E+04
 0.94299995E+02  0.38530E+04
 0.94349991E+02  0.40610E+04
 0.94399994E+02  0.42610E+04
 0.94449997E+02  0.44460E+04
 0.94499992E+02  0.46210E+04
 0.94549995E+02  0.47980E+04
 0.94599991E+02  0.49840E+04
 0.94649994E+02  0.51670E+04
 0.94699997E+02  0.53530E+04
 0.94749992E+02  0.55330E+04
 0.94799995E+02  0.57020E+04
 0.94849991E+02  0.58570E+04
 0.94899994E+02  0.60130E+04
 0.94949997E+02  0.61620E+04
 0.94999992E+02  0.62800E+04
 0.95049995E+02  0.64030E+04
 0.95099991E+02  0.65250E+04
 0.95149994E+02  0.66590E+04
 0.95199997E+02  0.67830E+04
 0.95249992E+02  0.68670E+04
 0.95299995E+02  0.69620E+04
 0.95349991E+02  0.70890E+04
 0.95399994E+02  0.72580E+04
 0.95449997E+02  0.74460E+04
 0.95499992E+02  0.76470E+04
 0.95549995E+02  0.78810E+04
 0.95599991E+02  0.81200E+04
 0.95649994E+02  0.83380E+04
 0.95699997E+02  0.85010E+04
 0.95749992E+02  0.86270E+04
 0.95799995E+02  0.87690E+04
 0.95849991E+02  0.89310E+04
 0.95899994E+02  0.91200E+04
 0.95949997E+02  0.93700E+04
 0.95999992E+02  0.96980E+04
 0.96049995E+02  0.10052E+05
 0.96099991E+02  0.10394E+05
 0.96149994E+02  0.10733E+05
 0.96199997E+02  0.11049E+05
 0.96249992E+02  0.11366E+05
 0.96299995E+02  0.11673E+05
 0.96349991E+02  0.11925E+05
 0.96399994E+02  0.12161E+05
 0.96449997E+02  0.12399E+05
 0.96499992E+02  0.12629E+05
 0.96549995E+02  0.12904E+05
 0.96599991E+02  0.13303E+05
 0.96649994E+02  0.13839E+05
 0.96699997E+02  0.14393E+05
 0.96749992E+02  0.14839E+05
 0.96799995E+02  0.15135E+05
 0.96849991E+02  0.15277E+05
 0.96899994E+02  0.15333E+05
 0.96949997E+02  0.15455E+05
 0.96999992E+02  0.15748E+05
 0.97049995E+02  0.16190E+05
 0.97099991E+02  0.16680E+05
 0.97149994E+02  0.17155E+05
 0.97199997E+02  0.17637E+05
 0.97249992E+02  0.18132E+05
 0.97299995E+02  0.18611E+05
 0.97349991E+02  0.19057E+05
 0.97399994E+02  0.19427E+05
 0.97449997E+02  0.19649E+05
 0.97499992E+02  0.19707E+05
 0.97549995E+02  0.19714E+05
 0.97599991E+02  0.19842E+05
 0.97649994E+02  0.20167E+05
 0.97699997E+02  0.20649E+05
 0.97749992E+02  0.21186E+05
 0.97799995E+02  0.21709E+05
 0.97849991E+02  0.22191E+05
 0.97899994E+02  0.22572E+05
 0.97949997E+02  0.22816E+05
 0.97999992E+02  0.23003E+05
 0.98049995E+02  0.23264E+05
 0.98099991E+02  0.23604E+05
 0.98149994E+02  0.23971E+05
 0.98199997E+02  0.24408E+05
 0.98249992E+02  0.24958E+05
 0.98299995E+02  0.25559E+05
 0.98349991E+02  0.26099E+05
 0.98399994E+02  0.26551E+05
 0.98449997E+02  0.27016E+05
 0.98499992E+02  0.27515E+05
 0.98549995E+02  0.28044E+05
 0.98599991E+02  0.28678E+05
 0.98649994E+02  0.29466E+05
 0.98699997E+02  0.30355E+05
 0.98749992E+02  0.31152E+05
 0.98799995E+02  0.31729E+05
 0.98849991E+02  0.32163E+05
 0.98899994E+02  0.32618E+05
 0.98949997E+02  0.33199E+05
 0.98999992E+02  0.33886E+05
 0.99049995E+02  0.34594E+05
 0.99099991E+02  0.35294E+05
 0.99149994E+02  0.35870E+05
 0.99199997E+02  0.36238E+05
 0.99249992E+02  0.36528E+05
 0.99299995E+02  0.36807E+05
 0.99349991E+02  0.37144E+05
 0.99399994E+02  0.37599E+05
 0.99449997E+02  0.38076E+05
 0.99499992E+02  0.38620E+05
 0.99549995E+02  0.39401E+05
 0.99599991E+02  0.40348E+05
 0.99649994E+02  0.41210E+05
 0.99699997E+02  0.41949E+05
 0.99749992E+02  0.42706E+05
 0.99799995E+02  0.43584E+05
 0.99849991E+02  0.44587E+05
 0.99899994E+02  0.45611E+05
 0.99949997E+02  0.46483E+05
 0.99999992E+02  0.47150E+05
 0.10005000E+03  0.47730E+05
 0.10009999E+03  0.48208E+05
 0.10014999E+03  0.48512E+05
 0.10020000E+03  0.48725E+05
 0.10024999E+03  0.49067E+05
 0.10030000E+03  0.49571E+05
 0.10034999E+03  0.49928E+05
 0.10039999E+03  0.50055E+05
 0.10045000E+03  0.50224E+05
 0.10049999E+03  0.50601E+05
 0.10055000E+03  0.50990E+05
 0.10059999E+03  0.51304E+05
 0.10064999E+03  0.51702E+05
 0.10070000E+03  0.52075E+05
 0.10074999E+03  0.52282E+05
 0.10080000E+03  0.52461E+05
 0.10084999E+03  0.52851E+05
 0.10089999E+03  0.53580E+05
 0.10095000E+03  0.54419E+05
 0.10099999E+03  0.54904E+05
 0.10105000E+03  0.54886E+05
 0.10109999E+03  0.54541E+05
 0.10114999E+03  0.53923E+05
 0.10120000E+03  0.52970E+05
 0.10124999E+03  0.52058E+05
 0.10130000E+03  0.51918E+05
 0.10134999E+03  0.52817E+05
 0.10139999E+03  0.54221E+05
 0.10145000E+03  0.55374E+05
 0.10149999E+03  0.56065E+05
 0.10155000E+03  0.56363E+05
 0.10159999E+03  0.56287E+05
 0.10164999E+03  0.56032E+05
 0.10170000E+03  0.55839E+05
 0.10174999E+03  0.55726E+05
 0.10180000E+03  0.55779E+05
 0.10184999E+03  0.56260E+05
 0.10189999E+03  0.57139E+05
 0.10195000E+03  0.58186E+05
 0.10199999E+03  0.59284E+05
 0.10205000E+03  0.60071E+05
 0.10209999E+03  0.60196E+05
 0.10214999E+03  0.59786E+05
 0.10220000E+03  0.58991E+05
 0.10224999E+03  0.57949E+05
 0.10230000E+03  0.56994E+05
 0.10234999E+03  0.56397E+05
 0.10239999E+03  0.56157E+05
 0.10245000E+03  0.56171E+05
 0.10249999E+03  0.56329E+05
 0.10255000E+03  0.56400E+05
 0.10259999E+03  0.56016E+05
 0.10264999E+03  0.55002E+05
 0.10270000E+03  0.53585E+05
 0.10274999E+03  0.51935E+05
 0.10280000E+03  0.50163E+05
 0.10284999E+03  0.48485E+05
 0.10289999E+03  0.46924E+05
 0.10295000E+03  0.45488E+05
 0.10299999E+03  0.44242E+05
 0.10305000E+03  0.43240E+05
 0.10309999E+03  0.42438E+05
 0.10314999E+03  0.41586E+05
 0.10320000E+03  0.40981E+05
 0.10324999E+03  0.41247E+05
 0.10330000E+03  0.42570E+05
 0.10334999E+03  0.44717E+05
 0.10339999E+03  0.46966E+05
 0.10345000E+03  0.48762E+05
 0.10349999E+03  0.49951E+05
 0.10355000E+03  0.50370E+05
 0.10359999E+03  0.50069E+05
 0.10364999E+03  0.49155E+05
 0.10370000E+03  0.47729E+05
 0.10374999E+03  0.46033E+05
 0.10380000E+03  0.44072E+05
 0.10384999E+03  0.42057E+05
 0.10389999E+03  0.40661E+05
 0.10395000E+03  0.40159E+05
 0.10399999E+03  0.40535E+05
 0.10405000E+03  0.41855E+05
 0.10409999E+03  0.43691E+05
 0.10414999E+03  0.45061E+05
 0.10420000E+03  0.45269E+05
 0.10424999E+03  0.44303E+05
 0.10430000E+03  0.42475E+05
 0.10434999E+03  0.40173E+05
 0.10439999E+03  0.37916E+05
 0.10445000E+03  0.36250E+05
 0.10449999E+03  0.35618E+05
 0.10455000E+03  0.36040E+05
 0.10459999E+03  0.36949E+05
 0.10464999E+03  0.37522E+05
 0.10470000E+03  0.36964E+05
 0.10474999E+03  0.35141E+05
 0.10480000E+03  0.32710E+05
 0.10484999E+03  0.30469E+05
 0.10489999E+03  0.28636E+05
 0.10495000E+03  0.26749E+05
 0.10499999E+03  0.24722E+05
 0.10505000E+03  0.22936E+05
 0.10509999E+03  0.21987E+05
 0.10514999E+03  0.22470E+05
 0.10520000E+03  0.24131E+05
 0.10524999E+03  0.26420E+05
 0.10530000E+03  0.28743E+05
 0.10534999E+03  0.30396E+05
 0.10539999E+03  0.31526E+05
 0.10545000E+03  0.32837E+05
 0.10549999E+03  0.34364E+05
 0.10555000E+03  0.35463E+05
 0.10559999E+03  0.35907E+05
 0.10564999E+03  0.35742E+05
 0.10570000E+03  0.34972E+05
 0.10574999E+03  0.33871E+05
 0.10580000E+03  0.32652E+05
 0.10584999E+03  0.31342E+05
 0.10589999E+03  0.29584E+05
 0.10595000E+03  0.27470E+05
 0.10599999E+03  0.25408E+05
 0.10605000E+03  0.23553E+05
 0.10609999E+03  0.22584E+05
 0.10614999E+03  0.22551E+05
 0.10620000E+03  0.23086E+05
 0.10624999E+03  0.24262E+05
 0.10630000E+03  0.25168E+05
 0.10634999E+03  0.24755E+05
 0.10639999E+03  0.23460E+05
 0.10645000E+03  0.22142E+05
 0.10649999E+03  0.21393E+05
 0.10655000E+03  0.21634E+05
 0.10659999E+03  0.22611E+05
 0.10664999E+03  0.23696E+05
 0.10670000E+03  0.24530E+05
 0.10674999E+03  0.25032E+05
 0.10680000E+03  0.25282E+05
 0.10684999E+03  0.25663E+05
 0.10689999E+03  0.26488E+05
 0.10695000E+03  0.27829E+05
 0.10699999E+03  0.29314E+05
 0.10705000E+03  0.29958E+05
 0.10709999E+03  0.29154E+05
 0.10714999E+03  0.27133E+05
 0.10720000E+03  0.25013E+05
 0.10724999E+03  0.23842E+05
 0.10730000E+03  0.24015E+05
 0.10734999E+03  0.24949E+05
 0.10739999E+03  0.24519E+05
 0.10745000E+03  0.21781E+05
 0.10749999E+03  0.18198E+05
 0.10755000E+03  0.15844E+05
 0.10759999E+03  0.15691E+05
 0.10764999E+03  0.16963E+05
 0.10770000E+03  0.18739E+05
 0.10774999E+03  0.20265E+05
 0.10780000E+03  0.20682E+05
 0.10784999E+03  0.20223E+05
 0.10789999E+03  0.19703E+05
 0.10795000E+03  0.19222E+05
 0.10799999E+03  0.18326E+05
 0.10805000E+03  0.16505E+05
 0.10809999E+03  0.13851E+05
 0.10814999E+03  0.11545E+05
 0.10820000E+03  0.10616E+05
 0.10824999E+03  0.10968E+05
 0.10830000E+03  0.12130E+05
 0.10834999E+03  0.13315E+05
 0.10839999E+03  0.13427E+05
 0.10845000E+03  0.12260E+05
 0.10849999E+03  0.10804E+05
 0.10855000E+03  0.97880E+04
 0.10859999E+03  0.86620E+04
 0.10864999E+03  0.70150E+04
 0.10870000E+03  0.56530E+04
 0.10874999E+03  0.57890E+04
 0.10880000E+03  0.82370E+04
 0.10884999E+03  0.12298E+05
 0.10889999E+03  0.16209E+05
 0.10895000E+03  0.19019E+05
 0.10899999E+03  0.20865E+05
 0.10905000E+03  0.22352E+05
 0.10909999E+03  0.23633E+05
 0.10914999E+03  0.23914E+05
 0.10920000E+03  0.22242E+05
 0.10924999E+03  0.18931E+05
 0.10930000E+03  0.15268E+05
 0.10934999E+03  0.11689E+05
 0.10939999E+03  0.82260E+04
 0.10945000E+03  0.50770E+04
 0.10949999E+03  0.22660E+04
 0.10955000E+03  0.33600E+03
 0.10959999E+03 -0.38900E+03
 0.10964999E+03 -0.49800E+03
 0.10970000E+03 -0.77900E+03
 0.10974999E+03 -0.15470E+04
 0.10980000E+03 -0.21660E+04
 0.10984999E+03 -0.22460E+04
 0.10989999E+03 -0.23320E+04
 0.10995000E+03 -0.28470E+04
 0.10999999E+03 -0.36650E+04
 0.11005000E+03 -0.45240E+04
 0.11009999E+03 -0.50090E+04
 0.11014999E+03 -0.44480E+04
 0.11020000E+03 -0.25130E+04
 0.11024999E+03  0.67300E+03
 0.11030000E+03  0.37730E+04
 0.11034999E+03  0.46550E+04
 0.11039999E+03  0.30070E+04
 0.11045000E+03  0.40700E+03
 0.11049999E+03 -0.13900E+04
 0.11055000E+03 -0.13430E+04
 0.11059999E+03  0.46500E+03
 0.11064999E+03  0.24370E+04
 0.11070000E+03  0.24120E+04
 0.11074999E+03  0.29000E+02
 0.11080000E+03 -0.28010E+04
 0.11084999E+03 -0.36200E+04
 0.11089999E+03 -0.17880E+04
 0.11095000E+03  0.11520E+04
 0.11099999E+03  0.36660E+04
 0.11105000E+03  0.50390E+04
 0.11109999E+03  0.54460E+04
 0.11114999E+03  0.52580E+04
 0.11120000E+03  0.44410E+04
 0.11124999E+03  0.38130E+04
 0.11130000E+03  0.38930E+04
 0.11134999E+03  0.42570E+04
 0.11139999E+03  0.41650E+04
 0.11145000E+03  0.28560E+04
 0.11149999E+03  0.10450E+04
 0.11155000E+03  0.64000E+02
 0.11159999E+03  0.17900E+03
 0.11164999E+03  0.49100E+03
 0.11170000E+03  0.15000E+03
 0.11174999E+03 -0.81700E+03
 0.11180000E+03 -0.21220E+04
 0.11184999E+03 -0.36750E+04
 0.11189999E+03 -0.53080E+04
 0.11195000E+03 -0.60130E+04
 0.11199999E+03 -0.49890E+04
 0.11205000E+03 -0.25560E+04
 0.11209999E+03  0.64000E+02
 0.11214999E+03  0.17670E+04
 0.11220000E+03  0.26000E+04
 0.11224999E+03  0.30760E+04
 0.11230000E+03  0.43150E+04
 0.11234999E+03  0.68410E+04
 0.11239999E+03  0.90890E+04
 0.11244999E+03  0.97450E+04
 0.11249999E+03  0.92860E+04
 0.11255000E+03  0.90630E+04
 0.11259999E+03  0.10556E+05
 0.11264999E+03  0.13924E+05
 0.11269999E+03  0.17545E+05
 0.11274999E+03  0.19818E+05
 0.11280000E+03  0.19992E+05
 0.11284999E+03  0.18288E+05
 0.11289999E+03  0.15263E+05
 0.11294999E+03  0.12325E+05
 0.11299999E+03  0.11599E+05
 0.11305000E+03  0.12795E+05
 0.11309999E+03  0.14171E+05
 0.11314999E+03  0.14614E+05
 0.11319999E+03  0.13649E+05
 0.11324999E+03  0.11856E+05
 0.11330000E+03  0.99850E+04
 0.11334999E+03  0.87100E+04
 0.11339999E+03  0.87340E+04
 0.11344999E+03  0.10278E+05
 0.11349999E+03  0.13228E+05
 0.11355000E+03  0.16998E+05
 0.11359999E+03  0.20504E+05
 0.11364999E+03  0.22842E+05
 0.11369999E+03  0.24230E+05
 0.11374999E+03  0.25478E+05
 0.11380000E+03  0.26581E+05
 0.11384999E+03  0.27447E+05
 0.11389999E+03  0.28772E+05
 0.11394999E+03  0.31166E+05
 0.11399999E+03  0.33995E+05
 0.11405000E+03  0.35786E+05
 0.11409999E+03  0.36232E+05
 0.11414999E+03  0.36200E+05
 0.11419999E+03  0.35791E+05
 0.11424999E+03  0.33778E+05
 0.11430000E+03  0.29296E+05
 0.11434999E+03  0.23696E+05
 0.11439999E+03  0.19218E+05
 0.11444999E+03  0.16562E+05
 0.11449999E+03  0.15358E+05
 0.11455000E+03  0.15618E+05
 0.11459999E+03  0.17277E+05
 0.11464999E+03  0.19106E+05
 0.11469999E+03  0.19888E+05
 0.11474999E+03  0.20452E+05
 0.11480000E+03  0.22213E+05
 0.11484999E+03  0.25517E+05
 0.11489999E+03  0.29934E+05
 0.11494999E+03  0.34181E+05
 0.11499999E+03  0.37250E+05
 0.11505000E+03  0.38895E+05
 0.11509999E+03  0.39140E+05
 0.11514999E+03  0.38169E+05
 0.11519999E+03  0.36386E+05
 0.11524999E+03  0.34811E+05
 0.11530000E+03  0.34177E+05
 0.11534999E+03  0.34646E+05
 0.11539999E+03  0.36594E+05
 0.11544999E+03  0.40216E+05
 0.11549999E+03  0.44643E+05
 0.11555000E+03  0.48770E+05
 0.11559999E+03  0.52188E+05
 0.11564999E+03  0.54531E+05
 0.11569999E+03  0.56032E+05
 0.11574999E+03  0.57120E+05
 0.11580000E+03  0.57648E+05
 0.11584999E+03  0.58163E+05
 0.11589999E+03  0.59139E+05
 0.11594999E+03  0.60308E+05
 0.11599999E+03  0.62037E+05
 0.11605000E+03  0.64067E+05
 0.11609999E+03  0.64937E+05
 0.11614999E+03  0.64560E+05
 0.11619999E+03  0.63801E+05
 0.11624999E+03  0.62647E+05
 0.11630000E+03  0.60326E+05
 0.11634999E+03  0.56806E+05
 0.11639999E+03  0.53748E+05
 0.11644999E+03  0.51763E+05
 0.11649999E+03  0.49948E+05
 0.11655000E+03  0.48169E+05
 0.11659999E+03  0.46361E+05
 0.11664999E+03  0.44103E+05
 0.11669999E+03  0.41348E+05
 0.11674999E+03  0.38241E+05
 0.11680000E+03  0.34567E+05
 0.11684999E+03  0.30217E+05
 0.11689999E+03  0.25826E+05
 0.11694999E+03  0.22918E+05
 0.11699999E+03  0.23235E+05
 0.11705000E+03  0.26831E+05
 0.11709999E+03  0.32153E+05
 0.11714999E+03  0.37675E+05
 0.11719999E+03  0.43050E+05
 0.11724999E+03  0.47890E+05
 0.11730000E+03  0.50774E+05
 0.11734999E+03  0.52209E+05
 0.11739999E+03  0.53959E+05
 0.11744999E+03  0.56344E+05
 0.11749999E+03  0.58892E+05
 0.11755000E+03  0.60661E+05
 0.11759999E+03  0.60937E+05
 0.11764999E+03  0.58981E+05
 0.11769999E+03  0.53566E+05
 0.11774999E+03  0.45569E+05
 0.11780000E+03  0.38656E+05
 0.11784999E+03  0.34724E+05
 0.11789999E+03  0.32116E+05
 0.11794999E+03  0.29161E+05
 0.11799999E+03  0.24853E+05
 0.11805000E+03  0.18904E+05
 0.11809999E+03  0.12611E+05
 0.11814999E+03  0.76090E+04
 0.11819999E+03  0.51370E+04
 0.11824999E+03  0.55230E+04
 0.11830000E+03  0.81290E+04
 0.11834999E+03  0.11704E+05
 0.11839999E+03  0.14411E+05
 0.11844999E+03  0.14988E+05
 0.11849999E+03  0.14330E+05
 0.11855000E+03  0.13829E+05
 0.11859999E+03  0.12666E+05
 0.11864999E+03  0.95810E+04
 0.11869999E+03  0.52070E+04
 0.11874999E+03  0.16040E+04
 0.11880000E+03  0.53600E+03
 0.11884999E+03  0.13650E+04
 0.11889999E+03  0.11190E+04
 0.11894999E+03 -0.16940E+04
 0.11899999E+03 -0.58500E+04
 0.11905000E+03 -0.10515E+05
 0.11909999E+03 -0.15293E+05
 0.11914999E+03 -0.19999E+05
 0.11919999E+03 -0.25169E+05
 0.11924999E+03 -0.30275E+05
 0.11930000E+03 -0.34752E+05
 0.11934999E+03 -0.39233E+05
 0.11939999E+03 -0.43894E+05
 0.11944999E+03 -0.48416E+05
 0.11949999E+03 -0.52412E+05
 0.11955000E+03 -0.55449E+05
 0.11959999E+03 -0.57362E+05
 0.11964999E+03 -0.58165E+05
 0.11969999E+03 -0.57854E+05
 0.11974999E+03 -0.56458E+05
 0.11980000E+03 -0.54726E+05
 0.11984999E+03 -0.53228E+05
 0.11989999E+03 -0.51714E+05
 0.11994999E+03 -0.49834E+05
 0.11999999E+03 -0.47518E+05
 0.12005000E+03 -0.45685E+05
 0.12009999E+03 -0.45103E+05
 0.12014999E+03 -0.45395E+05
 0.12019999E+03 -0.46067E+05
 0.12024999E+03 -0.47069E+05
 0.12030000E+03 -0.48845E+05
 0.12034999E+03 -0.51819E+05
 0.12039999E+03 -0.56208E+05
 0.12044999E+03 -0.62240E+05
 0.12049999E+03 -0.69668E+05
 0.12055000E+03 -0.77763E+05
 0.12059999E+03 -0.84671E+05
 0.12064999E+03 -0.87920E+05
 0.12069999E+03 -0.87819E+05
 0.12074999E+03 -0.87171E+05
 0.12080000E+03 -0.87614E+05
 0.12084999E+03 -0.88370E+05
 0.12089999E+03 -0.88499E+05
 0.12094999E+03 -0.88452E+05
 0.12099999E+03 -0.88963E+05
 0.12105000E+03 -0.90446E+05
 0.12109999E+03 -0.92430E+05
 0.12114999E+03 -0.94259E+05
 0.12119999E+03 -0.96039E+05
 0.12124999E+03 -0.98325E+05
 0.12130000E+03 -0.10189E+06
 0.12134999E+03 -0.10727E+06
 0.12139999E+03 -0.11414E+06
 0.12144999E+03 -0.12134E+06
 0.12149999E+03 -0.12789E+06
 0.12155000E+03 -0.13270E+06
 0.12159999E+03 -0.13505E+06
 0.12164999E+03 -0.13531E+06
 0.12169999E+03 -0.13385E+06
 0.12174999E+03 -0.13115E+06
 0.12180000E+03 -0.12789E+06
 0.12184999E+03 -0.12509E+06
 0.12189999E+03 -0.12306E+06
 0.12194999E+03 -0.12076E+06
 0.12199999E+03 -0.11758E+06
 0.12205000E+03 -0.11305E+06
 0.12209999E+03 -0.10666E+06
 0.12214999E+03 -0.98859E+05
 0.12219999E+03 -0.90255E+05
 0.12224999E+03 -0.81146E+05
 0.12230000E+03 -0.71852E+05
 0.12234999E+03 -0.63682E+05
 0.12239999E+03 -0.58269E+05
 0.12244999E+03 -0.56077E+05
 0.12249999E+03 -0.56279E+05
 0.12255000E+03 -0.58038E+05
 0.12259999E+03 -0.61548E+05
 0.12264999E+03 -0.66146E+05
 0.12269999E+03 -0.70375E+05
 0.12274999E+03 -0.73404E+05
 0.12280000E+03 -0.74871E+05
 0.12284999E+03 -0.74754E+05
 0.12289999E+03 -0.72465E+05
 0.12294999E+03 -0.67364E+05
 0.12299999E+03 -0.60119E+05
 0.12305000E+03 -0.52756E+05
 0.12309999E+03 -0.47256E+05
 0.12314999E+03 -0.43217E+05
 0.12319999E+03 -0.39066E+05
 0.12324999E+03 -0.34939E+05
 0.12330000E+03 -0.31978E+05
 0.12334999E+03 -0.30699E+05
 0.12339999E+03 -0.30877E+05
 0.12344999E+03 -0.31854E+05
 0.12349999E+03 -0.32417E+05
 0.12355000E+03 -0.31695E+05
 0.12359999E+03 -0.30247E+05
 0.12364999E+03 -0.29470E+05
 0.12369999E+03 -0.30136E+05
 0.12374999E+03 -0.31409E+05
 0.12380000E+03 -0.32125E+05
 0.12384999E+03 -0.31573E+05
 0.12389999E+03 -0.29424E+05
 0.12394999E+03 -0.25974E+05
 0.12399999E+03 -0.21682E+05
 0.12405000E+03 -0.16885E+05
 0.12409999E+03 -0.11893E+05
 0.12414999E+03 -0.72310E+04
 0.12419999E+03 -0.29330E+04
 0.12424999E+03  0.19820E+04
 0.12430000E+03  0.91100E+04
 0.12434999E+03  0.18980E+05
 0.12439999E+03  0.30008E+05
 0.12444999E+03  0.40060E+05
 0.12449999E+03  0.47384E+05
 0.12455000E+03  0.51158E+05
 0.12459999E+03  0.52539E+05
 0.12464999E+03  0.53341E+05
 0.12469999E+03  0.52570E+05
 0.12474999E+03  0.47859E+05
 0.12480000E+03  0.39408E+05
 0.12484999E+03  0.29295E+05
 0.12489999E+03  0.19932E+05
 0.12494999E+03  0.13033E+05
 0.12499999E+03  0.94090E+04
 0.12504999E+03  0.97990E+04
 0.12509999E+03  0.14496E+05
 0.12514999E+03  0.22057E+05
 0.12520000E+03  0.29698E+05
 0.12524998E+03  0.35883E+05
 0.12529999E+03  0.41425E+05
 0.12534999E+03  0.48695E+05
 0.12539999E+03  0.59259E+05
 0.12545000E+03  0.71394E+05
 0.12549998E+03  0.81002E+05
 0.12554999E+03  0.85155E+05
 0.12559999E+03  0.84648E+05
 0.12564999E+03  0.82207E+05
 0.12570000E+03  0.79483E+05
 0.12574998E+03  0.76830E+05
 0.12579999E+03  0.73391E+05
 0.12584999E+03  0.67799E+05
 0.12589999E+03  0.59795E+05
 0.12595000E+03  0.50318E+05
 0.12599998E+03  0.40460E+05
 0.12604999E+03  0.30725E+05
 0.12609999E+03  0.21667E+05
 0.12614999E+03  0.14009E+05
 0.12620000E+03  0.78480E+04
 0.12624998E+03  0.29120E+04
 0.12629999E+03 -0.61300E+03
 0.12634999E+03 -0.21690E+04
 0.12639999E+03 -0.13890E+04
 0.12645000E+03  0.20870E+04
 0.12649998E+03  0.78310E+04
 0.12654999E+03  0.14519E+05
 0.12659999E+03  0.21644E+05
 0.12664999E+03  0.29334E+05
 0.12670000E+03  0.37222E+05
 0.12674998E+03  0.44551E+05
 0.12679999E+03  0.50094E+05
 0.12684999E+03  0.52738E+05
 0.12689999E+03  0.52113E+05
 0.12695000E+03  0.47553E+05
 0.12699998E+03  0.38551E+05
 0.12704999E+03  0.26563E+05
 0.12709999E+03  0.14046E+05
 0.12714999E+03  0.22900E+04
 0.12720000E+03 -0.78170E+04
 0.12724998E+03 -0.14941E+05
 0.12729999E+03 -0.18614E+05
 0.12734999E+03 -0.19536E+05
 0.12739999E+03 -0.18656E+05
 0.12745000E+03 -0.16721E+05
 0.12749998E+03 -0.14493E+05
 0.12754999E+03 -0.13081E+05
 0.12759999E+03 -0.13402E+05
 0.12764999E+03 -0.15337E+05
 0.12770000E+03 -0.17995E+05
 0.12774998E+03 -0.19637E+05
 0.12779999E+03 -0.18350E+05
 0.12784999E+03 -0.14232E+05
 0.12789999E+03 -0.97390E+04
 0.12795000E+03 -0.69490E+04
 0.12799998E+03 -0.61820E+04
 0.12804999E+03 -0.80980E+04
 0.12809999E+03 -0.13428E+05
 0.12814999E+03 -0.21550E+05
 0.12820000E+03 -0.31812E+05
 0.12824998E+03 -0.43999E+05
 0.12829999E+03 -0.57669E+05
 0.12834999E+03 -0.72658E+05
 0.12839999E+03 -0.88035E+05
 0.12845000E+03 -0.10104E+06
 0.12849998E+03 -0.10972E+06
 0.12854999E+03 -0.11446E+06
 0.12859999E+03 -0.11656E+06
 0.12864999E+03 -0.11677E+06
 0.12870000E+03 -0.11513E+06
 0.12874998E+03 -0.11206E+06
 0.12879999E+03 -0.10789E+06
 0.12884999E+03 -0.10246E+06
 0.12889999E+03 -0.96125E+05
 0.12895000E+03 -0.89721E+05
 0.12899998E+03 -0.83702E+05
 0.12904999E+03 -0.77499E+05
 0.12909999E+03 -0.70007E+05
 0.12914999E+03 -0.61417E+05
 0.12920000E+03 -0.53036E+05
 0.12924998E+03 -0.46274E+05
 0.12929999E+03 -0.42222E+05
 0.12934999E+03 -0.40021E+05
 0.12939999E+03 -0.38600E+05
 0.12945000E+03 -0.39480E+05
 0.12949998E+03 -0.44018E+05
 0.12954999E+03 -0.50529E+05
 0.12959999E+03 -0.56274E+05
 0.12964999E+03 -0.60648E+05
 0.12970000E+03 -0.64157E+05
 0.12974998E+03 -0.66699E+05
 0.12979999E+03 -0.67901E+05
 0.12984999E+03 -0.67212E+05
 0.12989999E+03 -0.64833E+05
 0.12995000E+03 -0.60465E+05
 0.12999998E+03 -0.52700E+05
 0.13004999E+03 -0.41381E+05
 0.13009999E+03 -0.27728E+05
 0.13014999E+03 -0.13464E+05
 0.13020000E+03 -0.47200E+03
 0.13024998E+03  0.95910E+04
 0.13029999E+03  0.15976E+05
 0.13034999E+03  0.18831E+05
 0.13039999E+03  0.18633E+05
 0.13045000E+03  0.15744E+05
 0.13049998E+03  0.10612E+05
 0.13054999E+03  0.48960E+04
 0.13059999E+03  0.92700E+03
 0.13064999E+03  0.54000E+03
 0.13070000E+03  0.38520E+04
 0.13074998E+03  0.89530E+04
 0.13079999E+03  0.13384E+05
 0.13084999E+03  0.15916E+05
 0.13089999E+03  0.16744E+05
 0.13095000E+03  0.16260E+05
 0.13099998E+03  0.15312E+05
 0.13104999E+03  0.14938E+05
 0.13109999E+03  0.15998E+05
 0.13114999E+03  0.19183E+05
 0.13120000E+03  0.24732E+05
 0.13124998E+03  0.32529E+05
 0.13129999E+03  0.41570E+05
 0.13134999E+03  0.50041E+05
 0.13139999E+03  0.56211E+05
 0.13145000E+03  0.58679E+05
 0.13149998E+03  0.56316E+05
 0.13154999E+03  0.49343E+05
 0.13159999E+03  0.39556E+05
 0.13164999E+03  0.29118E+05
 0.13170000E+03  0.19308E+05
 0.13174998E+03  0.10383E+05
 0.13179999E+03  0.30740E+04
 0.13184999E+03 -0.15240E+04
 0.13189999E+03 -0.35090E+04
 0.13195000E+03 -0.37840E+04
 0.13199998E+03 -0.26100E+04
 0.13204999E+03  0.11200E+03
 0.13209999E+03  0.39800E+04
 0.13214999E+03  0.80370E+04
 0.13220000E+03  0.12442E+05
 0.13224998E+03  0.19167E+05
 0.13229999E+03  0.29096E+05
 0.13234999E+03  0.40905E+05
 0.13239999E+03  0.52437E+05
 0.13245000E+03  0.62547E+05
 0.13249998E+03  0.71579E+05
 0.13254999E+03  0.79422E+05
 0.13259999E+03  0.85159E+05
 0.13264999E+03  0.88927E+05
 0.13270000E+03  0.92140E+05
 0.13274998E+03  0.96127E+05
 0.13279999E+03  0.10160E+06
 0.13284999E+03  0.10881E+06
 0.13289999E+03  0.11729E+06
 0.13295000E+03  0.12520E+06
 0.13299998E+03  0.12986E+06
 0.13304999E+03  0.12992E+06
 0.13309999E+03  0.12659E+06
 0.13314999E+03  0.12207E+06
 0.13320000E+03  0.11818E+06
 0.13324998E+03  0.11618E+06
 0.13329999E+03  0.11635E+06
 0.13334999E+03  0.11779E+06
 0.13339999E+03  0.11848E+06
 0.13345000E+03  0.11724E+06
 0.13349998E+03  0.11477E+06
 0.13354999E+03  0.11201E+06
 0.13359999E+03  0.10897E+06
 0.13364999E+03  0.10490E+06
 0.13370000E+03  0.99420E+05
 0.13374998E+03  0.93982E+05
 0.13379999E+03  0.90368E+05
 0.13384999E+03  0.88345E+05
 0.13389999E+03  0.86768E+05
 0.13395000E+03  0.84559E+05
 0.13399998E+03  0.80324E+05
 0.13404999E+03  0.72885E+05
 0.13409999E+03  0.62896E+05
 0.13414999E+03  0.52222E+05
 0.13420000E+03  0.42293E+05
 0.13424998E+03  0.34739E+05
 0.13429999E+03  0.30881E+05
 0.13434999E+03  0.30344E+05
 0.13439999E+03  0.31640E+05
 0.13445000E+03  0.34061E+05
 0.13449998E+03  0.38549E+05
 0.13454999E+03  0.46534E+05
 0.13459999E+03  0.58018E+05
 0.13464999E+03  0.71034E+05
 0.13470000E+03  0.83905E+05
 0.13474998E+03  0.96321E+05
 0.13479999E+03  0.10758E+06
 0.13484999E+03  0.11637E+06
 0.13489999E+03  0.12204E+06
 0.13495000E+03  0.12522E+06
 0.13499998E+03  0.12749E+06
 0.13504999E+03  0.12958E+06
 0.13509999E+03  0.13036E+06
 0.13514999E+03  0.12837E+06
 0.13520000E+03  0.12400E+06
 0.13524998E+03  0.11943E+06
 0.13529999E+03  0.11612E+06
 0.13534999E+03  0.11476E+06
 0.13539999E+03  0.11625E+06
 0.13545000E+03  0.11996E+06
 0.13549998E+03  0.12413E+06
 0.13554999E+03  0.12716E+06
 0.13559999E+03  0.12816E+06
 0.13564999E+03  0.12753E+06
 0.13570000E+03  0.12604E+06
 0.13574998E+03  0.12442E+06
 0.13579999E+03  0.12308E+06
 0.13584999E+03  0.12277E+06
 0.13589999E+03  0.12454E+06
 0.13595000E+03  0.12824E+06
 0.13599998E+03  0.13167E+06
 0.13604999E+03  0.13226E+06
 0.13609999E+03  0.13031E+06
 0.13614999E+03  0.12780E+06
 0.13620000E+03  0.12582E+06
 0.13624998E+03  0.12441E+06
 0.13629999E+03  0.12249E+06
 0.13634999E+03  0.11915E+06
 0.13639999E+03  0.11452E+06
 0.13645000E+03  0.10925E+06
 0.13649998E+03  0.10424E+06
 0.13654999E+03  0.10049E+06
 0.13659999E+03  0.98629E+05
 0.13664999E+03  0.98282E+05
 0.13670000E+03  0.98635E+05
 0.13674998E+03  0.98985E+05
 0.13679999E+03  0.98947E+05
 0.13684999E+03  0.99221E+05
 0.13689999E+03  0.10111E+06
 0.13695000E+03  0.10369E+06
 0.13699998E+03  0.10454E+06
 0.13704999E+03  0.10262E+06
 0.13709999E+03  0.98218E+05
 0.13714999E+03  0.92649E+05
 0.13720000E+03  0.87456E+05
 0.13724998E+03  0.83664E+05
 0.13729999E+03  0.81711E+05
 0.13734999E+03  0.81584E+05
 0.13739999E+03  0.84046E+05
 0.13745000E+03  0.89840E+05
 0.13749998E+03  0.97753E+05
 0.13754999E+03  0.10590E+06
 0.13759999E+03  0.11398E+06
 0.13764999E+03  0.12223E+06
 0.13770000E+03  0.12980E+06
 0.13774998E+03  0.13570E+06
 0.13779999E+03  0.14000E+06
 0.13784999E+03  0.14359E+06
 0.13789999E+03  0.14768E+06
 0.13795000E+03  0.15308E+06
 0.13799998E+03  0.15955E+06
 0.13804999E+03  0.16550E+06
 0.13809999E+03  0.16872E+06
 0.13814999E+03  0.16744E+06
 0.13820000E+03  0.16143E+06
 0.13824998E+03  0.15275E+06
 0.13829999E+03  0.14379E+06
 0.13834999E+03  0.13571E+06
 0.13839999E+03  0.12948E+06
 0.13845000E+03  0.12513E+06
 0.13849998E+03  0.12088E+06
 0.13854999E+03  0.11423E+06
 0.13859999E+03  0.10423E+06
 0.13864999E+03  0.92434E+05
 0.13870000E+03  0.80869E+05
 0.13874998E+03  0.70469E+05
 0.13879999E+03  0.61377E+05
 0.13884999E+03  0.54302E+05
 0.13889999E+03  0.50783E+05
 0.13895000E+03  0.51649E+05
 0.13899998E+03  0.55873E+05
 0.13904999E+03  0.61274E+05
 0.13909999E+03  0.66434E+05
 0.13914999E+03  0.69728E+05
 0.13920000E+03  0.69032E+05
 0.13924998E+03  0.64294E+05
 0.13929999E+03  0.57535E+05
 0.13934999E+03  0.50733E+05
 0.13939999E+03  0.43905E+05
 0.13945000E+03  0.36323E+05
 0.13949998E+03  0.28876E+05
 0.13954999E+03  0.23165E+05
 0.13959999E+03  0.19171E+05
 0.13964999E+03  0.15399E+05
 0.13970000E+03  0.10567E+05
 0.13974998E+03  0.36060E+04
 0.13979999E+03 -0.57970E+04
 0.13984999E+03 -0.16543E+05
 0.13989999E+03 -0.27387E+05
 0.13995000E+03 -0.38128E+05
 0.13999998E+03 -0.48455E+05
 0.14004999E+03 -0.57583E+05
 0.14009999E+03 -0.65166E+05
 0.14014999E+03 -0.70503E+05
 0.14020000E+03 -0.73513E+05
 0.14024998E+03 -0.74966E+05
 0.14029999E+03 -0.74439E+05
 0.14034999E+03 -0.71262E+05
 0.14039999E+03 -0.66155E+05
 0.14045000E+03 -0.60734E+05
 0.14049998E+03 -0.56183E+05
 0.14054999E+03 -0.52646E+05
 0.14059999E+03 -0.50383E+05
 0.14064999E+03 -0.49756E+05
 0.14070000E+03 -0.50428E+05
 0.14074998E+03 -0.51289E+05
 0.14079999E+03 -0.51008E+05
 0.14084999E+03 -0.50246E+05
 0.14089999E+03 -0.50593E+05
 0.14095000E+03 -0.52479E+05
 0.14099998E+03 -0.55751E+05
 0.14104999E+03 -0.59821E+05
 0.14109999E+03 -0.63710E+05
 0.14114999E+03 -0.65836E+05
 0.14120000E+03 -0.65366E+05
 0.14124998E+03 -0.63419E+05
 0.14129999E+03 -0.61509E+05
 0.14134999E+03 -0.60403E+05
 0.14139999E+03 -0.60677E+05
 0.14145000E+03 -0.62949E+05
 0.14149998E+03 -0.67132E+05
 0.14154999E+03 -0.72785E+05
 0.14159999E+03 -0.79883E+05
 0.14164999E+03 -0.87866E+05
 0.14170000E+03 -0.95210E+05
 0.14174998E+03 -0.10067E+06
 0.14179999E+03 -0.10316E+06
 0.14184999E+03 -0.10206E+06
 0.14189999E+03 -0.97656E+05
 0.14195000E+03 -0.91094E+05
 0.14199998E+03 -0.83831E+05
 0.14204999E+03 -0.76643E+05
 0.14209999E+03 -0.70529E+05
 0.14214999E+03 -0.65896E+05
 0.14220000E+03 -0.62521E+05
 0.14224998E+03 -0.59846E+05
 0.14229999E+03 -0.55854E+05
 0.14234999E+03 -0.49831E+05
 0.14239999E+03 -0.43405E+05
 0.14245000E+03 -0.38911E+05
 0.14249998E+03 -0.37946E+05
 0.14254999E+03 -0.40063E+05
 0.14259999E+03 -0.43354E+05
 0.14264999E+03 -0.46240E+05
 0.14270000E+03 -0.48068E+05
 0.14274998E+03 -0.48510E+05
 0.14279999E+03 -0.47988E+05
 0.14284999E+03 -0.47500E+05
 0.14289999E+03 -0.47539E+05
 0.14295000E+03 -0.47298E+05
 0.14299998E+03 -0.45474E+05
 0.14304999E+03 -0.41680E+05
 0.14309999E+03 -0.35944E+05
 0.14314999E+03 -0.28605E+05
 0.14320000E+03 -0.21238E+05
 0.14324998E+03 -0.15862E+05
 0.14329999E+03 -0.13046E+05
 0.14334999E+03 -0.12295E+05
 0.14339999E+03 -0.12882E+05
 0.14345000E+03 -0.14196E+05
 0.14349998E+03 -0.16265E+05
 0.14354999E+03 -0.19255E+05
 0.14359999E+03 -0.23541E+05
 0.14364999E+03 -0.29124E+05
 0.14370000E+03 -0.35871E+05
 0.14374998E+03 -0.44569E+05
 0.14379999E+03 -0.55758E+05
 0.14384999E+03 -0.68899E+05
 0.14389999E+03 -0.83379E+05
 0.14395000E+03 -0.98736E+05
 0.14399998E+03 -0.11370E+06
 0.14404999E+03 -0.12703E+06
 0.14409999E+03 -0.13761E+06
 0.14414999E+03 -0.14472E+06
 0.14420000E+03 -0.14904E+06
 0.14424998E+03 -0.15165E+06
 0.14429999E+03 -0.15337E+06
 0.14434999E+03 -0.15478E+06
 0.14439999E+03 -0.15637E+06
 0.14445000E+03 -0.15737E+06
 0.14449998E+03 -0.15603E+06
 0.14454999E+03 -0.15221E+06
 0.14459999E+03 -0.14726E+06
 0.14464999E+03 -0.14179E+06
 0.14470000E+03 -0.13515E+06
 0.14474998E+03 -0.12698E+06
 0.14479999E+03 -0.11838E+06
 0.14484999E+03 -0.11235E+06
 0.14489999E+03 -0.11235E+06
 0.14495000E+03 -0.11864E+06
 0.14499998E+03 -0.12858E+06
 0.14504999E+03 -0.13976E+06
 0.14509999E+03 -0.15098E+06
 0.14514999E+03 -0.16152E+06
 0.14520000E+03 -0.17062E+06
 0.14524998E+03 -0.17788E+06
 0.14529999E+03 -0.18357E+06
 0.14534999E+03 -0.18742E+06
 0.14539999E+03 -0.18782E+06
 0.14545000E+03 -0.18381E+06
 0.14549998E+03 -0.17568E+06
 0.14554999E+03 -0.16481E+06
 0.14559999E+03 -0.15351E+06
 0.14564999E+03 -0.14314E+06
 0.14570000E+03 -0.13365E+06
 0.14574998E+03 -0.12427E+06
 0.14579999E+03 -0.11487E+06
 0.14584999E+03 -0.10690E+06
 0.14589999E+03 -0.10205E+06
 0.14595000E+03 -0.10083E+06
 0.14599998E+03 -0.10267E+06
 0.14604999E+03 -0.10588E+06
 0.14609999E+03 -0.10851E+06
 0.14614999E+03 -0.11054E+06
 0.14620000E+03 -0.11271E+06
 0.14624998E+03 -0.11496E+06
 0.14629999E+03 -0.11749E+06
 0.14634999E+03 -0.12049E+06
 0.14639999E+03 -0.12431E+06
 0.14645000E+03 -0.12959E+06
 0.14649998E+03 -0.13592E+06
 0.14654999E+03 -0.14156E+06
 0.14659999E+03 -0.14533E+06
 0.14664999E+03 -0.14798E+06
 0.14670000E+03 -0.14992E+06
 0.14674998E+03 -0.15000E+06
 0.14679999E+03 -0.14730E+06
 0.14684999E+03 -0.14287E+06
 0.14689999E+03 -0.13909E+06
 0.14695000E+03 -0.13758E+06
 0.14699998E+03 -0.13905E+06
 0.14704999E+03 -0.14378E+06
 0.14709999E+03 -0.15087E+06
 0.14714999E+03 -0.15829E+06
 0.14720000E+03 -0.16375E+06
 0.14724998E+03 -0.16645E+06
 0.14729999E+03 -0.16760E+06
 0.14734999E+03 -0.16845E+06
 0.14739999E+03 -0.16928E+06
 0.14745000E+03 -0.16923E+06
 0.14749998E+03 -0.16753E+06
 0.14754999E+03 -0.16494E+06
 0.14759999E+03 -0.16290E+06
 0.14764999E+03 -0.16253E+06
 0.14770000E+03 -0.16369E+06
 0.14774998E+03 -0.16504E+06
 0.14779999E+03 -0.16588E+06
 0.14784999E+03 -0.16666E+06
 0.14789999E+03 -0.16668E+06
 0.14795000E+03 -0.16388E+06
 0.14799998E+03 -0.15719E+06
 0.14804999E+03 -0.14774E+06
 0.14809999E+03 -0.13733E+06
 0.14814999E+03 -0.12700E+06
 0.14820000E+03 -0.11786E+06
 0.14824998E+03 -0.11154E+06
 0.14829999E+03 -0.10895E+06
 0.14834999E+03 -0.10967E+06
 0.14839999E+03 -0.11298E+06
 0.14845000E+03 -0.11854E+06
 0.14849998E+03 -0.12612E+06
 0.14854999E+03 -0.13477E+06
 0.14859999E+03 -0.14298E+06
 0.14864999E+03 -0.15059E+06
 0.14870000E+03 -0.15793E+06
 0.14874998E+03 -0.16411E+06
 0.14879999E+03 -0.16877E+06
 0.14884999E+03 -0.17344E+06
 0.14889999E+03 -0.18011E+06
 0.14895000E+03 -0.18891E+06
 0.14899998E+03 -0.19864E+06
 0.14904999E+03 -0.20884E+06
 0.14909999E+03 -0.21909E+06
 0.14914999E+03 -0.22810E+06
 0.14920000E+03 -0.23482E+06
 0.14924998E+03 -0.23983E+06
 0.14929999E+03 -0.24418E+06
 0.14934999E+03 -0.24760E+06
 0.14939999E+03 -0.24931E+06
 0.14945000E+03 -0.24893E+06
 0.14949998E+03 -0.24643E+06
 0.14954999E+03 -0.24183E+06
 0.14959999E+03 -0.23530E+06
 0.14964999E+03 -0.22714E+06
 0.14970000E+03 -0.21840E+06
 0.14974998E+03 -0.21116E+06
 0.14979999E+03 -0.20578E+06
 0.14984999E+03 -0.20118E+06
 0.14989999E+03 -0.19783E+06
 0.14995000E+03 -0.19628E+06
